Activity Name: stand/
UserID: 2882
StartTime: 0
x	y	z
903	300	12
897	299	7
896	296	17
895	302	9
899	295	19
892	296	19
895	297	9
895	310	12
887	326	35
896	319	22
905	299	7
903	304	28
870	351	54
844	401	44
872	387	112
897	302	84
891	280	12
878	327	33
887	327	94
878	316	88
888	308	47
883	320	73
887	319	73
880	347	79
875	348	79
889	307	71
889	308	60
881	318	70
887	300	76
883	311	76
884	307	91
888	295	80
891	304	70
888	305	83
892	287	92
887	300	88
888	300	91
888	312	99
892	307	92
892	291	91
896	295	91
884	324	99
880	307	108
891	295	88
892	302	88
889	297	96
888	311	88
881	319	111
891	312	113
886	300	111
881	316	97
884	324	108
864	320	124
871	328	124
888	327	104
897	281	102
894	280	105
887	288	119
883	313	115
892	303	108
897	276	102
892	287	100
902	278	105
892	279	108
897	281	115
892	271	108
892	275	115
894	286	115
891	279	120
886	284	121
886	296	131
888	287	127
888	278	121
883	296	119
891	300	119
886	294	124
894	289	112
899	291	112
895	280	115
903	272	112
899	280	116
895	280	118
902	275	131
894	273	132
895	275	135
888	273	143
904	289	156
886	345	203
892	316	217
888	320	220
928	432	297
864	566	368
808	624	414
787	616	505
758	464	393
511	504	131
366	535	95
145	785	-42
135	803	-225
460	844	-356
739	835	-313
752	975	-173
686	787	-178
611	752	-424
462	723	-592
423	503	-705
248	515	-976
246	472	-893
209	577	-905
199	743	-1114
263	499	-850
499	689	-296
267	843	-320
284	580	115
664	716	254
692	689	443
368	700	295
295	822	-77
371	728	-473
696	991	-548
848	1212	-205
704	822	-13
499	632	-424
563	707	-232
479	694	-689
375	588	-857
248	377	-940
240	524	-674
207	735	-733
193	860	-994
424	710	-493
483	705	-162
371	905	-73
540	1008	28
700	547	273
254	764	160
96	753	-20
278	748	-313
664	984	-378
860	1016	-220
723	1171	35
579	704	-369
491	935	-516
380	756	-413
217	764	-308
103	1240	-409
351	1455	-320
534	775	89
305	739	342
-31	955	457
-175	931	289
-298	1207	126
-391	1000	15
-450	940	-180
-420	688	-362
-437	768	-594
-608	679	-601
-180	183	236
-813	867	-433
-869	481	-385
-1081	667	-296
-945	567	-501
-578	350	-737
-218	371	-957
-540	479	-634
-845	515	-472
-953	448	-436
-689	462	-601
-492	494	-648
-504	478	-965
-1402	655	78
-1431	571	511
-977	551	-159
-804	484	-392
-1568	702	-449
-593	436	-847
251	275	-1241
-465	476	-692
-1025	473	-365
-792	441	-417
-644	332	-525
-453	359	-633
-901	687	-372
-946	545	-61
-701	704	-24
-401	476	-160
-253	499	206
-156	585	607
-297	854	854
-125	1611	451
-114	1191	-25
3	931	-40
243	836	-448
679	864	-993
835	1223	-877
919	1103	-201
668	652	275
604	734	-488
537	499	-720
440	172	-1089
359	438	-1144
300	452	-881
190	823	-1064
211	467	-992
416	508	-680
131	839	-257
779	710	44
566	1356	198
743	1008	459
507	860	486
213	600	396
91	439	71
-135	760	-239
-296	1297	-266
19	1628	409
363	409	665
124	735	780
-388	1041	527
-545	1048	236
-600	863	75
-610	959	-185
-477	892	-277
-480	600	-292
-97	344	145
-980	843	-464
-972	504	-237
-1044	527	-288
-1005	569	-316
-733	419	-633
-384	321	-818
-556	199	-576
-652	561	-473
-1021	627	-400
-928	481	-420
-793	436	-530
-463	398	-575
-1007	492	-633
-1460	614	220
-1151	556	327
-840	472	-264
-863	495	-265
-1140	270	-404
-698	236	-514
-468	425	-821
-641	377	-541
-794	448	-377
-1036	655	-420
-1021	407	-610
-906	531	-369
-945	484	-322
-957	377	-228
-829	260	39
-1005	472	16
-1063	636	-89
-941	476	-104
-1015	369	-241
-985	575	-226
-655	297	-599
-584	350	-705
-616	337	-455
-897	694	-388
-1032	456	-260
-825	419	-365
-733	464	-362
-776	486	-452
-658	451	-239
-749	860	-31
-793	728	41
-665	732	3
-461	492	54
-356	248	353
-205	376	635
-58	382	830
-23	1708	300
89	1480	-25
82	1279	-308
216	721	-576
423	536	-969
831	972	-951
952	1160	-253
616	769	-144
569	867	-284
568	783	-457
513	281	-609
371	217	-976
344	572	-956
364	544	-888
355	614	-1069
345	478	-805
400	551	-509
344	672	-357
515	907	-287
726	880	-175
555	751	204
408	563	286
350	779	143
408	822	-220
542	928	-527
732	867	-402
707	1036	-58
652	929	-49
544	687	-289
508	631	-385
448	627	-770
504	611	-916
412	665	-948
399	775	-769
319	704	-625
329	732	-218
380	670	430
264	751	252
324	617	494
99	617	467
343	947	327
579	1007	144
409	967	-73
268	676	-1
558	839	-138
728	905	-178
726	1104	-208
686	894	-82
515	780	-276
521	1036	-349
608	935	-401
672	921	-400
417	1123	-313
220	955	-141
207	652	54
144	369	92
76	294	-253
-85	1270	-786
-68	2028	-904
411	780	-97
776	-705	671
72	111	-146
-258	2000	179
164	1372	808
727	412	748
451	911	796
-101	1030	743
-293	1054	440
-349	1164	172
-386	985	-13
-388	960	-18
-399	713	-106
-445	712	-121
-633	399	-301
-241	475	704
-900	691	-145
-1032	624	-89
-1210	575	-52
-900	510	-394
-452	344	-617
-569	531	-567
-487	273	-509
-810	480	-489
-1082	572	-221
-836	539	-341
-589	473	-520
-609	472	-589
-1417	675	-164
-1262	550	147
-780	667	-104
-573	663	-260
-388	478	-33
-317	448	91
-375	521	326
-276	448	760
-445	1107	712
-514	1231	188
-212	1223	-180
-177	1447	-303
-130	1136	-306
3	1054	-343
54	825	-426
123	944	-656
246	908	-820
244	819	-648
156	820	-513
67	752	-525
17	748	-636
7	804	-769
-5	798	-858
31	880	-900
75	796	-898
179	876	-669
152	736	-633
108	784	-652
124	911	-626
31	775	-589
-97	790	-776
-4	726	-784
-41	784	-784
-57	728	-815
-90	576	-973
-157	489	-1021
-149	511	-930
-144	617	-812
-144	676	-746
-164	732	-714
-207	743	-744
-223	719	-733
-223	729	-713
-253	796	-706
-245	822	-697
-217	812	-633
-232	831	-576
-237	887	-520
-249	824	-466
-253	886	-429
-253	911	-490
-260	883	-441
-264	931	-394
-257	940	-337
-271	955	-329
-269	975	-305
-269	991	-293
-263	979	-269
-272	963	-225
-281	975	-208
-281	969	-153
-282	1011	-124
-288	995	-97
-281	936	-29
-269	935	4
-296	908	-141
-263	724	-189
-263	944	-196
-268	1008	-241
-317	947	-340
-250	969	-440
-225	993	-533
-79	1200	-376
-173	1191	-4
-229	803	-121
-205	830	-244
-217	811	-269
-237	988	-324
-260	1071	-642
-309	1084	-493
-212	972	-473
-32	716	-696
177	588	-818
340	750	-832
377	822	-769
252	880	-596
-4	867	-424
-90	983	-383
-39	859	-506
22	838	-573
112	835	-732
180	838	-780
112	716	-932
-5	695	-949
-193	612	-936
-232	776	-817
-177	1075	-271
99	420	-968
-48	492	-1121
-93	382	-1124
-194	518	-1106
-232	528	-1145
-121	639	-1146
-66	743	-1176
-252	787	-919
-319	531	68
27	-100	820
-208	1129	-177
-130	830	-13
275	1390	-754
-57	1288	-599
-117	1036	-329
-445	1033	-225
-553	691	163
-316	603	239
-249	723	-1281
260	567	-1490
-84	655	-1221
-368	625	-1200
-504	759	-657
-548	406	-418
-253	-116	-343
-40	92	-1393
225	536	-1620
-385	855	-1319
-608	811	-783
-561	680	-378
-356	-129	-582
16	-180	-1172
228	376	-1629
-337	785	-1317
-621	892	-730
-636	796	-293
-381	252	-381
22	-178	-1074
332	371	-1913
-148	672	-1385
-565	795	-759
-601	859	-218
-337	295	-401
-8	-109	-1113
224	263	-1921
-210	608	-1394
-497	793	-956
-591	865	-225
-381	360	-253
-157	-64	-1044
289	273	-1808
-125	478	-1557
-482	696	-1065
-524	953	-199
-498	550	-180
-463	140	-1132
-36	776	-1597
-272	670	-1180
-369	886	-711
-745	1004	-413
-975	1031	-226
-1025	822	-178
-978	803	-223
-753	675	-237
-512	559	-221
-287	302	-292
7	-116	243
-545	51	89
-1111	-93	433
-1492	71	694
-1549	263	446
-1114	563	-153
-573	511	-320
-456	-29	-89
-836	-250	152
-1305	91	835
-1617	120	579
-1337	462	424
-1056	444	239
-930	64	-380
-449	127	-353
-224	-41	-264
-1133	195	124
-1817	-64	991
-1682	96	903
-1209	304	-132
-93	270	-552
145	300	-514
-689	323	-136
-1528	140	444
-2048	57	1100
-1736	-45	713
-1217	207	-108
166	135	-616
232	287	-629
-729	451	-114
-1736	184	616
-2048	143	1129
-1703	68	392
-1009	236	-170
303	127	-628
-26	337	-385
-793	431	-164
-1631	207	486
-2048	110	1043
-1753	35	327
-872	198	-153
432	192	-821
-71	414	-464
-964	339	-72
-1540	60	368
-2048	300	899
-1876	78	696
-1172	551	-525
606	-1	-736
-68	368	-498
-980	116	-225
-1346	159	96
-1293	526	240
-1192	430	446
-1223	635	582
-1529	419	260
-1265	-32	251
-1000	62	-212
-561	576	-473
-263	764	-93
-607	504	8
-1322	224	39
-1748	-196	-361
-1319	-340	-533
-608	422	-241
-125	1376	236
-679	792	118
-1284	244	-90
-1727	-309	-599
-1209	-505	-416
-656	335	-530
-157	1326	305
-727	1139	60
-1389	76	-189
-1613	-421	-530
-1117	-248	-544
-503	647	-287
-253	1259	304
-936	663	-66
-1640	-356	-561
-1271	-317	-756
-589	398	-324
-200	1020	284
-569	835	-13
-866	391	-304
-1009	310	-535
-1073	206	-465
-1090	179	-452
-996	350	-605
-877	515	-592
-848	555	-598
-845	536	-581
-820	534	-524
-797	444	-529
-800	319	-562
-826	345	-657
-753	499	-618
-712	617	-537
-720	686	-497
-712	647	-484
-680	459	-496
-729	353	-592
-737	502	-665
-669	668	-577
-680	728	-548
-676	740	-519
-593	585	-458
-637	446	-561
-664	556	-732
-537	672	-711
-538	735	-649
-596	785	-621
-589	760	-552
-581	604	-492
-672	571	-634
-610	764	-758
-481	831	-652
-497	792	-616
-468	780	-588
-424	624	-552
-532	470	-620
-628	574	-783
-537	771	-772
-500	816	-626
-509	796	-572
-461	744	-569
-447	572	-552
-561	465	-656
-609	596	-775
-538	776	-744
-527	806	-615
-537	784	-592
-500	743	-588
-460	614	-536
-552	508	-617
-596	593	-749
-524	726	-714
-551	736	-616
-568	755	-593
-519	753	-591
-473	632	-546
-546	518	-621
-593	616	-737
-541	761	-708
-541	775	-589
-549	764	-564
-516	729	-591
-495	620	-570
-538	471	-609
-648	508	-733
-573	783	-770
-464	871	-580
-495	835	-594
-457	772	-580
-441	575	-545
-596	432	-697
-599	601	-813
-464	815	-746
-448	831	-608
-460	783	-588
-464	680	-584
-521	536	-577
-612	524	-706
-543	715	-797
-457	824	-671
-481	801	-607
-468	750	-593
-492	604	-575
-564	468	-602
-648	531	-737
-552	743	-765
-473	812	-636
-481	792	-592
-481	753	-594
-468	611	-540
-593	478	-624
-636	579	-762
-520	758	-733
-490	783	-644
-489	807	-608
-468	739	-569
-493	571	-535
-612	499	-633
-634	636	-762
-525	788	-692
-509	783	-633
-522	759	-602
-498	716	-589
-498	583	-570
-605	495	-610
-621	615	-714
-490	764	-656
-468	794	-576
-492	767	-559
-484	615	-557
-564	480	-594
-641	545	-762
-506	723	-706
-449	728	-624
-442	732	-609
-394	676	-594
-418	519	-577
-509	460	-693
-493	582	-788
-392	710	-777
-372	758	-796
-336	745	-776
-328	652	-762
-401	516	-861
-466	504	-980
-394	572	-925
-370	643	-922
-378	752	-945
-442	926	-1017
-599	977	-1105
-744	959	-898
-799	702	-797
-738	347	-717
-717	115	-788
-569	3	-751
-244	-148	-209
-120	728	-457
-294	1228	-674
-568	972	-404
-1192	459	-569
-1560	-26	-898
-1057	-81	-703
-498	216	-672
-305	1000	-376
-442	1254	-190
-901	743	-404
-1360	41	-679
-1201	-148	-868
-609	44	-708
-122	927	-373
-301	1321	-373
-770	803	-405
-1585	99	-813
-1423	-265	-876
-728	-93	-781
-136	689	-536
-112	1232	-372
-581	952	-407
-1284	460	-554
-1568	-104	-832
-1101	-202	-885
-397	120	-829
22	790	-469
-300	1171	-349
-853	855	-448
-1617	265	-761
-1480	-72	-852
-823	-129	-925
-8	167	-676
78	494	-573
-505	1216	-482
-1196	1083	-424
-1661	271	-674
-1381	-173	-916
-572	-314	-912
59	147	-681
-8	1086	-528
-649	1311	-327
-1389	615	-535
-1742	-24	-865
-1221	-313	-858
-335	28	-778
204	391	-648
-168	1023	-628
-872	1088	-293
-1680	631	-432
-1729	44	-605
-1058	-249	-836
-240	-72	-857
118	417	-730
-244	880	-505
-916	879	-348
-1677	682	-409
-1709	172	-516
-1045	-89	-788
-216	-13	-756
217	295	-802
-196	672	-733
-1009	1004	-336
-1783	851	-218
-1749	318	-533
-1048	19	-1002
-77	-104	-865
240	391	-740
-447	1008	-452
-1076	1065	-271
-1469	387	-417
-1545	-298	-936
-873	-97	-1044
-61	480	-548
72	1267	-415
-524	1168	-367
-1389	432	-584
-1640	-122	-820
-1096	-282	-713
-434	496	-770
63	1185	-120
-328	1416	-305
-1008	408	-397
-1485	-184	-730
-1170	-297	-759
-609	391	-672
-221	1209	-157
-433	1406	-98
-919	467	-402
-1448	-113	-765
-1146	-285	-889
-554	359	-722
51	1196	12
-525	1527	-183
-1177	385	-460
-1545	-79	-872
-948	-47	-833
-272	448	-601
-82	1270	28
-744	1208	-180
-1305	246	-609
-1304	-76	-858
-673	88	-852
-159	792	-288
-322	1599	12
-944	731	-330
-1416	188	-745
-1145	-298	-927
-593	270	-648
-68	1131	-4
-456	1579	-160
-1044	591	-413
-1442	3	-840
-1017	-345	-701
-610	307	-554
-345	1267	-89
-433	1415	140
-1060	540	-461
-1442	-105	-751
-962	-241	-529
-415	566	-281
-288	1276	-44
-737	1176	20
-1256	448	-463
-1360	-79	-672
-852	-244	-564
-497	591	-498
-260	1155	94
-753	1248	-7
-1193	443	-359
-1300	-215	-720
-823	-84	-858
-423	507	-541
-385	931	-237
-829	1196	-101
-1258	934	159
-1225	683	-8
-749	110	-532
-333	228	-593
-674	526	87
-1255	678	467
-1312	846	688
-1159	1104	-127
-559	631	-682
-242	316	-628
-642	137	44
-1274	380	609
-1375	713	775
-1284	849	-106
-596	760	-455
-242	275	-868
-397	150	-210
-1133	487	395
-1625	568	780
-1369	550	483
-831	520	-244
-193	611	-832
-407	307	-564
-1026	728	430
-1465	459	655
-1362	307	542
-1122	252	-33
-653	680	-437
-377	548	-721
-537	376	-244
-1145	592	393
-1581	448	615
-1378	239	281
-948	555	-320
-344	528	-637
-317	352	-489
-839	412	-133
-1409	615	248
-1383	460	-1
-938	561	-456
-513	429	-517
-543	504	-303
-832	440	-245
-962	359	-264
-1060	403	-498
-989	508	-621
-877	547	-541
-853	553	-506
-765	551	-367
-748	515	-359
-800	505	-480
-759	528	-541
-784	528	-532
-833	556	-469
-788	571	-418
-757	553	-429
-789	535	-516
-760	515	-560
-765	494	-567
-818	540	-493
-753	600	-445
-720	553	-429
-772	515	-532
-777	521	-609
-720	558	-559
-764	576	-509
-799	611	-460
-765	615	-469
-701	499	-493
-773	396	-583
-798	467	-624
-704	595	-588
-712	667	-521
-729	676	-460
-709	585	-437
-705	425	-496
-820	399	-637
-765	615	-663
-628	711	-567
-685	680	-480
-733	608	-452
-692	499	-463
-725	398	-552
-781	524	-648
-666	686	-633
-650	724	-562
-724	678	-516
-724	608	-474
-679	448	-496
-770	396	-609
-752	544	-684
-640	651	-649
-690	667	-600
-729	647	-522
-720	591	-485
-672	479	-480
-740	446	-573
-740	551	-676
-655	632	-687
-688	624	-609
-744	592	-503
-721	599	-441
-660	532	-433
-713	473	-524
-737	555	-632
-641	656	-666
-711	668	-610
-746	668	-497
-653	616	-401
-672	460	-472
-765	444	-607
-674	625	-689
-609	681	-677
-689	633	-592
-708	620	-489
-680	611	-444
-708	591	-530
-685	657	-629
-599	673	-653
-657	604	-592
-712	600	-505
-672	624	-472
-688	590	-528
-676	630	-605
-609	630	-641
-663	595	-591
-720	630	-520
-680	667	-479
-657	619	-482
-665	608	-561
-631	628	-616
-640	632	-602
-704	657	-545
-672	679	-500
-645	564	-482
-712	492	-569
-688	575	-610
-628	752	-594
-632	788	-537
-674	713	-488
-634	591	-447
-685	472	-524
-733	556	-612
-625	755	-628
-607	776	-564
-693	697	-503
-634	668	-429
-629	575	-452
-684	515	-535
-697	647	-612
-596	771	-600
-660	760	-520
-672	711	-450
-640	673	-426
-645	568	-473
-700	508	-557
-705	625	-605
-617	735	-572
-663	771	-493
-649	758	-416
-624	686	-393
-636	548	-449
-720	499	-561
-722	638	-604
-594	787	-557
-628	816	-488
-647	767	-415
-616	676	-421
-648	527	-481
-744	526	-584
-685	716	-621
-591	801	-564
-639	750	-463
-649	699	-397
-600	664	-404
-609	643	-481
-616	671	-572
-639	687	-584
-712	707	-521
-685	739	-433
-642	705	-413
-648	668	-477
-605	684	-546
-593	687	-576
-642	655	-528
-676	684	-477
-668	696	-448
-660	671	-461
-637	702	-530
-605	734	-552
-615	705	-506
-655	681	-465
-625	673	-429
-639	634	-461
-652	679	-556
-596	764	-604
-616	735	-532
-665	708	-455
-620	688	-397
-631	627	-434
-652	667	-537
-596	792	-610
-549	775	-561
-648	659	-497
-676	624	-453
-672	646	-445
-672	679	-506
-594	780	-557
-552	743	-554
-621	664	-516
-653	657	-488
-648	683	-476
-655	684	-505
-601	748	-541
-554	723	-527
-615	668	-498
-653	684	-484
-644	700	-488
-719	700	-552
-793	849	-584
-904	984	-519
-1106	1003	-288
-1201	620	-274
-1144	428	-322
-1021	321	-456
-776	443	-272
-536	396	-266
-170	195	-367
-137	147	-460
-557	383	-335
-1236	302	39
-2048	463	928
-1877	300	803
-1261	441	-193
-17	217	-711
112	288	-690
-672	371	-170
-1561	286	480
-1970	382	729
-1537	407	192
-522	412	-407
112	83	-468
-736	387	-95
-1514	158	332
-1852	190	830
-1544	267	423
-625	368	-324
233	326	-756
-448	245	-375
-1400	361	376
-2024	289	897
-1668	150	358
-664	395	-252
110	243	-672
-376	355	-345
-1082	384	127
-1549	137	280
-1551	307	152
-996	393	48
-784	265	-95
-861	319	-50
-1017	312	72
-1156	262	116
-1176	336	134
-1082	201	8
-948	143	-90
-793	327	-52
-965	412	-37
-1204	404	188
-1385	319	380
-1412	144	295
-1047	351	-121
-276	318	-506
-40	144	-477
-648	246	-162
-1599	315	216
-2048	228	812
-1636	-32	416
-592	425	-317
139	171	-703
-333	113	-343
-1160	367	52
-1937	268	624
-1924	236	688
-1332	271	97
-292	150	-497
179	92	-605
-657	345	-305
-1513	220	368
-2048	319	872
-1703	193	359
-1004	214	-192
207	136	-751
-31	230	-532
-1040	268	54
-1938	283	593
-2048	304	687
-1421	259	17
-394	191	-444
209	127	-696
-516	196	-335
-1145	407	-128
-1204	311	-104
-1312	308	-16
-1101	415	113
-1133	419	110
-938	419	231
-1168	492	207
-1389	359	134
-1160	271	152
-786	295	-241
-548	688	-409
-521	540	3
-893	513	-4
-1480	99	-370
-1474	-207	-552
-1005	56	-402
-484	608	-109
-351	1223	224
-785	720	32
-1458	39	-440
-1481	-229	-705
-916	-109	-397
-532	576	-177
-460	1161	215
-852	856	3
-1456	9	-519
-1428	-288	-720
-937	-71	-441
-561	599	-208
-469	1046	211
-842	835	9
-1357	80	-421
-1412	-284	-665
-1039	-210	-565
-689	380	-288
-386	961	176
-690	1139	0
-1215	295	-333
-1538	99	-624
-1344	31	-532
-943	-125	-74
-625	120	-16
-687	408	-218
-648	547	96
-776	600	-57
-964	515	-21
-1434	88	-287
-1418	-193	-413
-1042	54	-380
-596	636	-253
-376	880	22
-735	707	-183
-1162	374	-356
-1313	155	-660
-1056	156	-680
-904	-8	-168
-1087	51	264
-1216	383	455
-1277	504	337
-1041	535	348
-666	486	-290
-292	167	-258
-852	159	73
-1537	79	742
-1666	100	1000
-1311	435	679
-1124	303	-412
-136	80	-594
-89	35	-433
-785	396	63
-1592	123	760
-1877	-99	815
-1344	-77	304
-381	521	-501
96	192	-633
-652	145	-168
-1584	332	600
-2034	116	873
-1636	39	368
-725	199	-180
152	251	-689
-328	278	-314
-1164	224	65
-1808	56	633
-1938	299	752
-1524	236	112
-441	144	-370
208	99	-711
-452	172	-373
-1418	344	260
-2048	312	792
-1793	216	414
-1240	104	24
-292	151	-516
44	249	-631
-569	196	-151
-1583	320	376
-2048	135	728
-1553	30	372
-869	192	-257
24	79	-573
-239	188	-432
-954	289	-104
-1856	267	574
-2015	142	736
-1426	120	-20
-265	163	-565
199	127	-704
-690	273	-252
-1231	212	-84
-1210	206	-138
-1208	214	-29
-1212	543	176
-1271	391	223
-1440	265	255
-1168	420	230
-856	478	-212
-514	299	-349
-573	163	-208
-1069	295	243
-1544	198	728
-1369	112	510
-881	614	-311
-493	716	-437
-455	440	-84
-868	527	-40
-1572	44	-441
-1496	-313	-580
-964	177	-400
-456	679	-72
-336	1203	198
-729	561	-13
-1480	46	-564
-1493	-367	-720
-900	-31	-413
-504	799	-89
-489	1251	188
-804	668	-88
-1469	39	-616
-1433	-335	-740
-932	63	-439
-506	671	-308
-357	1056	84
-781	881	-96
-1421	112	-468
-1441	-320	-784
-957	39	-689
-476	696	-303
-287	1112	38
-685	683	-232
-1160	156	-618
-1154	71	-569
-916	287	-224
-860	616	-356
-879	399	-319
-948	366	-288
-1055	86	-261
-1258	430	-226
-1325	380	-317
-978	423	-189
-466	803	-281
-293	708	-137
-593	611	-180
-1257	216	-484
-1464	-221	-756
-1119	63	-177
-776	508	-296
-501	759	-210
-573	967	-106
-872	483	-354
-1160	150	-639
-1201	-40	-532
-968	379	-242
-957	711	-322
-818	524	-253
-700	432	-193
-904	360	-324
-1063	263	-280
-1028	332	-233
-959	502	-180
-951	337	-172
-967	376	-233
-969	295	-293
-884	312	-320
-895	312	-300
-884	372	-281
-941	387	-333
-948	352	-328
-946	371	-306
-968	321	-333
-941	331	-330
-936	342	-320
-932	347	-319
-945	327	-320
-933	319	-321
-967	328	-341
-936	323	-313
-941	339	-322
-948	337	-305
-946	339	-321
-948	323	-321
-928	328	-305
-953	335	-343
-948	319	-333
-929	345	-314
-949	367	-322
-945	337	-301
-972	304	-305
-928	360	-264
-925	403	-308
-944	352	-312
-941	361	-290
-952	384	-301
-944	336	-285
-945	353	-290
-948	375	-293
-936	351	-287
-948	372	-297
-936	359	-289
-943	359	-296
-940	361	-296
-945	364	-286
-936	374	-289
-946	364	-292
-936	371	-295
-937	360	-289
-943	359	-301
-935	387	-292
-957	366	-301
-953	360	-309
-928	366	-288
-922	398	-282
-925	383	-308
-945	385	-276
-967	352	-260
-961	323	-249
-941	369	-244
-925	407	-273
-932	403	-233
-940	376	-264
-948	380	-269
-946	380	-285
-944	382	-259
-953	409	-274
-937	383	-250
-945	367	-247
-941	393	-273
-944	368	-255
-925	378	-260
-949	409	-269
-951	376	-281
-916	380	-250
-943	396	-260
-945	377	-257
-945	391	-240
-936	432	-225
-928	396	-276
-929	396	-266
-936	411	-266
-936	414	-268
-941	382	-249
-938	409	-264
-941	388	-263
-930	385	-257
-943	401	-281
-928	408	-260
-932	391	-269
-932	403	-271
-938	399	-280
-933	396	-266
-934	399	-280
-932	403	-273
-925	377	-266
-938	399	-274
-936	408	-276
-944	367	-271
-945	403	-281
-948	391	-288
-924	391	-282
-930	416	-281
-916	391	-237
-948	390	-269
-948	375	-285
-927	407	-221
-925	391	-281
-936	414	-288
-936	391	-269
-932	400	-301
-936	380	-297
-932	400	-279
-945	407	-285
-922	374	-269
-945	387	-292
-925	398	-281
-945	382	-281
-936	383	-264
-933	399	-269
-936	398	-288
-936	380	-271
-941	385	-274
-935	399	-279
-938	368	-284
-943	377	-269
-935	400	-269
-937	399	-277
-941	387	-276
-937	385	-256
-946	387	-264
-938	380	-264
-936	398	-257
-933	396	-253
-932	396	-240
-935	401	-276
-940	384	-266
-937	409	-276
-946	393	-252
-930	391	-257
-940	392	-264
-935	408	-247
-949	391	-257
-945	393	-248
-941	399	-255
-922	401	-250
-941	392	-252
-940	390	-253
-935	396	-250
-932	387	-224
-920	400	-200
-868	395	-146
-941	304	-153
-996	271	-137
-967	230	-152
-893	384	-292
-788	529	-441
-736	591	-687
-663	632	-745
-666	646	-820
-674	611	-722
-701	564	-672
-724	519	-564
-727	551	-546
-720	550	-546
-717	575	-561
-720	590	-548
-745	584	-569
-757	632	-560
-765	627	-520
-786	710	-485
-778	630	-375
-780	552	-260
-772	606	-125
-762	528	-48
-783	598	-45
-793	675	-49
-802	659	-20
-809	692	-36
-818	668	-16
-817	665	12
-826	657	28
-817	632	48
-800	673	91
-792	623	126
-800	608	139
-813	635	103
-805	628	113
-818	668	112
-826	646	81
-833	643	103
-820	632	102
-813	624	99
-813	643	112
-817	617	111
-829	641	103
-821	615	92
-825	623	97
-832	627	86
-823	630	89
-825	643	84
-832	636	67
-833	639	71
-839	710	65
-852	772	-24
-900	751	-109
-957	662	-135
-945	467	-88
-913	345	-18
-864	484	-144
-625	263	254
-856	451	-100
-951	364	-128
-1039	275	-73
-1098	199	-157
-1152	25	-245
-1085	151	-218
-1097	352	-257
-968	383	-229
-869	323	6
-965	302	291
-1168	364	455
-1274	384	510
-1157	368	662
-1056	97	575
-1117	39	-32
-791	148	-477
-153	230	-393
-265	387	-288
-841	240	-148
-1789	113	704
-1996	24	1215
-1493	24	280
-535	423	-377
288	167	-642
-420	251	-404
-1125	111	119
-1977	193	1091
-2037	118	1025
-1471	398	-5
-89	163	-653
455	105	-791
-672	360	-196
-1693	289	620
-2048	228	1164
-1625	-15	359
-865	321	-575
511	55	-776
-385	366	-352
-935	172	-1
-930	422	35
-920	382	151
-698	89	143
-557	369	28
-569	227	-66
-306	422	151
-212	1553	111
-320	1979	-61
65	1279	-564
7	1336	-836
134	1048	-751
320	711	-514
542	471	-642
723	556	-1037
807	543	-860
984	1088	-265
851	899	-71
663	871	-61
639	678	-404
600	496	-618
464	760	-765
348	844	-810
224	822	-595
172	774	-509
135	567	-484
470	960	-616
878	1020	-800
449	774	-729
30	665	-432
-93	696	866
6	883	463
-32	1019	-946
1168	926	-1716
604	619	-1420
143	728	-722
-273	788	1047
-64	915	531
-237	1104	-796
1043	792	-1797
643	563	-1416
227	719	-765
-186	654	179
56	983	494
-64	926	-201
6	991	-573
518	855	-709
604	526	-434
363	783	-279
448	688	-567
572	897	-996
684	1276	-665
579	883	-320
622	809	-519
779	944	-637
611	831	-737
108	611	-624
-220	710	-164
-162	748	319
96	622	156
153	687	-839
883	1272	-1433
1048	651	-914
364	627	-948
-287	755	247
-264	972	774
-285	828	-353
496	1161	-1561
969	455	-1656
423	579	-913
63	524	-381
-167	920	655
-314	801	135
-77	1009	-642
460	860	-1229
620	611	-1181
342	736	-440
323	615	-132
198	728	-330
259	686	-991
536	838	-1143
608	1080	-625
499	796	-314
627	648	-103
545	763	-612
408	-17	-957
227	184	-1476
312	28	-1120
396	600	-825
439	543	-906
344	225	-972
417	131	-1116
467	64	-1168
328	742	-890
-76	1847	-1025
582	-912	-962
579	1710	-381
188	630	159
408	327	244
451	854	-104
519	1000	-576
832	1113	-781
708	988	-349
535	843	92
719	799	-498
611	951	-890
55	715	-826
-199	764	-1
-96	447	184
56	583	-346
704	1031	-1305
1158	833	-1594
156	716	-1124
-228	739	-292
-320	724	908
-104	847	214
65	787	-1280
1097	593	-1992
415	492	-1461
76	467	-385
-316	915	531
-121	953	-108
-157	848	-648
408	1164	-1127
431	782	-884
328	607	-560
172	390	-545
344	449	-776
667	1047	-893
627	1375	-573
499	728	-264
515	799	-197
478	748	-492
441	559	-696
400	94	-967
273	344	-1108
184	631	-1063
147	472	-1076
286	719	-996
519	585	-976
196	744	-687
147	440	-192
415	1025	-209
457	839	-601
409	1019	-397
316	1035	-792
31	816	-272
-168	983	668
-146	764	33
-201	819	-576
732	911	-1481
454	663	-1256
316	719	-825
-58	732	-10
-157	976	156
-58	875	-561
-16	969	-696
220	624	-217
246	638	-434
480	529	-861
655	696	-1106
705	1104	-877
528	1007	-448
396	792	-96
438	912	-600
487	881	-872
385	975	-1041
350	967	-721
470	568	-101
185	505	12
-64	606	-372
-156	1272	-741
158	1401	-589
486	816	16
286	395	113
-113	888	67
-237	1240	225
182	1179	241
232	752	104
-25	944	144
-130	1036	110
-125	911	7
-104	887	-7
-113	1004	80
-66	1212	140
-1	1427	86
-263	1340	-200
-433	1087	-308
-668	1040	-385
-609	863	-311
-629	752	-250
-233	479	560
-999	465	-532
-765	359	-698
142	272	-1268
51	467	-984
-620	560	-772
-1528	595	-193
-1911	606	780
-1444	500	2
-1057	591	-916
991	272	-1682
-84	446	-1045
-905	484	-717
-1760	604	339
-1732	615	654
-1521	639	-621
-264	481	-1178
806	399	-1391
-588	534	-730
-951	374	-589
-1025	659	-421
-820	529	212
-589	451	-89
-616	751	-8
-601	503	99
-431	-8	191
-429	731	-64
-168	1591	-455
600	1614	-673
239	839	-936
92	343	-973
536	764	-799
579	1208	-983
784	1008	-554
671	798	268
531	715	-407
508	928	-922
359	783	-1009
104	688	-653
76	736	-121
255	633	-13
207	817	-660
891	1033	-1108
688	793	-1256
147	704	-903
-157	807	320
-156	892	827
-410	727	-524
755	784	-2048
412	579	-1956
76	545	-999
-132	894	880
-285	700	344
-104	870	-1315
438	615	-1692
252	649	-1552
-56	476	-648
-45	966	206
-77	694	-745
-385	671	-690
-45	608	-737
63	665	-965
-45	732	-1063
-100	739	-897
-127	711	-820
-114	707	-785
-73	775	-761
-31	807	-742
6	791	-722
-42	711	-729
-85	732	-717
-79	799	-684
-93	819	-650
-97	827	-663
-105	801	-671
-121	684	-711
-178	704	-796
-84	812	-801
-37	811	-762
-108	792	-685
-109	804	-621
-93	751	-664
-116	652	-696
-186	632	-738
-173	636	-642
-100	758	-645
-63	840	-773
-45	752	-802
59	475	-816
195	227	-808
358	184	-1061
631	440	-1336
631	577	-1153
593	719	-810
510	643	-769
480	785	-829
395	1137	-746
292	824	-857
120	599	-928
56	607	-308
-104	735	33
-249	575	-413
134	688	-802
224	579	-1018
131	803	-720
598	856	-633
435	892	-576
236	748	-639
409	647	-468
559	601	-196
824	624	204
905	647	299
993	480	206
727	647	227
622	494	364
704	368	528
670	158	535
668	-15	332
844	112	273
939	399	280
1136	488	347
888	560	417
524	583	547
316	1073	623
307	1080	359
527	775	305
668	688	502
575	332	364
524	915	-95
519	1496	-136
515	896	89
195	433	51
-64	822	-248
-189	2047	-708
51	1695	-162
736	-63	1036
342	-164	1120
-362	812	569
-578	1015	508
-580	900	259
-569	655	-72
-625	611	-185
-568	591	-206
-516	366	-258
-233	176	337
-266	595	63
-805	806	-628
-308	831	-652
-276	1033	-823
-509	947	-626
-695	684	-536
-733	452	-489
-570	916	-314
-761	635	-229
-1080	400	-328
-957	727	-312
-597	871	-561
-240	702	-393
8	423	-450
-33	-76	-336
-132	-45	-305
-408	582	-424
-793	1334	-957
-196	1225	-552
296	1451	-1112
396	935	-959
508	983	-517
800	872	-537
972	1176	-541
939	1011	-212
577	785	-231
505	1063	-530
395	990	-479
287	993	-296
201	1118	-277
483	1487	-73
599	631	262
359	726	574
-77	974	592
-345	919	254
-510	927	-100
-561	976	-225
-620	775	-215
-625	775	-229
-641	593	-360
-680	670	-426
-589	620	-546
-604	828	-506
-548	278	64
-437	419	385
-541	844	-184
-665	380	-89
-537	-80	-289
-517	1031	-456
-668	1276	-57
-609	647	-232
-452	444	-360
-266	583	-512
-279	886	-501
-253	577	-329
-176	398	-333
-140	631	-380
-194	872	-892
-415	1203	-1145
-276	847	-808
12	864	-585
286	967	-536
679	1297	-650
616	956	-816
793	1195	-621
764	823	-266
555	598	-326
648	720	-604
409	960	-802
423	671	-658
241	679	-490
351	760	-389
335	814	-378
303	719	-273
423	912	-724
655	855	-1028
364	1016	-976
199	812	-871
3	752	-447
-23	563	707
-18	663	176
-148	1027	-912
776	641	-1648
-20	815	-889
327	732	-1122
-104	897	248
113	817	-266
-639	524	-360
48	1094	-400
892	695	-1839
32	828	-1009
387	323	-1232
73	662	-176
-16	1075	-141
54	748	-386
46	793	-520
-98	830	-1217
47	574	-1135
115	783	-751
103	831	-540
48	873	-469
43	852	-536
72	870	-593
104	880	-596
124	864	-556
126	887	-497
139	892	-504
143	920	-519
124	899	-520
103	881	-490
113	876	-468
131	848	-497
83	876	-505
112	892	-512
111	911	-525
89	905	-519
87	899	-519
88	888	-513
92	871	-508
87	860	-504
88	867	-492
106	864	-455
95	854	-392
94	816	-305
65	792	-369
88	935	-546
64	793	-640
55	566	-607
352	508	-657
751	748	-806
1027	918	-800
838	1094	-369
583	673	-252
463	718	-580
435	881	-865
371	892	-800
279	750	-591
160	615	-433
176	728	-204
67	628	-216
115	902	-505
876	931	-1466
339	720	-1151
396	799	-996
-5	719	-340
-98	902	433
-479	409	-40
-93	1214	-844
892	675	-1569
14	871	-844
337	655	-1329
-52	996	-157
-200	1358	-314
-281	1248	-663
-409	1176	-634
-424	927	-308
-484	1035	102
-653	908	56
-776	856	-122
-729	563	-241
-676	519	-345
-656	558	-392
-573	551	-141
-436	444	-103
-530	518	-385
-588	323	-141
-573	600	-185
-559	720	-25
-820	435	54
-936	1035	81
-786	391	23
-970	172	124
-1009	531	153
-817	344	195
-724	406	99
-665	508	11
-698	489	-26
-655	281	-156
-461	87	-292
-313	191	-397
-130	507	-612
-113	1158	-983
-287	1395	-1924
-588	840	-1428
-128	560	-266
415	1104	-690
254	1001	-973
345	927	-866
625	776	-609
977	940	-343
867	576	-272
696	556	-477
552	827	-1012
352	831	-948
295	889	-730
227	903	-584
451	892	-236
382	1003	-228
143	683	-25
22	240	-4
-101	225	-360
-176	679	-813
-196	1728	-1421
227	1487	-1000
580	416	24
355	412	337
-113	796	28
-495	1833	-121
147	1331	334
455	519	615
-356	1342	487
-601	1063	176
-609	1052	-120
-660	892	-409
-569	577	-394
-525	839	-303
-279	486	99
-188	219	224
-993	696	-232
-1009	248	91
-1063	446	60
-1077	254	-29
-1025	227	-226
-573	403	-673
-484	467	-604
-781	321	-352
-984	559	-479
-673	371	-487
-385	391	-705
-1548	768	-113
-1657	272	537
-791	567	-32
-288	630	-441
-20	422	35
-516	848	-33
-605	457	56
-514	358	305
-161	744	620
-116	1249	156
123	1140	-1184
220	1337	-1313
118	467	-1172
208	71	-980
702	609	-1073
719	972	-969
676	878	-416
504	593	-397
547	615	-543
595	838	-514
448	792	-817
443	636	-964
224	817	-906
227	604	-645
262	537	-241
211	851	-365
240	705	-420
227	825	-205
271	888	-297
667	1052	-1133
515	847	-1253
427	780	-1021
-93	588	-231
-209	864	430
121	494	-61
-424	783	-561
916	848	-1994
-17	475	-889
182	643	-484
81	508	-383
219	1011	-385
216	977	-292
204	670	-365
324	599	-621
607	828	-845
790	1118	-754
856	971	-265
681	496	-340
632	768	-703
515	1063	-829
408	689	-900
223	704	-637
87	904	-330
206	812	-146
311	1126	-269
187	1016	-93
207	956	60
32	727	-58
23	382	-72
-5	304	-340
-125	967	-668
-44	2047	-1159
374	1136	-157
527	-13	536
-111	455	51
-352	1356	-42
-264	1683	432
14	710	905
81	224	743
-633	1059	696
-856	1235	439
-613	915	273
-561	823	-53
-552	624	-484
-365	937	-473
296	39	479
-1073	760	-352
-953	372	-77
-876	606	56
-957	513	-252
-1017	460	-149
-1148	531	-207
-416	414	-644
-674	368	-770
-482	572	-477
-1056	679	-495
-861	396	-437
-544	423	-570
-1508	627	216
-1640	583	897
-901	415	287
-1279	540	-508
-1082	435	-407
-392	324	-921
121	273	-948
-445	550	-669
-1337	446	-180
-936	383	-328
-68	408	-600
-906	691	-613
-1383	300	-52
-1122	671	144
-640	595	-39
-242	583	-132
-336	401	-61
-404	268	67
-317	639	484
-146	1169	465
79	1401	-744
460	1415	-957
-109	1016	-964
79	420	-628
608	734	-873
803	825	-1050
929	1025	-569
755	796	-103
504	628	-274
607	782	-336
513	705	-668
478	204	-956
272	588	-825
304	415	-765
364	364	-1000
327	428	-1288
368	460	-1001
331	555	-863
427	700	-431
201	817	-217
480	968	-364
220	803	240
544	628	307
491	419	352
227	1039	4
364	556	-488
688	872	-916
938	1304	-561
664	924	-87
487	744	-117
622	1036	-385
551	1043	-421
505	932	-313
287	1055	-277
24	1094	-369
-106	323	463
-103	588	778
143	870	620
131	935	655
87	828	524
-52	814	444
43	671	612
163	635	851
91	742	684
3	663	699
-47	542	792
-127	847	551
-116	281	647
-68	1291	696
252	441	433
160	1160	-170
176	1304	-202
172	1228	-199
232	1352	-232
-60	1305	-138
-111	383	518
30	577	382
11	847	654
-40	823	569
-97	632	801
-79	736	811
-21	660	833
20	507	780
-8	638	888
-20	532	831
39	440	920
48	349	931
63	361	1103
124	296	972
105	344	1078
-168	563	1155
-66	483	1123
-1	295	1007
-80	376	857
-18	457	844
75	364	895
-153	672	736
-80	478	953
-88	560	815
-280	575	771
-204	975	688
-39	1047	206
-125	729	367
-10	935	161
11	1278	-132
-116	1144	9
-209	942	408
-148	447	839
-232	476	748
-340	564	952
-200	792	995
-281	441	915
-116	407	780
-132	348	1011
-156	284	951
-160	217	996
-300	288	1047
-312	383	1168
-228	331	1359
-400	-117	959
-381	168	945
-392	368	884
-288	350	918
-281	380	1020
-960	-221	822
195	436	691
-424	1011	83
-212	1187	215
-121	1039	227
-111	1048	140
-324	391	625
-272	532	774
-370	345	1048
-420	423	931
-104	865	1200
-674	-317	859
-177	51	793
-140	-52	1003
-287	327	1230
-228	147	1155
-200	9	1176
-284	129	1168
-264	140	1072
-200	-61	1187
-151	-185	1060
-232	183	993
-525	-121	1046
-456	279	937
240	64	1088
-287	865	358
-135	603	600
-93	920	228
-160	671	455
-421	774	819
-260	267	1107
-282	131	1100
-210	316	1164
-205	120	979
-121	115	1233
-135	-36	1102
-101	-112	1055
-136	79	1196
-141	32	1283
-333	-245	1247
-413	199	975
-388	188	894
-324	-496	1020
-37	719	664
-385	627	499
-153	1033	438
-209	564	612
-249	1043	303
-148	1414	216
-153	873	287
-256	115	1022
-263	311	764
-312	112	1068
-285	332	1076
-319	113	1080
-221	185	947
-238	104	1072
-228	83	828
-164	255	1191
-221	105	971
-180	228	1151
-231	177	1046
-208	96	1121
-177	63	969
-152	182	1064
-241	55	972
-244	56	1120
-253	104	1057
-165	287	1324
-200	236	1215
-276	39	975
-356	102	974
-365	96	1171
-461	177	1080
-681	-113	1148
-264	344	356
-429	1230	142
-92	903	441
-253	627	604
-328	-32	883
-444	6	969
-441	137	992
-365	828	550
-449	315	1268
-441	-577	1207
-237	-113	1032
-217	366	758
-225	531	419
-57	273	472
15	417	535
-44	595	472
76	1327	367
126	1240	-23
456	991	-672
996	1193	-1346
1119	995	-692
729	692	-105
572	824	-202
600	664	-404
464	681	-380
547	473	-592
382	246	-952
304	352	-1205
275	452	-770
353	265	-909
431	636	-1416
355	351	-1026
540	358	-669
304	608	-544
198	824	-617
176	1132	-329
500	764	-400
593	1608	280
275	849	326
355	927	391
9	1241	191
-18	908	448
-45	1028	664
339	163	472
616	-255	588
156	856	992
-1	159	816
113	238	958
48	385	886
152	257	1155
39	304	896
86	312	979
108	264	1000
169	168	1118
92	295	1087
95	683	977
-68	179	1068
171	-52	905
115	-207	907
-37	154	1065
56	33	1148
-45	83	1071
81	7	935
-113	-93	903
-216	556	1007
43	-108	1112
28	-237	815
116	83	889
-106	-380	1180
275	158	987
155	-676	1030
22	-37	1260
-20	799	1232
38	371	681
102	153	744
72	801	627
-47	481	1196
-58	240	1120
35	662	955
-157	1107	1212
184	-973	968
76	327	760
81	-44	1064
-135	172	1235
-153	-31	1001
-217	23	960
-151	-68	1001
-168	27	976
-176	92	817
-56	-25	929
-72	-57	1159
-68	-93	1127
33	-136	1054
-64	-109	1112
14	-695	1100
-77	1260	824
-114	71	1196
-28	729	915
-117	96	915
-8	150	1095
-32	1176	1112
-225	-1034	1414
195	236	566
33	-409	911
-282	164	1127
-100	135	1148
-93	-47	1144
-289	-303	972
-241	179	952
-247	-153	1023
-175	19	932
-157	-205	947
-193	35	1017
-202	-125	1046
-197	-87	992
-151	-360	888
-309	79	822
-138	284	1100
63	-15	1387
-85	70	1112
-32	-194	1008
-217	-52	975
-68	-97	1139
-129	25	1087
134	-109	1023
119	-97	1100
73	46	1103
-1	-162	1075
11	-333	935
17	112	944
145	-508	1174
248	-281	1208
-105	571	1116
239	-497	940
174	167	767
7	435	704
115	65	880
334	368	880
235	227	892
184	755	1008
-69	480	1012
47	675	827
44	508	822
47	804	767
102	598	900
233	460	911
252	432	948
255	560	883
295	601	864
239	743	871
136	449	950
-42	-477	920
-4	7	822
-17	115	867
-31	169	1030
-52	137	1116
-135	176	1048
-96	235	1059
-152	-375	819
8	217	964
51	-445	960
88	478	996
120	89	891
275	376	1385
76	236	1287
-311	619	931
-129	528	849
412	390	998
-77	67	923
-193	432	790
-20	248	928
-58	176	1103
-180	159	1078
-223	88	979
-157	142	882
-55	238	879
-168	260	872
120	316	880
-260	71	739
344	496	700
22	168	923
76	364	1016
124	198	1008
207	344	855
376	739	863
559	427	775
343	403	231
204	1399	-63
388	1145	-97
630	939	-545
881	704	-781
1166	1110	-306
710	641	-77
580	464	-324
664	687	-392
598	555	-804
656	-164	-1160
508	212	-1352
414	79	-836
536	568	-490
539	451	-732
544	63	-1007
638	78	-1108
463	601	-938
464	424	-690
248	1799	-904
800	-1056	-962
748	1708	-773
392	624	-98
304	222	208
606	271	400
577	1027	159
463	956	-260
654	792	-778
899	1067	-533
721	719	-145
551	668	-80
632	712	-377
543	867	-461
536	990	-521
440	969	-369
467	1091	-100
431	824	-114
393	676	-47
163	224	-90
57	180	-551
48	808	-880
216	2047	-1292
344	1359	-1064
590	-149	268
203	-184	259
-132	1715	-74
76	1543	267
216	327	552
214	364	558
79	755	486
38	878	480
113	1036	447
156	905	470
235	775	668
220	683	704
179	758	681
166	795	675
156	742	668
159	688	663
156	728	654
124	710	587
88	748	608
96	758	593
132	783	608
172	783	624
142	751	593
105	739	633
99	691	609
84	627	556
41	550	420
94	744	252
232	825	79
423	1176	-77
479	1199	-241
347	854	-368
310	459	-530
632	664	-669
935	689	-721
784	999	-460
708	571	-320
609	724	-192
507	841	-500
508	791	-868
480	550	-1017
449	678	-994
432	934	-648
560	860	-109
440	927	-103
327	780	-104
134	452	-104
-36	327	-449
-93	478	-685
-7	972	-772
217	2047	-1265
540	1223	-624
739	-416	531
111	-560	-41
-180	1248	-488
-5	2047	238
318	814	844
550	281	944
-160	1014	743
-447	1185	505
-466	1131	255
-516	968	30
-580	835	-159
-612	924	-541
-380	568	-449
232	-285	787
-559	800	57
-1140	318	124
-1229	318	416
-1629	553	-13
-704	276	-532
179	296	-937
-601	356	-141
-1049	448	-137
-573	531	-401
-271	319	-717
-2048	638	-85
-1696	281	686
-368	455	86
-866	592	-252
-423	624	-433
-129	239	240
-405	543	304
-733	627	260
-881	1132	679
-632	1072	6
-372	1879	559
-399	1368	1038
-397	870	1119
-297	608	643
-168	-69	1078
-240	560	944
-261	455	430
40	900	575
-127	1080	547
-313	856	756
-167	602	1062
-418	588	559
-525	1001	604
-260	199	758
70	-160	875
-204	627	635
-114	367	329
216	180	575
79	651	443
3	1248	-159
-136	2012	-442
140	707	-257
579	716	-772
745	679	-1245
920	558	-1060
1080	857	-556
1015	769	-210
632	691	-177
646	492	-360
555	750	-441
510	583	-528
519	118	-712
591	7	-1009
480	407	-1253
468	841	-889
492	261	-813
700	171	-858
511	684	-740
72	960	-284
1171	489	-417
508	1006	-153
184	271	231
764	497	511
590	695	379
595	976	-360
630	780	-743
711	596	-385
795	855	-345
787	969	-128
551	664	-116
691	881	-680
472	583	-793
270	608	-821
182	704	-392
353	620	-1
268	856	-442
787	839	-759
659	809	-1117
590	684	-849
176	588	-729
-48	664	211
183	851	24
243	644	-581
179	892	-689
142	812	-461
255	799	-52
491	899	-95
424	881	-474
423	550	-877
550	492	-983
807	639	-853
865	1089	-503
598	832	-217
595	913	-89
524	983	-592
588	750	-648
531	872	-608
582	984	-593
492	783	-407
289	487	-327
171	151	-341
123	560	-589
35	1617	-1021
371	1534	-660
830	380	196
368	744	307
-113	1216	126
-212	1072	-140
-268	1052	-583
-385	931	-655
-321	828	-546
-308	760	-548
-236	694	-536
-253	572	-648
-324	476	-532
-402	454	-246
-695	646	-336
-809	547	-381
-817	694	-484
-765	657	-561
-668	524	-548
-693	444	-616
-753	444	-720
-765	435	-781
-732	454	-744
-650	452	-627
-685	483	-749
-704	478	-700
-697	528	-656
-680	571	-591
-685	617	-520
-719	615	-488
-688	684	-448
-685	700	-388
-644	694	-336
-610	649	-305
-461	614	-257
-416	422	-148
-400	523	-120
-469	926	-445
-522	1083	-829
-481	1011	-938
-392	952	-913
-322	831	-832
-269	768	-738
-269	748	-680
-281	771	-672
-312	784	-632
-308	791	-592
-306	798	-570
-308	791	-573
-288	819	-552
-280	790	-569
-241	811	-564
-200	807	-549
-100	759	-503
-45	639	-399
-52	606	-225
-80	968	-312
-79	832	-154
281	1464	135
444	1132	120
628	787	537
670	806	855
620	486	902
503	233	816
446	564	639
487	591	543
464	575	527
440	675	504
487	625	646
511	569	688
511	590	627
520	636	556
534	671	539
536	632	508
547	587	539
543	518	608
536	527	622
519	555	622
520	548	628
513	540	624
527	543	631
526	528	611
527	551	600
528	552	608
524	552	620
526	548	635
520	536	620
526	545	632
540	545	639
536	527	655
511	510	659
500	478	679
487	487	632
495	524	615
510	560	636
499	524	593
480	519	560
419	439	435
423	614	315
548	895	152
665	806	188
724	871	112
793	911	223
676	649	-124
580	796	-409
531	1139	-532
516	859	-271
383	609	63
391	556	395
468	568	486
616	767	319
547	694	526
536	647	590
524	478	563
480	528	608
572	487	623
566	392	606
583	486	574
615	527	536
615	481	496
639	417	588
664	499	579
679	444	592
600	419	622
615	449	571
736	583	449
759	352	627
694	316	771
697	334	647
774	366	671
664	177	575
547	551	361
376	780	468
231	679	524
374	835	454
659	967	374
935	955	502
630	999	260
425	596	616
147	696	745
19	887	654
-157	791	496
-109	655	584
-68	438	654
67	348	787
121	287	636
382	569	723
284	470	1244
79	392	1159
51	411	1016
44	339	911
51	387	911
11	407	923
-40	406	915
-49	407	935
-45	406	944
-32	401	952
-23	403	915
-41	425	927
-17	446	876
14	460	904
-20	478	903
-65	497	958
-117	528	1001
-97	504	927
-16	452	903
-1	486	927
-25	476	903
-29	492	880
14	486	838
140	503	898
231	487	787
207	352	352
296	743	428
44	1032	299
-216	1148	9
-172	1103	-177
60	944	-394
479	489	-1488
556	604	-1372
315	679	-1201
151	377	-1308
-64	425	-202
108	252	31
-288	387	-831
947	760	-2048
104	583	-1228
319	446	-936
280	591	-868
-104	991	-761
-249	1072	-868
-345	1128	-580
-473	899	-714
-479	607	-911
-461	344	-965
-345	110	-928
-185	103	-834
-231	238	-777
-97	340	-237
-676	462	-690
-781	480	-719
-676	383	-829
-730	404	-788
-701	332	-792
-641	320	-817
-650	334	-821
-719	319	-801
-649	367	-804
-405	344	-708
-842	103	-857
-839	319	-901
-560	366	-711
-591	462	-714
-689	393	-729
-680	561	-612
-665	636	-584
-689	518	-660
-653	622	-589
-625	671	-564
-660	607	-551
-602	635	-538
-613	678	-537
-642	716	-493
-656	851	-333
-672	835	-263
-649	775	-290
-621	731	-353
-580	679	-407
-609	670	-456
-601	700	-429
-624	703	-573
-621	534	-664
-609	472	-765
-616	484	-837
-591	377	-840
-597	350	-879
-575	315	-866
-599	321	-914
-570	281	-874
-580	248	-906
-581	243	-881
-580	259	-858
-584	251	-900
-584	246	-874
-575	276	-872
-586	307	-872
-584	335	-855
-601	345	-847
-576	369	-817
-586	440	-866
-552	481	-769
-564	528	-808
-586	592	-776
-596	625	-697
-578	664	-592
-581	697	-512
-596	753	-440
-592	792	-364
-578	774	-340
-573	766	-313
-520	744	-200
-463	617	-177
-477	422	-175
-407	659	-225
-400	767	-602
-313	1048	-925
-293	896	-1079
-288	831	-1023
-248	688	-932
-240	697	-848
-232	639	-813
-232	627	-809
-228	644	-826
-231	632	-817
-249	641	-832
-242	636	-826
-239	664	-821
-237	632	-829
-237	655	-823
-232	608	-813
-226	687	-817
-228	665	-855
-234	736	-813
-225	771	-818
-225	815	-776
-216	777	-669
-221	815	-601
-232	878	-564
-164	739	-449
-111	792	-385
-84	884	-314
-106	884	-313
-132	876	-303
-82	903	-322
-58	831	-343
-117	739	-447
-74	900	-548
-36	881	-841
-4	736	-1017
215	643	-1074
270	579	-1021
264	480	-1082
295	432	-1000
304	393	-924
321	399	-948
315	368	-904
265	355	-960
238	356	-989
233	359	-1000
207	366	-999
208	359	-1012
276	348	-1015
368	318	-977
371	328	-872
368	396	-841
336	408	-797
371	391	-898
348	387	-914
407	398	-881
417	475	-948
419	480	-889
412	481	-914
460	467	-812
416	446	-808
391	396	-880
406	364	-961
439	464	-954
504	472	-861
527	480	-844
519	500	-781
480	540	-761
443	524	-773
403	654	-569
507	911	-586
399	824	-589
412	892	-407
331	760	-489
163	319	-473
96	1384	-882
19	1243	-884
596	449	548
651	224	848
-52	1223	398
-253	1311	403
-253	1143	312
-333	832	120
-505	760	108
-569	833	-136
-601	780	-504
-473	723	-557
-378	560	-484
-394	511	-472
-404	551	-317
-649	531	-221
-848	553	-340
-856	480	-426
-930	663	-367
-921	673	-305
-815	566	-344
-778	615	-392
-760	593	-376
-736	540	-348
-708	480	-337
-575	449	-252
-609	465	-328
-584	616	-474
-641	849	-820
-664	876	-808
-607	828	-685
-593	767	-671
-548	724	-628
-535	700	-632
-511	688	-617
-504	687	-601
-505	707	-564
-496	716	-576
-429	719	-573
-168	740	-580
105	652	-324
54	683	-309
-269	609	-496
-503	539	-808
-546	590	-868
-305	449	-1053
-84	420	-1413
179	428	-1341
321	427	-1372
399	369	-1261
423	327	-1004
399	307	-957
339	241	-1081
342	192	-1053
294	177	-996
232	185	-1037
217	152	-1009
192	174	-980
231	144	-1063
231	176	-1064
222	161	-1073
228	169	-1064
231	160	-1049
220	159	-1020
246	172	-1020
267	204	-1009
331	288	-992
348	419	-989
368	739	-1106
416	1209	-1000
339	1017	-441
358	796	478
382	745	580
207	775	432
-23	217	182
-189	364	-184
-377	2047	-402
49	1015	212
163	-40	727
-549	886	560
-548	1203	399
-456	896	83
-529	884	-68
-562	779	-237
-528	735	-420
-517	540	-565
-458	12	-225
-234	608	-80
-959	927	-258
-991	22	39
-808	992	-730
-356	571	-697
-533	472	-729
-617	612	-714
-520	320	-730
-169	270	-832
-477	860	-705
-560	428	-148
-605	481	-370
-448	799	-706
-725	1880	-1384
-488	1999	-754
-576	219	-32
76	135	902
-393	1031	188
-761	1351	-127
-537	1063	-40
-449	774	-136
-528	668	-271
-554	734	-177
-477	540	-64
-616	972	-68
-708	771	-124
-772	816	-160
-865	788	-129
-905	679	-210
-585	561	-385
-538	575	-455
-626	584	-575
-626	608	-373
-712	591	-383
-701	751	-295
-744	654	-212
-827	462	-281
-1000	600	-448
-954	760	-471
-951	608	-807
-829	492	-759
-697	444	-769
-641	286	-656
-536	243	-364
-722	319	-601
-986	264	-705
-845	380	-634
-671	348	-736
-607	163	-669
-697	231	-848
-701	368	-773
-744	356	-765
-729	172	-688
-276	-9	-537
-373	531	-840
-785	849	-850
-937	649	-649
-913	972	-591
-849	873	-628
-796	655	-632
-697	539	-516
-673	481	-490
-693	473	-541
-609	552	-613
-477	543	-524
-481	536	-447
-784	577	-703
-754	568	-513
-764	622	-565
-644	633	-482
-664	601	-503
-781	684	-617
-880	688	-554
-857	688	-497
-813	639	-407
-784	657	-336
-796	539	-345
-720	608	-337
-676	633	-345
-652	583	-196
-668	547	-104
-741	732	-135
-823	827	-199
-809	579	-33
-864	655	-79
-848	673	-121
-804	664	-138
-788	598	-232
-716	659	-143
-757	734	-97
-800	700	-113
-820	694	-148
-824	671	-120
-804	689	-122
-840	708	-225
-834	655	-229
-770	631	-184
-752	648	-228
-776	616	-232
-797	632	-212
-800	662	-229
-804	608	-249
-802	654	-260
-815	656	-257
-797	624	-250
-809	624	-273
-788	684	-242
-800	704	-268
-786	688	-233
-793	639	-201
-756	572	-132
-728	608	-164
-637	503	-196
-557	376	-183
-617	432	-189
-655	664	-473
-576	793	-778
-647	851	-1128
-564	628	-1048
-525	575	-973
-496	531	-887
-469	483	-833
-457	480	-826
-473	484	-829
-497	531	-889
-529	535	-1029
-551	479	-1064
-637	460	-1001
-631	380	-789
-642	403	-671
-616	251	-490
-625	192	-521
-740	185	-762
-745	224	-784
-764	263	-744
-786	263	-601
-792	312	-584
-756	383	-671
-777	391	-589
-794	419	-456
-814	521	-409
-797	671	-416
-769	636	-313
-761	627	-248
-769	675	-248
-810	671	-249
-792	686	-224
-770	647	-210
-784	659	-241
-788	681	-218
-772	679	-188
-781	662	-191
-781	660	-184
-791	691	-178
-776	676	-184
-793	676	-213
-783	664	-189
-785	675	-185
-792	684	-189
-785	668	-175
-793	659	-189
-784	643	-209
-777	659	-232
-775	639	-248
-776	600	-274
-804	612	-353
-797	620	-385
-777	591	-408
-754	593	-428
-784	544	-472
-781	527	-509
-772	535	-543
-765	508	-557
-745	480	-565
-736	468	-576
-749	411	-650
-745	385	-653
-737	412	-660
-720	454	-656
-724	440	-666
-730	375	-657
-744	408	-664
-728	392	-641
-711	408	-593
-708	452	-669
-689	476	-625
-634	494	-578
-624	392	-433
-617	367	-394
-584	441	-709
-536	711	-985
-520	743	-1103
-463	688	-999
-440	624	-901
-421	596	-825
-428	592	-796
-418	587	-788
-420	593	-788
-426	608	-775
-416	608	-769
-421	603	-769
-421	601	-775
-437	588	-808
-413	591	-785
-429	628	-817
-436	604	-807
-417	620	-772
-415	603	-784
-393	647	-733
-353	663	-708
-265	648	-701
-136	700	-625
-81	560	-544
-180	568	-576
-300	454	-653
-400	510	-889
-241	488	-953
-52	371	-1241
27	487	-1469
174	476	-1161
243	520	-1050
345	374	-1076
435	399	-1036
423	305	-1040
321	233	-996
263	227	-1000
231	211	-989
240	158	-1016
268	152	-1049
304	153	-992
295	185	-1025
311	164	-1032
321	176	-936
348	238	-1017
385	297	-985
364	286	-1034
376	323	-957
403	392	-900
358	495	-949
427	593	-905
396	511	-799
263	636	-933
319	495	-868
304	508	-749
316	612	-695
184	542	-1012
276	627	-823
270	617	-991
255	713	-888
87	519	-858
783	1244	172
225	451	-505
99	828	-836
206	671	-962
263	535	-826
184	632	-817
227	599	-781
99	622	-488
268	824	-617
899	403	-1503
211	518	-834
344	457	-840
352	467	-986
224	367	-1008
124	399	-866
163	371	-679
220	505	-692
326	595	-784
335	638	-928
304	624	-945
300	615	-881
291	631	-813
271	632	-784
278	614	-786
291	608	-775
281	607	-788
296	612	-821
302	622	-845
294	608	-823
276	595	-793
275	572	-784
249	568	-772
267	620	-793
312	643	-813
262	691	-840
282	647	-817
240	603	-810
209	579	-793
225	600	-801
233	611	-824
222	575	-824
201	611	-840
279	652	-864
270	655	-845
255	607	-786
247	579	-761
243	575	-772
240	601	-810
259	615	-826
243	615	-835
223	615	-823
227	659	-836
260	679	-836
264	623	-796
223	575	-781
216	612	-800
287	608	-821
244	576	-848
236	598	-869
287	615	-872
278	567	-844
216	547	-821
211	601	-810
272	639	-845
280	588	-826
220	567	-812
249	588	-824
283	593	-844
252	574	-836
233	591	-845
247	615	-845
252	619	-840
243	599	-824
231	575	-831
258	601	-840
268	616	-825
243	604	-793
231	576	-770
224	600	-809
240	636	-855
271	639	-873
236	600	-841
219	583	-825
231	611	-832
251	627	-840
236	612	-818
223	624	-813
227	675	-832
230	697	-836
216	799	-872
204	935	-882
92	967	-906
-61	977	-881
-213	983	-801
-362	897	-776
-461	735	-692
-506	686	-680
-537	535	-705
-509	319	-776
-541	91	-820
-442	118	-231
-479	515	-274
-433	756	-208
-824	182	-663
-964	615	-783
-461	992	-356
-612	446	-791
-560	668	-704
-509	575	-701
-599	582	-613
-673	860	-369
-625	728	-293
-737	307	-450
-793	316	-561
-708	500	-520
-615	435	-530
-610	537	-692
-633	792	-801
-740	792	-857
-776	668	-793
-719	673	-717
-671	671	-720
-585	652	-689
-527	649	-689
-488	615	-660
-511	608	-633
-553	591	-601
-624	580	-604
-690	569	-589
-721	567	-576
-729	588	-575
-706	575	-570
-687	558	-569
-689	547	-564
-711	569	-562
-749	569	-569
-783	556	-569
-784	532	-529
-800	543	-533
-788	556	-440
-788	515	-436
-781	508	-413
-752	478	-464
-688	483	-516
-671	563	-525
-687	560	-559
-733	566	-545
-753	579	-552
-754	585	-512
-752	601	-463
-756	614	-434
-772	646	-464
-759	600	-441
-737	631	-428
-743	593	-420
-744	595	-392
-761	604	-385
-808	576	-437
-825	440	-452
-833	542	-457
-817	523	-498
-769	646	-520
-663	723	-497
-562	739	-372
-620	683	-592
-680	595	-495
-733	652	-485
-746	659	-476
-759	611	-463
-756	648	-473
-738	636	-437
-728	617	-432
-720	632	-377
-729	657	-360
-780	655	-360
-749	425	-305
-749	431	-377
-752	540	-353
-743	620	-364
-717	696	-432
-700	688	-425
-672	649	-541
-629	670	-553
-584	720	-592
-561	734	-652
-580	750	-656
-582	719	-618
-588	681	-616
-593	724	-612
-596	688	-589
-594	783	-584
-608	761	-576
-585	838	-448
-644	817	-393
-586	750	-153
-592	791	-36
-599	799	63
-589	796	120
-602	799	172
-618	787	164
-607	785	200
-628	783	208
-616	783	248
-608	764	243
-577	768	224
-505	761	180
-412	719	105
-353	718	63
-349	840	176
-360	924	196
-365	975	207
-388	1075	176
-361	1116	80
-287	1116	47
-249	1094	-1
-233	1054	-52
-191	1044	-89
-151	1048	-101
-135	1031	-105
-121	1068	-176
-96	1038	-189
-89	1000	-93
-71	1039	-154
-65	1048	-132
-72	1009	-125
-104	1004	-177
-128	996	-223
-135	972	-208
-117	971	-184
-113	1000	-178
-116	1006	-193
-114	1004	-202
-113	1004	-189
-104	1008	-189
-100	1000	-194
-104	995	-197
-118	996	-200
-116	992	-193
-105	1003	-191
-109	988	-205
-113	1003	-201
-112	1011	-194
-113	1012	-199
-103	1000	-193
-100	999	-186
-100	999	-193
-103	990	-209
-105	988	-209
-111	992	-208
-104	992	-215
-104	1011	-202
-109	1004	-205
-104	1008	-217
-96	1011	-185
-98	999	-196
-90	1006	-210
-98	995	-217
-111	993	-217
-93	979	-202
-79	999	-201
-84	1008	-209
-90	993	-194
-97	1011	-159
-104	1039	-137
-104	1055	-125
-136	1055	-173
-205	1070	-154
-217	1127	-68
-296	1174	-64
-368	1171	56
-465	1102	193
-599	1087	143
-680	1033	19
-770	867	-120
-665	758	-184
-488	588	-332
-285	534	-353
-273	516	-365
-493	487	184
-956	543	76
-1087	552	-104
-968	487	-57
-904	527	-130
-928	560	-196
-936	496	-153
-932	527	-169
-928	497	-295
-893	556	-61
-855	574	-201
-872	504	-279
-881	524	-177
-908	624	-57
-888	515	-34
-850	496	-45
-861	492	-93
-909	536	-148
-882	491	-61
-889	519	-122
-897	543	-153
-864	531	-92
-906	511	-168
-925	593	-167
-916	521	-193
-860	539	-193
-879	547	-225
-877	531	-218
-897	521	-164
-897	519	-128
-884	524	-120
-898	515	-136
-872	545	-98
-892	511	-119
-888	531	-98
-901	515	-112
-877	547	-87
-904	531	-95
-906	576	-87
-877	563	-87
-861	551	-85
-865	568	-105
-857	572	-88
-840	556	-80
-829	527	-89
-754	414	-134
-737	304	-177
-729	463	-221
-701	663	-361
-711	823	-624
-650	841	-692
-648	784	-833
-609	711	-744
-602	636	-724
-599	617	-669
-576	614	-660
-568	632	-665
-564	608	-676
-580	652	-652
-580	615	-661
-583	686	-645
-599	752	-660
-605	725	-616
-591	792	-495
-610	779	-422
-610	718	-263
-628	774	-157
-602	806	-13
-621	745	-8
-592	803	92
-623	783	47
-637	879	12
-633	871	48
-649	827	46
-641	792	56
-623	828	83
-639	831	71
-650	854	56
-676	856	39
-736	838	22
-858	844	-57
-1007	807	-244
-900	843	-132
-765	615	-84
-616	608	31
-423	504	316
-657	628	-76
-831	508	-241
-817	419	-149
-898	531	-33
-906	513	-49
-968	639	-100
-1156	390	-436
-1055	417	-467
-834	524	-362
-833	527	-153
-900	728	-225
-1000	611	-260
-823	248	262
-962	448	-57
-720	627	-305
-458	582	-241
-858	472	-272
-876	406	-101
-898	502	-100
-1028	471	-145
-1056	523	-352
-1012	440	-445
-1025	476	-521
-978	547	-461
-957	433	-255
-967	622	-55
-960	391	-24
-893	385	-42
-577	531	-285
-586	496	-353
-765	505	-261
-879	401	-72
-925	508	-141
-912	462	-144
-1013	456	-269
-1069	471	-313
-1197	432	-397
-1116	632	-349
-1057	563	-433
-848	299	56
-637	353	67
-685	668	-425
-586	448	-234
-765	438	-207
-900	419	-184
-776	335	-34
-848	404	-296
-965	444	-583
-972	424	-410
-961	327	-223
-850	486	-717
-689	668	-945
-666	492	-1009
-697	435	-828
-672	403	-674
-674	468	-676
-684	470	-703
-692	475	-696
-673	467	-676
-681	472	-674
-681	480	-689
-676	467	-681
-689	476	-685
-695	480	-672
-692	487	-680
-680	496	-680
-687	481	-680
-697	481	-665
-690	496	-636
-689	527	-621
-690	529	-632
-706	547	-666
-728	568	-697
-761	662	-752
-857	987	-840
-948	708	-620
-961	403	-154
-741	430	81
-360	7	355
-533	536	-97
-890	519	-151
-841	342	-5
-932	441	-64
-1077	585	-248
-1228	435	-351
-1105	463	-289
-1072	278	-169
-1034	377	-264
-816	591	-104
-877	176	31
-985	719	-49
-418	560	-1
-557	584	-189
-724	577	-32
-753	467	-58
-1184	504	-186
-1551	251	-381
-1476	152	-289
-1116	473	-303
-840	760	-317
124	440	476
-433	582	-121
-564	396	-338
-865	383	-617
-985	478	-447
-1085	472	-601
-1002	440	-712
-903	540	-704
-817	547	-701
-724	524	-656
-676	543	-648
-607	515	-616
-564	551	-604
-605	560	-680
-618	563	-709
-623	611	-717
-623	627	-744
-607	593	-733
-576	563	-709
-574	553	-737
-565	551	-769
-537	553	-781
-525	536	-744
-537	537	-732
-557	560	-746
-569	574	-764
-566	563	-756
-549	572	-774
-535	532	-788
-528	539	-780
-522	552	-761
-536	555	-760
-537	553	-761
-528	547	-764
-521	550	-765
-511	543	-769
-522	531	-788
-535	535	-797
-541	558	-799
-532	571	-794
-511	564	-754
-504	568	-740
-484	569	-733
-519	561	-744
-557	580	-761
-573	604	-781
-543	608	-761
-504	547	-733
-525	519	-756
-501	566	-772
-481	547	-720
-537	489	-705
-575	542	-757
-532	622	-778
-519	615	-741
-581	583	-769
-584	617	-753
-528	647	-732
-477	559	-660
-541	502	-698
-540	524	-727
-530	592	-753
-541	595	-765
-552	592	-765
-560	583	-741
-533	584	-717
-525	588	-714
-549	577	-769
-498	563	-757
-494	559	-729
-522	543	-712
-530	591	-701
-512	627	-705
-487	598	-688
-488	579	-697
-481	588	-720
-455	583	-775
-441	574	-800
-413	539	-753
-409	543	-778
-421	607	-824
-433	632	-839
-416	600	-890
-360	583	-887
-316	600	-913
-263	606	-895
-244	616	-897
-249	611	-872
-250	596	-860
-244	571	-868
-253	559	-869
-244	543	-881
-234	540	-900
-250	539	-914
-256	540	-922
-250	553	-941
-241	572	-936
-244	560	-917
-239	560	-912
-233	553	-904
-236	560	-897
-241	561	-904
-228	550	-906
-232	543	-905
-241	547	-909
-237	543	-916
-233	543	-916
-239	543	-912
-244	543	-912
-241	543	-924
-241	544	-914
-241	556	-914
-237	543	-912
-245	535	-914
-241	534	-900
-247	547	-916
-232	556	-904
-242	579	-888
-249	601	-861
-264	620	-861
-272	604	-858
-311	598	-848
-301	572	-845
-308	542	-872
-296	531	-890
-303	545	-877
-322	598	-871
-308	631	-860
-308	636	-834
-289	639	-831
-279	625	-813
-303	622	-824
-296	608	-829
-301	563	-818
-356	527	-820
-375	536	-844
-356	624	-900
-301	675	-897
-314	678	-853
-317	659	-817
-321	611	-775
-353	587	-784
-320	534	-775
-402	528	-820
-404	608	-882
-321	671	-901
-346	671	-860
-365	667	-812
-377	684	-785
-433	699	-817
-496	707	-812
-605	772	-804
-698	775	-741
-836	844	-697
-921	833	-584
-893	825	-436
-788	828	-282
-649	736	-151
-485	593	22
-237	448	263
-68	444	492
182	745	800
76	1254	807
-416	1256	636
-1044	903	207
-1412	444	-425
-1265	-160	-313
-1194	-61	-285
-1140	415	-345
-1073	472	-714
-845	434	-799
349	435	1131
-964	377	220
-1298	15	-109
-844	63	153
-797	184	737
-1288	-47	345
-1509	71	-815
-1324	863	-1552
760	-789	636
-1386	788	38
-1065	8	120
-840	46	36
-888	135	-52
-1244	734	-794
-1672	908	-567
265	-500	499
-1344	420	-89
-959	156	-47
-719	88	-20
-481	371	-124
-1177	636	-665
-1936	316	-1213
-922	791	1095
-280	188	-72
-1065	495	-228
-1069	-313	-64
-953	447	-1248
-1265	832	-1389
-200	-32	1070
-922	615	-488
-729	887	-473
-488	103	-208
-696	329	-727
-687	659	-506
-738	372	-247
-1252	251	-305
-1544	336	-1186
-1306	302	-1420
-1000	272	-1153
-801	35	-1056
-391	-57	260
227	-1064	734
-1204	595	-56
-975	-25	415
-1044	272	216
-1076	1052	-338
-1293	763	-1209
-720	171	1111
-285	-365	540
-1156	467	-111
-1341	323	-290
-1103	688	-1111
-385	388	1014
-861	-36	25
-1391	452	-372
-897	639	-597
-753	534	-689
-681	81	-61
-970	801	-364
-911	205	67
-929	608	-197
-836	444	-185
-697	169	-212
-533	131	-80
-829	380	-168
-1269	718	-744
-1521	567	-888
-1256	336	-825
-927	304	-818
113	636	748
-1029	398	-289
-1053	359	-202
-861	472	-232
-633	273	-136
-562	310	-189
-724	711	-465
-887	675	-689
-988	397	-690
-1079	-164	-781
-1154	-369	-733
-991	-397	-463
-701	1862	-836
-800	1251	-960
-511	480	-802
-597	121	-698
-728	720	-551
-591	391	-132
-773	572	-31
-846	635	-104
-840	652	-188
-688	615	-209
-965	591	-285
-1106	583	-445
-1144	416	-561
-1109	300	-745
-1008	24	-732
-946	-425	-655
-897	-581	-480
-249	-177	831
-488	11	779
-1042	79	1
-1104	176	400
-1109	39	663
-1039	79	414
-1346	356	-5
-1244	407	-592
-765	179	548
-261	-525	591
-1309	-13	31
-1525	167	-127
-1540	348	-288
92	215	240
-871	696	-272
-1181	94	110
-932	300	-53
-871	361	192
-1000	96	3
-1096	70	-144
-1344	321	-272
-879	631	566
-794	185	-41
-1000	192	-89
-888	99	-20
-917	393	-32
-770	236	-32
-633	305	-170
-922	220	-276
-1572	204	-456
-1628	140	-164
-740	7	875
-1064	430	-108
-872	161	4
-837	-9	112
-796	147	-168
-1104	471	-143
-1652	300	-583
-861	335	627
-466	143	272
-1069	214	-48
-996	-84	-10
-754	316	-42
-888	403	-292
-881	59	-608
-1082	-296	-993
-1026	-340	-644
-881	-103	-296
-736	688	-497
-1049	886	-1199
-706	593	-537
-680	375	-912
-797	211	-808
-802	412	-572
-764	448	-412
-764	771	-248
-706	480	-497
-524	979	-209
-845	563	-268
-1021	551	-168
-988	676	732
-697	-346	926
-704	476	470
-596	415	601
-426	905	558
-225	774	657
17	152	681
-133	-148	527
-479	532	424
-551	728	335
-642	863	243
-588	911	131
-712	1004	-10
-621	1023	-153
-541	1091	-300
-578	1089	-576
-529	1084	-552
-461	1123	-498
-388	1015	-544
-271	1022	-544
-177	1048	-481
-157	1022	-450
-185	958	-445
-209	966	-402
-183	928	-450
-160	883	-464
-176	867	-456
-185	862	-450
-211	876	-452
-252	888	-484
-268	921	-497
-263	927	-522
-255	919	-528
-264	896	-513
-273	889	-484
-274	888	-493
-263	888	-498
-253	903	-488
-244	911	-481
-252	895	-484
-250	883	-500
-244	894	-481
-252	888	-474
-268	899	-481
-264	911	-489
-265	911	-490
-263	903	-488
-256	884	-484
-250	892	-477
-250	896	-484
-260	892	-484
-260	883	-484
-265	889	-490
-264	886	-488
4095	4095	4095
1940	374	85
