Activity Name: stand/
UserID: 22278
StartTime: 0
x	y	z
655	686	403
627	673	391
617	680	404
643	688	431
652	688	428
627	684	384
611	726	334
611	608	401
609	686	456
606	787	384
593	774	327
583	748	334
542	767	382
483	824	403
443	849	371
432	822	364
487	927	302
470	792	272
499	720	204
536	857	44
598	1048	-73
563	943	-73
513	783	14
467	663	47
464	779	80
446	871	124
420	992	120
419	963	151
454	935	201
463	881	348
415	838	352
423	782	312
455	859	296
489	799	312
473	883	328
435	835	419
428	785	462
451	764	460
447	799	427
457	783	362
483	838	358
479	860	344
489	830	343
496	816	328
504	777	364
499	745	369
487	792	323
483	847	265
508	846	281
564	865	278
575	828	249
577	816	214
559	868	140
608	881	-20
604	1176	-80
543	984	-74
448	1004	-24
358	928	-8
286	916	-20
190	964	-25
115	775	7
70	720	-4
81	790	19
57	688	89
112	776	127
233	952	171
304	849	160
408	1031	174
430	1167	158
492	1222	129
415	870	316
368	732	721
199	856	662
89	736	551
127	646	540
190	667	566
367	568	696
467	551	686
652	624	822
728	635	864
591	760	929
431	737	742
401	713	678
382	736	662
329	740	628
286	784	639
275	753	673
292	759	707
327	711	750
323	704	720
295	705	668
296	755	625
339	747	604
379	761	564
352	720	519
335	719	584
313	703	679
260	752	668
291	806	628
316	766	619
307	783	632
284	843	609
280	819	595
303	791	595
316	761	599
323	750	587
307	771	591
299	816	638
280	806	623
302	800	592
313	798	598
318	783	615
312	783	615
295	775	596
302	775	590
308	775	585
310	785	604
312	804	607
307	796	588
300	798	590
307	790	579
308	775	582
315	793	595
316	803	596
304	803	583
310	799	585
307	790	598
315	793	596
319	795	582
316	792	579
312	791	576
316	795	591
321	795	591
319	796	583
312	795	572
316	796	569
323	803	575
323	795	582
327	796	580
319	796	575
323	792	572
323	791	575
321	800	584
327	814	568
329	787	563
326	790	566
323	791	569
331	806	569
327	807	566
321	801	563
327	798	568
334	792	572
334	792	561
323	803	560
326	799	568
327	796	566
339	808	569
332	806	558
331	798	542
327	803	563
332	807	568
337	803	572
340	803	571
332	801	551
337	788	550
339	799	563
332	803	563
339	792	572
344	791	568
342	798	564
331	798	551
327	790	571
334	784	575
344	787	568
343	788	563
334	803	580
327	815	574
335	792	556
352	780	563
336	785	572
327	788	560
334	806	571
331	804	580
329	809	560
334	796	560
331	803	579
329	799	564
334	792	576
307	792	659
278	763	692
252	848	697
260	787	654
316	703	584
380	676	551
376	744	591
280	763	659
224	732	684
267	788	675
287	752	622
331	705	615
304	764	585
297	812	680
220	804	708
259	804	632
307	752	614
313	715	630
304	780	604
284	851	601
279	811	608
300	784	611
296	792	603
297	792	600
289	777	599
294	792	607
280	798	606
291	803	600
294	799	591
305	787	585
297	785	591
310	782	604
274	812	600
278	807	591
302	782	604
305	784	595
294	808	591
280	822	585
282	799	579
302	780	584
312	768	583
294	812	624
279	835	616
292	806	563
312	782	588
304	790	592
304	792	590
300	776	596
284	817	577
287	812	585
307	782	583
310	783	590
295	807	579
289	816	582
311	792	579
305	806	583
294	799	600
297	800	600
302	806	583
304	787	579
304	795	583
300	795	576
310	788	587
303	804	595
302	799	587
310	793	591
299	785	600
307	792	588
315	803	583
294	804	576
304	792	583
316	799	620
336	769	620
353	703	590
425	696	632
569	551	783
647	671	603
555	889	400
483	816	392
424	636	407
425	702	396
435	827	407
455	876	404
452	902	367
440	964	334
427	847	272
479	824	267
551	931	355
544	734	408
579	752	448
580	705	423
552	734	403
560	728	400
575	681	387
591	734	390
616	732	391
620	723	385
624	744	303
617	824	265
592	819	271
556	799	300
535	816	329
539	747	348
568	723	316
599	683	300
625	694	265
635	716	238
622	729	223
627	764	224
647	799	230
643	790	227
630	775	215
614	775	195
608	776	169
600	783	172
588	793	163
576	798	176
576	780	206
582	783	224
588	790	230
604	791	224
619	800	207
604	784	195
600	776	208
588	774	207
582	783	211
576	792	209
574	812	204
580	819	199
567	808	199
560	784	211
560	780	217
566	782	220
576	790	217
604	806	222
620	819	231
604	785	239
608	752	238
607	756	255
615	739	259
615	727	252
617	732	248
625	736	255
632	736	264
639	729	251
652	729	247
655	752	239
659	791	259
659	824	280
651	856	321
614	843	360
584	828	380
543	808	428
499	743	454
440	723	428
414	753	323
424	815	350
419	737	438
408	710	497
391	705	511
377	715	529
392	663	504
463	767	531
496	787	568
455	743	560
432	767	536
432	770	531
457	723	543
467	760	588
455	763	604
508	760	616
568	702	632
563	713	515
544	694	419
496	710	312
489	665	351
484	615	412
508	654	380
550	750	358
608	907	411
654	878	478
699	903	479
679	995	483
615	1094	443
507	961	390
380	875	326
283	831	249
239	831	240
176	865	195
108	871	183
23	1036	207
-8	1065	230
-2	988	339
-26	675	545
-71	620	726
-132	804	743
-42	719	682
-29	417	580
-82	871	531
-95	880	633
-116	887	575
-137	926	467
-90	902	511
-103	892	408
-177	1009	103
-200	1043	56
-234	1030	38
-269	1004	-15
-281	1020	-10
-264	975	39
-244	915	46
-260	888	-29
-281	935	-66
-293	985	-90
-306	959	-106
-309	940	-128
-253	1030	-108
-271	1044	-116
-309	944	-164
-328	908	-173
-322	937	-130
-317	952	-88
-317	935	-55
-320	931	-52
-324	935	-45
-333	967	-61
-336	960	-63
-346	945	-68
-356	931	-80
-353	935	-82
-348	894	-69
-345	888	-69
-349	936	-77
-356	936	-72
-365	953	-77
-378	961	-89
-376	936	-90
-375	918	-97
-377	921	-109
-378	927	-116
-381	921	-120
-381	929	-109
-376	936	-77
-372	919	-60
-375	921	-61
-373	936	-68
-381	929	-88
-381	928	-85
-388	924	-78
-385	899	-65
-387	908	-57
-388	932	-57
-383	944	-58
-381	950	-52
-388	934	-55
-392	927	-77
-394	934	-90
-385	920	-80
-388	926	-83
-402	947	-98
-416	952	-89
-413	940	-77
-392	926	-60
-376	924	-45
-346	927	-49
-340	908	-56
-344	915	-60
-360	915	-49
-383	940	-34
-405	942	-37
-404	935	-40
-402	911	-41
-401	889	-49
-413	896	-61
-409	910	-41
-413	921	-36
-418	923	-49
-420	934	-55
-415	942	-61
-409	913	-49
-400	903	-49
-391	924	-61
-392	923	-64
-385	923	-33
-391	929	-26
-400	919	-8
-409	919	17
-386	944	24
-381	969	12
-372	950	12
-367	940	-1
-368	919	-13
-377	920	-23
-376	924	-16
-372	913	-16
-375	924	-18
-373	940	-16
-372	952	-8
-360	944	-9
-351	940	-2
-359	961	0
-354	932	-20
-357	929	-41
-352	937	-48
-346	955	-56
-349	945	-52
-343	960	-45
-343	960	-41
-328	960	-41
-321	952	-29
-320	952	-25
-321	947	-29
-321	950	-29
-329	950	-13
-336	947	-12
-338	948	-18
-335	940	-15
-333	947	-25
-337	944	-16
-333	936	-8
-332	951	-16
-328	944	-20
-317	947	-28
-317	961	-44
-320	963	-63
-313	972	-72
-312	952	-77
-298	952	-89
-295	948	-111
-293	942	-97
-288	956	-90
-292	963	-93
-297	951	-89
-293	959	-97
-295	944	-88
-292	924	-98
-288	958	-114
-288	984	-129
-296	975	-130
-296	960	-121
-296	947	-128
-303	945	-137
-308	952	-128
-305	940	-130
-301	952	-132
-296	945	-127
-303	955	-141
-313	956	-141
-317	943	-136
-321	940	-136
-320	948	-116
-316	944	-109
-314	947	-113
-308	936	-106
-309	940	-106
-306	960	-113
-311	956	-109
-308	950	-104
-319	953	-109
-324	956	-104
-325	960	-136
-329	931	-148
-320	931	-121
-317	956	-114
-306	943	-120
-311	942	-121
-313	944	-128
-320	940	-132
-322	928	-132
-321	942	-119
-321	942	-120
-325	944	-125
-328	951	-135
-328	952	-124
-328	939	-125
-333	942	-127
-333	942	-125
-329	943	-132
-328	979	-153
-320	967	-189
-321	920	-130
-328	940	-89
-317	927	-66
-320	918	-92
-316	910	-122
-313	904	-172
-297	951	-186
-298	952	-209
-309	963	-144
-305	956	-124
-324	967	-177
-308	937	-200
-296	912	-263
-295	927	-284
-288	958	-272
-288	953	-264
-289	918	-241
-300	908	-225
-312	888	-223
-320	907	-218
-306	944	-212
-296	959	-217
-290	967	-209
-285	952	-212
-280	929	-213
-281	903	-220
-285	923	-231
-297	927	-228
-313	926	-225
-317	929	-226
-319	940	-226
-324	944	-223
-321	935	-218
-324	944	-217
-314	942	-208
-317	953	-208
-320	942	-197
-320	935	-177
-325	935	-168
-319	931	-164
-322	934	-165
-333	944	-157
-349	931	-156
-356	927	-136
-345	931	-135
-349	944	-148
-345	927	-137
-345	915	-121
-356	904	-130
-378	908	-144
-389	913	-148
-388	920	-141
-388	931	-124
-401	947	-113
-423	935	-106
-439	915	-116
-442	892	-122
-445	892	-140
-445	889	-144
-439	900	-145
-429	896	-144
-439	889	-148
-440	876	-146
-453	876	-141
-463	873	-135
-473	865	-145
-477	833	-148
-457	860	-151
-448	897	-148
-449	880	-145
-471	886	-160
-481	894	-162
-477	883	-146
-482	841	-130
-517	831	-135
-528	840	-125
-538	838	-120
-537	824	-112
-527	846	-132
-536	815	-156
-528	804	-153
-537	824	-156
-548	819	-159
-548	841	-148
-548	824	-122
-551	831	-128
-561	846	-148
-560	833	-141
-557	828	-111
-553	833	-96
-560	835	-96
-561	824	-112
-561	847	-112
-545	860	-111
-528	864	-114
-527	836	-117
-536	801	-128
-536	819	-130
-544	822	-120
-569	835	-95
-617	911	-84
-605	944	-72
-541	841	-32
-538	766	-77
-551	716	-117
-557	764	-116
-576	796	-121
-605	816	-132
-609	828	-93
-641	755	-85
-717	772	-130
-712	806	-156
-608	849	-180
-548	832	-175
-528	803	-180
-492	787	-167
-481	819	-160
-509	817	-136
-538	783	-111
-584	766	-90
-609	766	-130
-633	780	-177
-623	785	-153
-617	807	-138
-596	817	-129
-592	819	-122
-597	804	-109
-616	792	-104
-633	798	-117
-623	780	-104
-605	768	-95
-586	783	-97
-580	815	-101
-573	846	-100
-575	844	-85
-585	823	-58
-604	798	-55
-623	783	-44
-633	771	-18
-653	751	-49
-672	737	-81
-682	740	-71
-692	740	-64
-693	736	-61
-706	710	-52
-708	715	-45
-709	721	-29
-697	703	-8
-674	684	-8
-665	704	-13
-655	710	-1
-636	734	-2
-633	771	-5
-633	768	-24
-625	761	-21
-626	782	-21
-640	791	-15
-664	787	-9
-672	792	-20
-677	787	-33
-682	755	-50
-676	742	-50
-673	734	-45
-673	718	-60
-687	743	-80
-690	739	-72
-692	739	-34
-689	726	8
-671	760	7
-674	760	-13
-673	750	-16
-672	745	-10
-665	739	-7
-666	752	-13
-674	760	-10
-680	735	-8
-692	716	-7
-689	692	-20
-698	702	-16
-689	703	-21
-682	728	-28
-660	734	-32
-658	736	-40
-665	743	-33
-669	745	-32
-664	744	-39
-664	758	-34
-668	752	-40
-676	756	-49
-680	747	-58
-676	750	-52
-669	755	-41
-673	753	-52
-679	739	-57
-674	727	-58
-673	737	-66
-672	752	-61
-671	748	-57
-679	743	-57
-677	735	-56
-676	735	-52
-674	736	-45
-685	743	-47
-679	743	-57
-680	736	-52
-677	740	-48
-680	742	-50
-676	728	-56
-685	734	-53
-674	747	-41
-673	753	-44
-660	740	-40
-661	751	-36
-656	780	-33
-669	764	-33
-664	742	-34
-653	739	-36
-660	753	-36
-664	752	-33
-660	752	-28
-657	744	-24
-661	748	-25
-665	752	-25
-665	753	-20
-666	752	-25
-666	760	-21
-660	751	-23
-665	752	-17
-665	744	-25
-656	751	-18
-669	739	-21
-669	745	-25
-673	752	-23
-673	753	-25
-669	743	-20
-669	752	-16
-666	760	-8
-665	753	-9
-666	742	-13
-668	737	-2
-666	745	-10
-662	745	-2
-669	752	-1
-672	736	-4
-669	743	4
-665	760	-2
-669	763	-13
-672	756	-32
-669	751	-41
-665	751	-40
-661	752	-34
-660	751	-29
-653	755	-29
-656	760	-25
-652	753	-25
-648	750	-18
-648	761	-16
-652	764	-18
-656	766	-16
-656	759	-10
-663	755	-13
-665	760	-28
-660	766	-48
-656	723	-55
-656	732	-47
-658	775	-31
-660	761	-24
-656	790	-31
-649	775	-29
-650	767	-39
-666	755	-47
-666	718	-28
-656	732	-29
-663	774	-25
-660	739	-32
-648	748	-45
-657	792	-45
-655	755	-34
-657	744	-40
-649	743	-48
-660	753	-49
-664	752	-53
-668	745	-57
-665	752	-61
-664	751	-49
-664	761	-56
-656	763	-64
-661	752	-66
-660	744	-66
-664	752	-65
-656	755	-63
-653	753	-66
-655	758	-66
-660	763	-72
-658	760	-68
-661	752	-61
-660	752	-64
-656	747	-66
-658	758	-60
-661	760	-53
-655	752	-52
-660	748	-74
-665	763	-64
-658	748	-56
-660	751	-58
-655	760	-55
-660	752	-64
-660	743	-64
-653	750	-50
-656	753	-56
-665	771	-64
-660	798	-68
-653	755	-55
-648	747	-56
-648	743	-52
-644	758	-50
-652	760	-44
-656	776	-37
-656	780	-45
-658	758	-40
-655	743	-41
-656	752	-39
-653	756	-39
-650	767	-45
-658	766	-42
-658	753	-33
-656	737	-36
-656	745	-36
-660	760	-45
-660	759	-45
-655	767	-34
-663	776	-36
-656	740	-42
-650	728	-57
-656	774	-52
-656	783	-41
-653	764	-48
-656	760	-55
-658	748	-57
-648	750	-58
-648	761	-56
-644	761	-52
-649	764	-61
-655	775	-57
-656	766	-64
-660	759	-65
-653	761	-65
-648	748	-68
-641	752	-53
-655	771	-61
-657	755	-64
-656	758	-66
-657	752	-72
-656	747	-68
-648	760	-61
-653	775	-63
-653	769	-71
-655	752	-66
-650	755	-66
-648	753	-66
-644	756	-65
-645	758	-64
-649	750	-66
-649	745	-74
-663	775	-77
-648	721	-77
-639	756	-72
-647	771	-89
-647	775	-93
-660	759	-90
-696	772	-109
-682	735	-116
-666	764	-109
-626	785	-95
-605	760	-93
-607	764	-89
-628	776	-101
-642	739	-105
-641	760	-97
-634	792	-79
-653	775	-96
-660	756	-100
-656	743	-101
-647	743	-89
-650	755	-82
-644	764	-79
-641	766	-79
-640	764	-80
-649	775	-63
-653	796	-52
-637	823	-41
-612	812	-16
-617	748	-13
-653	719	-25
-680	696	-37
-704	702	-49
-693	720	-49
-664	764	-49
-637	795	-61
-625	774	-56
-633	755	-41
-657	771	-47
-692	723	-57
-705	711	-84
-685	724	-100
-660	736	-85
-648	775	-68
-648	775	-31
-666	752	-31
-692	721	-45
-705	736	-58
-701	721	-55
-676	743	-52
-663	750	-64
-663	732	-80
-660	699	-100
-669	711	-87
-680	719	-40
-680	705	-18
-697	774	-13
-672	823	4
-650	769	-4
-658	752	-13
-693	713	-29
-712	688	-40
-701	679	-34
-697	728	-20
-689	804	-9
-681	777	-18
-663	763	-16
-648	748	-16
-636	748	-1
-636	760	16
-648	758	15
-652	736	7
-665	737	-8
-668	748	1
-680	758	-1
-677	751	-4
-672	743	-10
-673	732	-5
-674	724	-8
-676	742	-12
-681	743	-26
-688	747	-34
-684	752	-34
-677	753	-37
-672	736	-40
-669	731	-40
-676	739	-34
-689	748	-36
-681	748	-28
-669	729	-28
-672	728	-21
-677	727	-26
-685	728	-40
-681	735	-48
-682	732	-52
-685	718	-61
-689	718	-56
-692	732	-40
-693	740	-37
-688	736	-26
-682	729	-20
-677	735	-40
-676	752	-61
-680	744	-57
-672	739	-55
-664	737	-48
-665	734	-44
-671	731	-33
-673	723	-32
-672	739	-41
-669	750	-41
-666	748	-45
-672	756	-40
-671	758	-34
-672	752	-40
-673	737	-42
-665	736	-39
-653	751	-45
-655	761	-56
-660	766	-49
-657	771	-45
-658	775	-47
-658	761	-56
-648	755	-55
-642	756	-57
-634	752	-60
-641	760	-60
-645	763	-61
-644	759	-60
-649	760	-68
-648	764	-64
-649	761	-64
-649	766	-63
-644	771	-72
-645	775	-71
-641	764	-57
-637	758	-66
-642	763	-72
-645	760	-72
-644	759	-64
-645	774	-69
-644	769	-68
-637	774	-72
-640	769	-72
-642	761	-68
-642	764	-68
-641	760	-68
-637	764	-77
-642	766	-77
-639	771	-80
-639	764	-88
-647	769	-92
-633	766	-84
-637	748	-82
-641	763	-90
-644	780	-85
-648	782	-87
-647	771	-84
-644	760	-88
-644	755	-93
-641	755	-84
-648	761	-80
-642	777	-80
-642	776	-89
-644	771	-89
-633	758	-82
-644	752	-77
-650	755	-76
-652	759	-79
-644	769	-84
-642	771	-89
-645	769	-93
-652	771	-88
-650	755	-88
-645	743	-79
-640	758	-80
-645	774	-85
-637	768	-77
-641	771	-73
-645	767	-82
-644	763	-77
-648	759	-81
-639	755	-77
-644	758	-81
-648	753	-80
-650	760	-84
-645	763	-84
-639	760	-80
-639	766	-84
-639	764	-84
-634	768	-80
-639	763	-84
-634	758	-81
-644	760	-85
-642	771	-93
-640	767	-89
-641	782	-96
-633	775	-104
-628	771	-103
-629	764	-101
-632	766	-100
-633	764	-97
-634	769	-100
-640	775	-111
-637	772	-106
-634	775	-109
-636	776	-104
-636	780	-113
-629	769	-109
-632	769	-105
-628	760	-100
-631	775	-105
-628	780	-111
-632	776	-116
-629	777	-119
-632	780	-113
-631	764	-112
-626	763	-109
-631	771	-114
-637	775	-109
-641	777	-114
-632	775	-108
-625	766	-97
-628	766	-97
-624	764	-108
-625	774	-105
-629	775	-105
-632	774	-106
-629	775	-106
-628	772	-104
-625	777	-97
-623	778	-98
-623	776	-100
-625	775	-104
-637	771	-105
-639	777	-92
-631	775	-101
-628	775	-109
-626	771	-108
-628	768	-101
-631	771	-100
-628	776	-104
-629	775	-105
-636	777	-109
-623	780	-112
-623	774	-114
-624	776	-113
-624	775	-111
-628	771	-113
-625	767	-116
-632	774	-108
-628	783	-105
-625	775	-113
-628	776	-109
-631	783	-112
-628	776	-113
-628	777	-113
-626	777	-106
-625	780	-97
-612	783	-89
-621	780	-89
-624	775	-89
-621	783	-97
-618	776	-105
-612	775	-109
-616	780	-112
-612	777	-108
-617	783	-113
-618	791	-105
-610	791	-89
-609	791	-84
-609	792	-82
-604	796	-82
-605	796	-96
-609	787	-104
-610	792	-101
-612	793	-100
-607	783	-97
-610	787	-97
-609	785	-104
-612	796	-100
-616	790	-98
-615	783	-101
-612	784	-98
-609	787	-100
-609	783	-104
-615	790	-108
-615	791	-106
-613	791	-106
-610	785	-104
-609	788	-104
-616	790	-97
-621	787	-104
-625	783	-103
-621	782	-103
-616	776	-104
-616	780	-104
-616	780	-95
-615	780	-95
-618	783	-93
-625	787	-93
-616	792	-93
-612	790	-93
-609	787	-95
-616	798	-100
-610	790	-96
-609	784	-90
-610	780	-89
-609	790	-89
-609	792	-95
-609	787	-98
-612	788	-98
-615	787	-105
-609	792	-100
-605	793	-100
-605	793	-100
-612	788	-97
-616	791	-97
-616	774	-97
-612	784	-97
-609	803	-104
-601	808	-104
-608	796	-98
-610	793	-106
-609	787	-112
-610	780	-113
-608	780	-105
-604	788	-103
-612	800	-96
-613	796	-100
-610	791	-100
-607	787	-104
-612	791	-105
-612	792	-113
-616	785	-104
-612	783	-109
-616	788	-109
-608	792	-100
-607	791	-97
-600	787	-100
-612	787	-104
-609	782	-108
-601	785	-111
-601	787	-104
-605	787	-106
-612	783	-116
-615	787	-109
-617	791	-113
-616	775	-113
-609	780	-119
-620	803	-125
-612	792	-121
-613	792	-105
-612	796	-104
-615	783	-116
-612	779	-117
-609	787	-116
-605	783	-119
-612	787	-109
-616	792	-113
-618	792	-113
-625	790	-111
-623	792	-104
-618	775	-98
-621	772	-100
-621	780	-108
-621	780	-109
-616	785	-100
-615	787	-104
-616	783	-97
-610	782	-97
-616	780	-98
-616	783	-97
-616	785	-96
-612	788	-95
-616	792	-100
-616	788	-97
-624	793	-92
-613	775	-93
-616	779	-84
-618	787	-89
-616	787	-93
-615	792	-93
-617	791	-97
-617	793	-92
-615	787	-87
-612	785	-97
-612	791	-93
-605	791	-93
-602	796	-93
-605	783	-89
-612	784	-93
-610	784	-90
-608	793	-85
-601	801	-88
-609	792	-93
-612	785	-90
-607	792	-89
-609	787	-97
-610	792	-100
-613	796	-104
-618	790	-109
-618	788	-100
-610	788	-104
-605	780	-104
-605	787	-104
-613	791	-97
-613	795	-97
-615	796	-97
-615	790	-103
-607	774	-100
-601	799	-103
-607	799	-98
-612	790	-96
-609	790	-89
-612	796	-98
-609	799	-87
-610	799	-84
-609	806	-79
-608	798	-93
-609	787	-93
-605	792	-89
-604	792	-80
-601	796	-72
-596	780	-57
-592	791	-57
-609	800	-68
-609	795	-68
-616	798	-72
-609	807	-74
-604	798	-71
-601	799	-74
-597	801	-73
-605	812	-71
-607	814	-68
-605	783	-50
-605	792	-58
-599	796	-61
-601	796	-57
-601	798	-66
-602	803	-68
-601	806	-64
-600	803	-58
-604	799	-64
-605	801	-69
-605	798	-64
-602	799	-68
-607	807	-68
-597	798	-72
-602	806	-73
-599	803	-72
-599	792	-57
-596	796	-65
-601	803	-80
-601	796	-72
-601	803	-72
-601	803	-72
-601	811	-74
-601	819	-72
-589	784	-48
-599	817	-34
-604	814	-17
-601	815	-5
-593	807	8
-592	808	28
-591	790	41
-596	814	31
-580	803	38
-586	846	47
-592	811	24
-600	795	12
-596	816	-8
-596	812	-16
-596	816	-20
-595	820	-26
-594	801	-25
-596	806	-29
-601	803	-29
-599	796	-32
-599	799	-33
-600	804	-41
-601	803	-48
-602	804	-52
-600	806	-56
-607	793	-72
-602	792	-72
-608	804	-74
-601	803	-74
-610	800	-80
-602	791	-85
-609	783	-96
-612	814	-90
-618	788	-97
-609	766	-100
-602	792	-93
-605	787	-97
-609	795	-104
-605	792	-111
-610	798	-116
-610	788	-121
-609	792	-121
-610	785	-116
-612	784	-125
-605	787	-130
-600	776	-132
-601	791	-137
-600	799	-141
-605	783	-140
-602	783	-136
-607	792	-141
-605	788	-136
-596	776	-143
-602	784	-145
-609	792	-141
-612	796	-140
-607	796	-132
-605	787	-141
-604	779	-136
-601	777	-144
-601	775	-148
-605	782	-146
-612	792	-144
-609	785	-136
-605	785	-137
-609	788	-136
-610	787	-133
-605	784	-140
-607	787	-135
-605	784	-136
-601	785	-136
-607	788	-137
-609	785	-137
-609	787	-133
-609	785	-140
-601	787	-130
-601	790	-133
-615	793	-141
-601	796	-117
-609	790	-136
-607	784	-136
-601	777	-133
-605	793	-127
-596	792	-117
-605	799	-121
-607	800	-109
-608	799	-104
-608	795	-101
-604	796	-90
-601	791	-88
-602	792	-87
-605	793	-79
-605	793	-76
-607	798	-80
-607	799	-81
-608	795	-77
-609	796	-71
-609	792	-73
-607	798	-68
-602	792	-57
-605	799	-45
-599	799	-36
-609	792	-34
-600	799	-16
-609	812	-32
-613	803	-41
-613	792	-40
-612	785	-45
-617	783	-50
-618	796	-57
-612	801	-64
-613	799	-63
-615	792	-61
-612	792	-56
-612	788	-55
-612	785	-57
-615	787	-64
-618	785	-66
-618	793	-65
-616	792	-68
-610	788	-72
-621	783	-80
-618	784	-90
-616	784	-96
-615	790	-93
-615	783	-97
-612	787	-98
-617	784	-98
-616	791	-101
-616	787	-104
-616	791	-106
-607	780	-116
-607	783	-114
-612	787	-119
-610	785	-125
-608	787	-121
-612	784	-125
-605	785	-129
-609	788	-133
-609	790	-135
-613	780	-136
-604	783	-129
-604	793	-135
-605	793	-136
-605	792	-135
-604	788	-140
-602	766	-140
-602	774	-148
-605	792	-161
-600	792	-175
-602	796	-177
-601	800	-168
-605	790	-168
-601	780	-172
-600	771	-175
-597	783	-183
-599	780	-177
-600	792	-175
-599	787	-181
-608	787	-180
-599	782	-177
-599	783	-180
-596	774	-184
-593	775	-185
-596	776	-184
-596	785	-185
-598	791	-183
-601	787	-189
-594	792	-191
-585	783	-191
-589	783	-205
-589	780	-200
-588	776	-200
-599	777	-210
-597	777	-220
-593	795	-210
-577	759	-208
-602	787	-231
-601	771	-220
-596	764	-212
-599	768	-213
-602	771	-217
-601	783	-216
-596	791	-208
-596	785	-200
-596	793	-189
-592	791	-185
-592	788	-172
-601	785	-160
-610	784	-153
-617	776	-148
-616	776	-144
-613	774	-141
-612	779	-124
-612	780	-119
-613	787	-114
-609	783	-116
-613	780	-104
-612	783	-97
-612	792	-97
-616	788	-96
-618	791	-88
-616	791	-84
-621	787	-93
-620	792	-97
-623	791	-97
-610	787	-100
-609	755	-84
-601	785	-92
-617	824	-113
-615	803	-90
-609	785	-88
-607	785	-90
-605	777	-89
-605	796	-96
-599	793	-98
-605	798	-97
-605	796	-106
-612	799	-104
-601	787	-104
-597	796	-116
-593	799	-116
-599	801	-140
-600	796	-140
-602	784	-151
-601	791	-148
-601	782	-145
-596	783	-140
-601	798	-129
-593	803	-128
-605	812	-130
-596	775	-114
-612	780	-128
-605	792	-130
-609	790	-121
-601	790	-125
-600	796	-121
-596	790	-122
-602	785	-132
-600	788	-135
-607	792	-129
-612	792	-127
-612	795	-125
-609	793	-130
-601	790	-132
-599	792	-121
-597	792	-134
-594	791	-136
-596	799	-125
-605	799	-127
-601	793	-125
-605	808	-122
-608	795	-121
-609	780	-128
-605	796	-125
-600	799	-109
-605	791	-114
-599	795	-106
-599	793	-93
-597	796	-98
-601	777	-89
-601	790	-68
-615	801	-77
-601	791	-73
-594	811	-93
-593	803	-95
-589	800	-121
-594	775	-116
-593	817	-121
-597	792	-145
-594	812	-161
-592	790	-165
-601	788	-170
-596	776	-180
-593	790	-167
-592	783	-160
-594	783	-160
-589	796	-157
-593	799	-169
-591	793	-175
-592	798	-160
-596	792	-160
-583	791	-164
-592	790	-162
-596	795	-161
-600	796	-165
-596	787	-168
-599	787	-170
-592	780	-162
-592	780	-165
-596	787	-168
-597	783	-172
-601	792	-161
-600	792	-160
-594	790	-160
-601	791	-170
-601	787	-169
-597	793	-168
-594	787	-161
-601	787	-161
-601	791	-157
-597	790	-152
-599	776	-157
-607	779	-161
-604	784	-143
-605	798	-144
-601	796	-141
-601	792	-122
-608	798	-111
-605	796	-105
-605	796	-104
-601	799	-96
-596	796	-90
-596	803	-82
-601	807	-73
-600	806	-68
-585	780	-66
-592	796	-68
-596	798	-81
-605	799	-88
-607	806	-100
-612	799	-92
-609	808	-93
-594	796	-100
-594	803	-121
-592	782	-143
-596	780	-146
-601	783	-153
-600	777	-159
-604	780	-175
-608	790	-188
-605	807	-191
-596	760	-196
-608	783	-201
-601	809	-209
-601	783	-202
-599	769	-180
-599	783	-157
-592	792	-146
-589	798	-136
-589	788	-122
-593	793	-116
-596	803	-121
-605	803	-124
-602	807	-117
-601	806	-113
-592	798	-104
-592	796	-95
-589	799	-103
-591	799	-103
-601	812	-113
-588	779	-90
-591	807	-98
-596	825	-106
-592	808	-80
-588	799	-82
-585	803	-97
-588	799	-100
-586	803	-104
-584	803	-96
-585	812	-89
-585	811	-92
-588	814	-97
-591	812	-104
-588	803	-92
-589	806	-96
-589	804	-95
-592	800	-98
-596	812	-105
-589	808	-93
-589	807	-89
-580	800	-92
-581	807	-92
-592	800	-100
-599	822	-97
-596	831	-90
-597	824	-88
-592	799	-69
-586	790	-61
-589	811	-36
-589	803	-13
-596	820	-1
-596	822	16
-573	777	12
-589	824	19
-592	822	3
-584	806	-5
-589	807	-40
-588	819	-55
-592	816	-56
-584	816	-61
-584	820	-72
-586	812	-64
-589	803	-71
-588	809	-92
-586	816	-104
-584	807	-106
-592	804	-104
-584	811	-97
-591	819	-95
-585	816	-82
-580	820	-93
-585	824	-96
-586	798	-84
-580	796	-93
-581	799	-109
-578	796	-97
-584	812	-93
-592	824	-104
-589	820	-100
-589	816	-97
-586	804	-93
-584	806	-97
-586	807	-109
-585	807	-108
-581	812	-97
-585	814	-97
-575	816	-104
-581	807	-105
-584	808	-109
-589	816	-109
-589	819	-101
-584	800	-103
-573	807	-100
-580	798	-105
-589	817	-104
-592	814	-105
-586	817	-109
-584	822	-111
-591	803	-101
-575	777	-93
-580	825	-103
-588	816	-109
-592	816	-106
-588	806	-97
-569	787	-82
-578	816	-88
-581	798	-104
-593	803	-121
-600	799	-143
-596	825	-121
-589	814	-120
-580	796	-129
-577	792	-143
-583	785	-153
-586	788	-164
-581	791	-172
-580	803	-167
-584	803	-185
-584	803	-218
-584	799	-225
-592	801	-218
-586	772	-193
-605	755	-229
-584	793	-221
-586	790	-224
-597	779	-208
-593	792	-199
-592	795	-193
-585	800	-188
-583	792	-177
-592	791	-173
-600	796	-160
-593	800	-141
-594	798	-132
-593	792	-120
-592	793	-109
-591	799	-97
-594	800	-92
-596	792	-72
-591	816	-56
-594	812	-10
-592	803	1
-592	807	-2
-594	784	-16
-584	774	-10
-585	835	7
-589	831	14
-591	807	12
-589	819	-13
-601	811	-28
-591	803	-29
-584	812	-29
-586	830	-26
-585	800	-33
-589	801	-36
-591	801	-37
-586	816	-47
-586	808	-61
-592	807	-65
-594	806	-92
-592	816	-108
-588	807	-119
-586	807	-132
-593	793	-153
-596	787	-160
-607	793	-168
-594	792	-145
-588	784	-133
-600	812	-138
-601	796	-124
-605	788	-122
-600	792	-135
-593	787	-144
-593	785	-138
-601	792	-144
-609	785	-144
-610	782	-146
-605	796	-144
-601	807	-141
-597	793	-135
-597	801	-125
-589	799	-122
-589	792	-121
-592	793	-130
-594	792	-132
-592	799	-124
-596	804	-121
-589	804	-116
-589	806	-128
-591	803	-128
-594	803	-116
-593	812	-97
-594	816	-77
-583	814	-72
-577	806	-65
-580	799	-64
-586	812	-66
-577	807	-64
-593	807	-66
-589	820	-61
-592	812	-68
-589	807	-74
-589	807	-66
-586	808	-57
-592	811	-57
-589	808	-56
-588	815	-52
-584	812	-57
-583	814	-61
-580	809	-63
-586	814	-65
-584	807	-64
-580	809	-64
-584	819	-63
-584	822	-68
-585	816	-65
-589	807	-66
-588	817	-68
-584	812	-64
-585	815	-68
-584	816	-74
-583	819	-77
-580	816	-71
-577	812	-66
-580	816	-69
-584	812	-74
-565	807	-61
-580	827	-58
-588	835	-68
-596	828	-77
-584	807	-66
-589	798	-56
-584	803	-57
-584	817	-65
-584	817	-80
-584	823	-77
-589	816	-80
-589	822	-77
-589	809	-86
-585	798	-90
-591	792	-100
-596	798	-97
-596	796	-104
-601	796	-104
-597	799	-106
-605	811	-124
-605	796	-134
-604	783	-141
-604	782	-144
-596	784	-157
-597	777	-152
-601	792	-154
-609	799	-148
-589	771	-135
-609	783	-154
-607	803	-152
-612	787	-154
-607	776	-148
-605	777	-146
-602	783	-153
-601	777	-132
-609	785	-132
-612	799	-140
-613	806	-129
-612	799	-124
-612	787	-117
-599	791	-121
-584	743	-82
-570	854	-103
-577	799	-121
-580	784	-114
-569	801	-121
-541	790	-121
-528	796	-129
-530	833	-154
-543	839	-184
-560	838	-194
-570	852	-210
-549	827	-212
-533	838	-215
-517	832	-208
-505	835	-209
-481	847	-220
-457	860	-252
-434	884	-288
-385	896	-295
-345	907	-284
-289	931	-272
-249	972	-258
-208	993	-234
-173	998	-192
-159	1004	-161
-132	987	-154
-120	993	-164
-122	985	-180
-125	960	-177
-148	951	-160
-157	952	-138
-159	944	-132
-164	948	-135
-173	956	-138
-180	960	-144
-168	968	-148
-152	1001	-168
-133	1014	-177
-111	1001	-162
-104	992	-146
-104	969	-130
-116	956	-141
-130	972	-135
-136	967	-151
-144	984	-161
-148	999	-164
-153	1011	-177
-145	1003	-186
-128	980	-180
-121	972	-173
-132	953	-173
-153	956	-178
-170	959	-177
-192	961	-183
-210	961	-193
-225	956	-208
-216	972	-199
-208	966	-208
-200	979	-215
-217	975	-218
-220	982	-223
-220	974	-208
-228	951	-185
-244	940	-168
-253	943	-168
-264	944	-159
-277	956	-153
-287	955	-144
-296	945	-148
-306	944	-156
-311	942	-162
-317	934	-177
-314	920	-169
-327	926	-161
-345	927	-157
-361	940	-146
-372	959	-144
-372	971	-145
-353	956	-144
-345	927	-132
-345	900	-138
-359	887	-152
-373	899	-164
-377	920	-157
-377	923	-160
-373	944	-144
-388	927	-154
-396	912	-159
-381	903	-160
-375	889	-168
-364	873	-162
-359	880	-180
-330	915	-173
-320	940	-178
-301	960	-192
-305	979	-193
-313	975	-200
-328	958	-208
-327	935	-212
-328	911	-205
-343	894	-200
-362	886	-197
-365	867	-197
-381	830	-180
-388	876	-185
-345	944	-193
-327	931	-177
-285	1064	-184
-263	1068	-153
-240	999	-133
-236	972	-113
-232	956	-87
-247	961	-95
-257	944	-77
-261	987	-100
-255	966	-87
-271	985	-77
-281	951	-104
-273	955	-93
-260	927	-82
-261	977	-121
-273	988	-145
-217	952	-106
-256	967	-153
-264	960	-138
-226	979	-87
-234	995	-104
-249	977	-132
-256	952	-141
-250	951	-143
-253	950	-120
-244	963	-109
-247	995	-116
-260	975	-121
-255	987	-100
-256	975	-104
-264	955	-116
-253	942	-121
-255	966	-124
-245	984	-121
-269	975	-133
-272	932	-144
-271	950	-164
-266	934	-175
-272	947	-173
-282	966	-170
-280	966	-168
-276	944	-165
-274	929	-177
-292	958	-177
-288	944	-173
-292	935	-160
-289	963	-167
-292	940	-162
-296	952	-159
-304	952	-161
-312	956	-161
-317	934	-160
-319	923	-160
-312	916	-157
-305	920	-162
-298	939	-176
-303	952	-177
-308	960	-177
-305	964	-168
-300	967	-167
-288	952	-173
-288	942	-175
-285	927	-175
-296	921	-178
-309	929	-176
-317	928	-188
-314	940	-185
-308	950	-193
-301	948	-196
-296	960	-193
-289	955	-193
-290	950	-193
-296	943	-183
-297	940	-173
-298	929	-160
-304	923	-153
-313	913	-156
-328	931	-173
-328	976	-186
-292	980	-199
-241	982	-208
-215	995	-201
-212	992	-186
-241	960	-168
-281	950	-160
-324	952	-178
-351	934	-199
-356	924	-193
-359	913	-177
-365	923	-160
-372	920	-137
-376	920	-121
-386	912	-125
-385	908	-132
-362	935	-136
-370	910	-136
-392	897	-133
-415	905	-136
-420	892	-125
-420	907	-127
-420	908	-122
-420	908	-112
-417	927	-98
-429	894	-90
-434	876	-72
-439	902	-87
-455	881	-101
-453	871	-84
-449	892	-73
-460	920	-84
-465	860	-80
-458	871	-80
-465	892	-79
-477	855	-98
-481	871	-101
-481	855	-93
-489	851	-101
-492	847	-100
-463	870	-100
-458	911	-101
-464	915	-97
-457	921	-80
-464	883	-72
-471	856	-80
-461	879	-74
-448	881	-66
-449	883	-64
-455	918	-60
-456	908	-49
-447	895	-41
-433	924	-45
-433	932	-63
-432	911	-58
-436	908	-52
-439	902	-37
-440	871	-20
-441	908	-36
-452	924	-62
-449	884	-76
-441	912	-77
-447	899	-69
-448	900	-57
-437	907	-56
-432	908	-52
-423	921	-52
-421	908	-60
-420	919	-58
-425	911	-64
-426	919	-58
-433	911	-63
-429	913	-57
-433	905	-64
-421	908	-57
-428	904	-64
-424	908	-64
-428	910	-65
-431	902	-61
-429	913	-68
-433	904	-77
-425	911	-87
-433	924	-97
-404	856	-72
-386	913	-95
-385	966	-140
-396	935	-133
-391	931	-141
-408	915	-169
-409	888	-162
-393	895	-135
-402	894	-141
-407	931	-172
-420	1033	-161
-413	811	-96
-381	878	-82
-381	873	-93
-373	920	-93
-378	843	-152
-381	982	-205
-436	950	-257
-440	876	-221
-416	887	-173
-393	796	-305
-388	843	-340
-365	870	-317
-391	878	-377
-416	836	-432
-423	734	-536
-402	995	-456
-394	828	-416
-453	819	-431
-417	819	-368
-410	758	-413
-394	796	-329
-402	816	-308
-413	854	-346
-431	844	-346
-420	831	-360
-429	847	-385
-420	803	-369
-401	824	-366
-407	867	-373
-424	857	-362
-423	865	-349
-417	847	-348
-431	824	-365
-423	833	-320
-412	860	-285
-416	851	-296
-417	870	-308
-417	880	-322
-431	856	-317
-426	862	-292
-429	880	-277
-431	878	-269
-424	864	-241
-429	876	-226
-429	892	-217
-417	878	-208
-433	899	-210
-452	876	-210
-449	844	-217
-440	878	-204
-440	887	-201
-436	911	-196
-440	871	-160
-418	867	-138
-436	923	-161
-436	875	-157
-436	879	-157
-447	896	-157
-449	884	-159
-455	892	-157
-457	878	-159
-456	880	-152
-442	884	-145
-439	902	-141
-436	881	-137
-441	892	-141
-445	899	-146
-448	887	-148
-444	889	-136
-445	892	-132
-447	888	-130
-441	895	-141
-445	892	-141
-417	871	-144
-424	881	-145
-425	928	-136
-444	919	-148
-441	873	-140
-429	891	-144
-429	889	-148
-434	887	-149
-429	915	-148
-429	892	-143
-432	892	-133
-429	879	-128
-425	895	-129
-439	911	-124
-440	905	-109
-439	902	-113
-440	902	-113
-436	892	-104
-441	897	-109
-433	902	-108
-440	902	-109
-433	895	-113
-434	896	-114
-441	897	-109
-445	892	-104
-436	899	-116
-437	899	-121
-436	903	-117
-429	883	-109
-431	911	-112
-429	904	-114
-429	911	-119
-431	900	-125
-433	899	-114
-434	903	-121
-433	897	-122
-436	899	-119
-432	895	-116
-431	911	-128
-432	911	-127
-432	872	-121
-426	903	-125
-425	899	-114
-428	903	-125
-424	911	-125
-426	892	-125
-420	903	-114
-425	899	-114
-425	908	-120
-425	911	-128
-424	904	-121
-420	911	-114
-418	903	-114
-416	905	-113
-420	902	-119
-424	904	-124
-432	904	-119
-436	892	-140
-424	884	-112
-416	910	-112
-424	920	-122
-431	908	-136
-433	892	-149
-433	924	-125
-432	915	-97
-433	892	-109
-428	889	-111
-434	907	-130
-426	846	-125
-431	958	-132
-434	886	-125
-429	907	-105
-429	911	-104
-424	908	-104
-429	920	-112
-424	880	-117
-417	889	-111
-416	895	-108
-423	929	-106
-425	911	-104
-416	897	-105
-425	920	-120
-429	903	-114
-429	904	-84
-425	908	-66
-415	912	-65
-415	884	-61
-410	932	-90
-429	940	-113
-418	872	-100
-417	920	-80
-416	910	-69
-418	915	-71
-416	919	-68
-413	923	-72
-413	931	-71
-413	913	-73
-413	908	-77
-413	911	-72
-413	919	-72
-413	913	-63
-420	919	-71
-420	928	-87
-429	903	-103
-407	879	-77
-405	927	-69
-410	910	-74
-408	902	-80
-409	929	-87
-416	915	-90
-413	912	-80
-404	929	-84
-410	910	-84
-409	902	-77
-409	924	-90
-405	911	-104
-407	924	-93
-408	920	-89
-408	907	-80
-400	915	-72
-408	918	-87
-407	911	-98
-400	912	-104
-404	915	-93
-413	910	-96
-412	911	-93
-412	919	-93
-409	935	-96
-412	920	-95
-404	915	-96
-400	907	-104
-400	916	-101
-401	919	-105
-400	904	-109
-400	924	-97
-407	920	-97
-415	899	-96
-415	931	-93
-408	903	-89
-413	927	-89
-415	915	-92
-416	908	-95
-408	911	-93
-409	903	-103
-407	892	-93
-407	927	-77
-412	924	-72
-416	919	-72
-408	919	-69
-405	915	-79
-409	918	-80
-409	911	-79
-404	916	-77
-404	912	-77
-409	905	-77
-410	910	-74
-412	911	-89
-413	919	-77
-409	920	-64
-410	920	-61
-409	921	-71
-413	915	-84
-417	915	-90
-417	911	-82
-409	908	-64
-420	908	-100
-420	900	-85
-411	878	-108
-418	923	-144
-420	927	-141
-415	899	-140
-417	935	-144
-416	891	-129
-416	926	-141
-416	862	-128
-397	884	-144
-416	979	-170
-418	889	-148
-409	892	-160
-410	895	-160
-415	908	-153
-420	912	-152
-416	899	-154
-413	908	-159
-415	907	-148
-416	905	-136
-409	886	-141
-413	896	-148
-409	912	-141
-418	920	-132
-420	908	-120
-416	900	-113
-423	911	-109
-420	908	-104
-423	908	-98
-418	903	-96
-416	902	-93
-423	908	-93
-429	908	-100
-426	904	-97
-429	907	-95
-429	911	-93
-420	912	-90
-423	910	-98
-424	903	-98
-420	908	-97
-416	908	-89
-416	912	-93
-420	911	-89
-423	920	-80
-424	915	-80
-420	908	-88
-420	913	-89
-424	910	-95
-421	910	-92
-415	903	-89
-416	908	-90
-416	908	-85
-416	910	-82
-421	919	-93
-424	915	-85
-420	910	-80
-415	912	-79
-413	915	-82
-418	918	-93
-420	911	-87
-412	905	-82
-400	918	-80
-418	921	-87
-420	903	-89
-413	920	-68
-413	926	-71
-426	913	-89
-415	904	-95
-410	907	-92
-417	907	-87
-423	905	-84
-417	910	-77
-423	904	-88
-420	905	-88
-413	915	-89
-416	921	-89
-410	920	-80
-409	913	-80
-413	913	-90
-410	913	-92
-409	915	-89
-409	921	-89
-412	919	-92
-404	916	-93
-413	916	-90
-413	919	-95
-413	927	-97
-415	923	-100
-413	905	-95
-409	900	-96
-410	905	-97
-407	911	-96
-413	919	-90
-410	915	-100
-417	911	-104
-418	904	-100
-420	907	-84
-418	911	-89
-418	910	-90
-424	911	-93
-416	915	-100
-424	916	-100
-429	899	-93
-421	891	-90
-416	899	-84
-420	912	-100
-433	936	-95
-441	895	-93
-433	920	-90
-440	908	-97
-429	892	-100
-423	907	-93
-424	899	-90
-425	905	-89
-425	902	-90
-434	903	-96
-434	905	-90
-433	903	-86
-432	904	-81
-436	902	-84
-432	896	-89
-428	910	-84
-432	903	-80
-433	902	-80
-428	903	-81
-429	900	-87
-429	908	-84
-432	905	-80
-432	907	-80
-432	894	-87
-424	902	-81
-423	903	-84
-428	911	-84
-429	920	-74
-424	915	-72
-426	910	-87
-428	905	-87
-424	905	-77
-423	910	-76
-431	910	-76
-424	911	-80
-425	911	-84
-420	912	-89
-417	899	-88
-413	910	-74
-418	904	-79
-420	908	-72
-420	908	-72
-417	910	-79
-416	915	-84
-421	913	-84
-417	912	-80
-416	915	-89
-413	913	-76
-415	911	-80
-417	918	-87
-417	908	-77
-420	911	-88
-416	910	-93
-416	908	-87
-424	910	-85
-423	911	-84
-429	899	-89
-423	908	-89
-420	920	-87
-426	911	-88
-423	911	-96
-424	912	-84
-433	902	-95
-424	905	-100
-425	908	-108
-428	899	-97
-429	905	-85
-429	912	-89
-431	900	-95
-437	883	-90
-436	927	-100
-440	904	-112
-420	908	-93
-432	934	-84
-409	900	-105
-432	942	-98
-437	883	-114
-424	878	-112
-428	904	-113
-431	900	-103
-436	899	-97
-433	899	-101
-432	903	-98
-434	903	-93
-429	908	-93
-433	902	-97
-432	899	-104
-424	899	-89
-428	911	-104
-425	902	-97
-429	912	-101
-429	912	-109
-434	888	-104
-433	915	-104
-436	899	-103
-426	889	-104
-424	903	-112
-426	899	-113
-429	911	-109
-424	910	-109
-434	905	-106
-432	908	-105
-432	897	-112
-429	902	-112
-429	911	-116
-424	910	-105
-418	899	-103
-417	915	-100
-416	919	-97
-418	907	-93
-420	911	-100
-425	905	-105
-424	900	-109
-421	908	-112
-420	910	-106
-413	911	-93
-415	911	-90
-416	903	-98
-424	903	-104
-423	908	-104
-421	921	-93
-424	904	-90
-416	911	-93
-416	907	-89
-413	903	-96
-417	903	-97
-416	911	-98
-420	911	-101
-416	913	-100
-420	911	-100
-415	911	-93
-420	916	-96
-417	915	-100
-416	908	-100
-413	911	-93
-416	908	-98
-416	908	-104
-416	905	-100
-413	915	-101
-415	911	-104
-416	911	-103
-416	904	-104
-412	900	-109
-413	908	-100
-413	924	-100
-417	918	-104
-417	907	-106
-409	908	-113
-416	910	-120
-409	908	-111
-420	900	-112
-417	903	-122
-416	919	-137
-409	889	-125
-392	876	-116
-404	929	-156
-408	929	-168
-410	918	-176
-409	905	-170
-405	903	-172
-404	915	-183
-404	880	-168
-393	904	-161
-392	915	-160
-402	918	-154
-400	888	-164
-400	894	-168
-407	920	-161
-409	908	-162
-409	912	-157
-402	916	-152
-402	910	-148
-409	916	-135
-413	911	-135
-409	903	-117
-407	894	-104
-410	911	-109
-404	907	-105
-408	911	-112
-413	911	-109
-410	911	-113
-413	919	-106
-413	908	-105
-416	905	-109
-412	910	-113
-410	911	-114
-413	915	-112
-413	911	-109
-413	915	-104
-409	911	-104
-415	910	-104
-413	912	-105
-415	910	-109
-418	911	-103
-420	908	-100
-415	908	-96
-416	911	-105
-413	910	-97
-410	903	-98
-416	928	-97
-421	905	-96
-417	899	-101
-420	908	-103
-420	910	-100
-420	911	-92
-421	913	-100
-420	908	-95
-420	915	-97
-415	918	-106
-412	894	-109
-408	880	-84
-412	961	-101
-418	910	-104
-420	902	-105
-413	912	-116
-416	905	-117
-421	900	-105
-420	908	-101
-421	908	-98
-413	915	-93
-413	919	-97
-416	915	-105
-420	926	-105
-415	871	-117
-413	911	-152
-404	903	-97
-424	944	-111
-424	915	-106
-406	889	-109
-409	908	-132
-416	924	-132
-410	911	-100
-424	895	-168
-423	912	-138
-409	875	-84
-413	902	-112
-412	903	-104
-410	924	-113
-420	947	-122
-413	921	-109
-413	880	-162
-400	895	-141
-413	915	-90
-416	897	-121
-404	908	-109
-408	912	-116
-416	923	-120
-417	931	-105
-400	878	-116
-405	915	-159
-409	892	-117
-420	920	-105
-420	905	-113
-413	907	-109
-410	908	-121
-416	916	-116
-415	908	-113
-410	908	-124
-413	903	-121
-408	908	-119
-416	904	-121
-417	915	-121
-416	904	-116
-416	908	-105
-416	910	-114
-417	915	-117
-418	912	-121
-413	904	-121
-417	908	-124
-416	899	-121
-413	904	-116
-418	915	-116
-418	911	-120
-424	905	-113
-421	903	-114
-424	910	-117
-417	908	-114
-413	908	-113
-410	907	-116
-416	908	-116
-418	903	-114
-417	912	-116
-423	911	-119
-423	911	-116
-418	908	-109
-415	913	-104
-413	903	-109
-418	904	-105
-420	903	-104
-420	908	-105
-420	908	-101
-415	908	-97
-418	915	-95
-413	903	-93
-413	904	-89
-416	910	-89
-413	903	-92
-413	908	-90
-413	912	-87
-418	918	-87
-416	919	-88
-420	915	-100
-420	911	-92
-410	903	-96
-413	915	-97
-412	915	-77
-410	918	-87
-416	915	-89
-413	915	-93
-421	915	-90
-418	915	-85
-409	920	-74
-409	924	-81
-416	919	-90
-418	904	-95
-409	908	-96
-409	913	-97
-409	913	-87
-415	913	-92
-416	912	-89
-416	913	-93
-413	905	-90
-410	920	-89
-425	924	-95
-416	927	-96
-413	884	-100
-420	888	-98
-413	896	-87
-413	918	-87
-415	919	-87
-417	924	-82
-416	919	-88
-420	911	-93
-416	910	-100
-413	908	-101
-413	919	-100
-410	911	-95
-416	912	-95
-416	920	-93
-413	899	-89
-418	891	-97
-425	880	-106
-433	888	-113
-436	891	-117
-429	892	-109
-433	903	-116
-433	911	-122
-438	903	-121
-440	905	-122
-433	913	-122
-428	919	-117
-429	911	-114
-425	908	-113
-426	897	-113
-423	902	-117
-424	888	-124
-425	903	-128
-433	911	-121
-425	918	-119
-420	920	-103
-413	927	-100
-413	935	-105
-415	912	-109
-410	879	-104
-418	908	-112
-433	920	-100
-433	902	-104
-429	891	-106
-436	883	-113
-433	867	-116
-434	883	-116
-436	892	-121
-445	896	-119
-445	894	-113
-450	896	-104
-450	895	-108
-458	895	-116
-464	880	-121
-464	883	-128
-464	878	-136
-463	876	-136
-456	871	-132
-456	884	-130
-449	899	-125
-449	902	-124
-452	908	-111
-452	899	-112
-447	899	-122
-437	894	-128
-433	896	-124
-432	897	-129
-436	895	-122
-431	894	-120
-429	894	-106
-426	896	-116
-424	892	-120
-431	894	-117
-429	899	-112
-436	908	-98
-442	880	-106
-450	902	-127
-442	899	-137
-449	895	-161
-452	879	-184
-449	876	-202
-448	883	-210
-445	871	-205
-457	867	-199
-464	871	-201
-465	876	-192
-464	880	-181
-468	878	-176
-464	878	-177
-468	879	-177
-465	880	-173
-468	895	-167
-474	868	-157
-477	851	-136
-474	844	-130
-473	849	-148
-464	852	-153
-463	883	-160
-464	894	-151
-461	884	-136
-465	887	-141
-477	873	-169
-472	871	-170
-463	862	-168
-463	871	-160
-464	883	-160
-464	878	-157
-465	880	-153
-464	888	-154
-463	883	-159
-463	876	-159
-464	880	-164
-464	880	-160
-461	879	-160
-455	862	-167
-455	883	-173
-449	881	-164
-452	880	-160
-453	880	-162
-464	887	-165
-464	892	-167
-463	883	-170
-456	878	-169
-455	876	-168
-450	880	-162
-456	881	-152
-457	887	-153
-463	881	-164
-458	881	-159
-452	880	-159
-450	879	-164
-455	883	-157
-452	878	-157
-456	872	-160
-455	887	-159
-456	880	-159
-455	875	-160
-452	886	-160
-458	881	-160
-447	879	-153
-449	881	-160
-456	883	-161
-453	876	-165
-450	880	-164
-452	876	-164
-449	880	-162
-444	889	-157
-449	888	-159
-456	888	-160
-452	887	-157
-449	880	-153
-441	876	-160
-450	883	-168
-449	886	-173
-445	888	-167
-441	895	-157
-439	889	-160
-434	887	-153
-431	884	-153
-433	891	-157
-439	884	-162
-436	883	-160
-444	888	-157
-445	883	-161
-442	888	-160
-441	889	-157
-439	888	-159
-442	891	-161
-445	892	-164
-445	892	-161
-445	888	-159
-441	886	-164
-439	892	-160
-425	880	-157
-423	902	-156
-426	896	-168
-425	894	-170
-430	894	-159
-433	897	-151
-425	899	-143
-424	891	-148
-431	892	-159
-432	896	-164
-433	896	-153
-436	897	-148
-441	886	-152
-445	880	-156
-456	867	-161
-447	873	-167
-441	876	-177
-441	878	-164
-436	915	-164
-420	928	-144
-404	864	-125
-420	944	-160
-433	916	-191
-418	876	-192
-410	864	-197
-404	870	-196
-405	887	-197
-409	905	-197
-409	921	-191
-420	929	-192
-418	924	-180
-401	916	-173
-385	911	-178
-369	910	-186
-359	886	-176
-369	889	-162
-409	903	-170
-429	905	-189
-429	931	-180
-413	940	-177
-391	897	-160
-381	879	-136
-392	873	-149
-409	876	-162
-412	903	-170
-404	931	-160
-397	940	-153
-392	952	-130
-392	920	-112
-404	900	-109
-420	875	-121
-431	879	-144
-426	889	-168
-410	896	-176
-377	888	-177
-389	915	-168
-417	924	-154
-426	923	-140
-433	920	-136
-445	920	-153
-433	912	-159
-418	911	-168
-410	915	-168
-401	911	-160
-388	887	-154
-393	865	-148
-407	864	-152
-429	875	-160
-429	920	-144
-420	947	-121
-417	950	-121
-418	908	-144
-408	886	-162
-408	875	-177
-413	880	-172
-409	911	-152
-418	928	-128
-416	931	-124
-409	911	-129
-409	892	-141
-418	883	-157
-425	888	-165
-426	907	-148
-420	903	-132
-418	911	-124
-424	900	-132
-429	888	-138
-433	888	-153
-434	905	-144
-431	899	-138
-424	912	-132
-416	903	-130
-410	905	-136
-408	908	-137
-410	903	-143
-413	912	-136
-410	919	-130
-416	929	-125
-413	883	-125
-392	902	-136
-397	913	-137
-405	912	-136
-410	920	-130
-413	921	-129
-404	903	-132
-394	888	-141
-392	900	-136
-400	915	-143
-405	921	-135
-400	915	-121
-401	924	-124
-402	911	-136
-400	904	-138
-399	920	-145
-402	912	-144
-396	908	-135
-399	908	-130
-400	910	-130
-400	907	-135
-400	915	-135
-400	916	-137
-407	923	-125
-408	911	-122
-404	915	-121
-404	905	-128
-401	916	-132
-397	900	-125
-393	911	-117
-400	915	-122
-407	916	-122
-409	927	-125
-409	908	-120
-402	912	-112
-404	905	-122
-404	908	-130
-397	926	-132
-389	888	-128
-392	935	-132
-397	913	-104
-394	911	-116
-396	926	-121
-396	924	-130
-394	920	-121
-392	908	-130
-392	910	-121
-392	911	-120
-397	918	-119
-407	904	-130
-405	904	-128
-405	920	-132
-408	916	-132
-410	912	-132
-402	905	-124
-400	910	-125
-404	920	-132
-402	916	-136
-408	911	-141
-412	907	-136
-416	908	-135
-413	899	-135
-413	915	-138
-407	908	-144
-404	908	-138
-404	908	-136
-400	900	-148
-408	908	-173
-416	835	-194
-408	951	-189
-404	926	-188
-410	924	-202
-388	911	-160
-385	918	-157
-376	902	-148
-381	888	-177
-377	913	-202
-400	924	-205
-416	911	-196
-409	895	-188
-409	887	-193
-404	897	-193
-400	903	-192
-408	903	-193
-407	911	-189
-420	911	-189
-418	903	-176
-412	910	-172
-407	907	-161
-404	902	-162
-404	902	-165
-401	907	-169
-401	911	-164
-401	905	-153
-408	897	-152
-404	892	-149
-407	896	-152
-404	886	-168
-399	926	-168
-407	903	-156
-394	887	-162
-383	920	-168
-391	905	-161
-392	911	-153
-401	916	-162
-400	911	-160
-397	915	-162
-396	915	-164
-397	911	-168
-400	894	-172
-391	896	-177
-388	915	-176
-397	918	-172
-392	910	-164
-397	918	-167
-408	904	-177
-394	895	-185
-400	916	-208
-400	907	-199
-385	911	-169
-392	900	-173
-385	912	-200
-397	892	-175
-388	900	-173
-391	911	-200
-399	873	-232
-396	940	-226
-399	928	-210
-388	878	-192
-368	908	-193
-372	915	-204
-386	919	-200
-392	897	-188
-393	881	-185
-388	887	-208
-397	905	-204
-392	911	-196
-394	904	-193
-391	896	-200
-397	921	-193
-388	903	-188
-388	911	-191
-385	905	-196
-386	904	-196
-385	908	-200
-381	903	-196
-378	903	-196
-385	899	-196
-388	902	-208
-392	916	-231
-385	910	-201
-377	887	-170
-378	891	-210
-381	897	-249
-372	835	-287
-349	822	-337
-328	807	-413
-335	811	-489
-335	803	-562
-340	767	-618
-333	710	-648
-336	689	-724
-353	680	-753
-324	633	-682
-220	742	-650
-349	695	-701
-276	732	-600
-300	764	-666
-296	752	-653
-341	702	-628
-319	696	-581
-281	711	-600
-276	707	-644
-280	716	-656
-285	723	-656
-290	723	-648
-295	716	-655
-296	710	-672
-297	707	-680
-313	668	-680
-320	675	-700
-298	627	-696
-276	528	-663
-266	647	-765
-279	623	-810
-303	615	-784
-314	595	-759
-303	639	-749
-277	665	-781
-281	655	-757
-274	675	-701
-281	734	-680
-288	688	-714
-289	691	-660
-266	705	-607
-280	747	-602
-285	785	-580
-313	792	-569
-320	796	-577
-328	799	-541
-328	785	-516
-325	785	-509
-328	796	-509
-328	796	-511
-327	792	-505
-327	777	-500
-332	791	-503
-337	803	-506
-341	807	-498
-338	809	-504
-331	816	-512
-325	812	-511
-333	803	-512
-329	800	-504
-336	806	-481
-337	799	-508
-338	807	-520
-340	803	-516
-338	795	-509
-333	790	-489
-337	800	-509
-333	785	-498
-328	814	-500
-340	825	-514
-333	812	-505
-340	831	-497
-341	844	-472
-340	799	-477
-337	831	-445
-336	841	-429
-344	819	-399
-353	833	-442
-370	799	-437
-349	801	-436
-397	924	-601
-346	718	-500
-346	728	-489
-365	775	-544
-369	769	-532
-343	747	-583
-392	745	-569
-373	737	-561
-373	719	-565
-370	726	-609
-361	756	-586
-367	662	-601
-360	750	-628
-375	759	-625
-375	659	-602
-357	697	-609
-356	691	-615
-365	687	-626
-373	672	-657
-373	636	-665
-354	611	-673
-357	671	-720
-360	636	-689
-344	639	-688
-360	694	-698
-369	648	-706
-353	648	-656
-337	681	-668
-349	680	-720
-354	638	-672
-335	696	-648
-349	719	-653
-356	729	-633
-353	710	-626
-356	723	-596
-353	743	-580
-361	739	-580
-353	728	-560
-349	739	-559
-356	752	-548
-346	780	-548
-352	771	-551
-353	798	-533
-356	785	-532
-369	804	-528
-370	766	-528
-349	759	-474
-313	809	-463
-338	863	-466
-349	835	-428
-349	871	-429
-353	865	-429
-352	870	-386
-346	835	-397
-356	796	-429
-351	824	-423
-360	830	-416
-345	863	-381
-353	880	-402
-356	862	-396
-369	879	-385
-356	871	-352
-353	903	-340
-351	892	-336
-359	880	-316
-356	884	-292
-352	876	-248
-356	883	-216
-356	888	-194
-354	919	-176
-353	932	-180
-353	935	-168
-344	904	-164
-353	920	-168
-340	921	-146
-335	945	-138
-340	932	-145
-333	944	-125
-328	931	-116
-314	952	-64
-297	955	-29
-298	953	-93
-333	984	-137
-328	960	-119
-328	927	-125
-329	908	-117
-325	915	-138
-335	952	-173
-320	913	-159
-324	952	-202
-322	940	-192
-321	928	-202
-333	934	-208
-335	940	-202
-328	928	-200
-327	932	-205
-320	934	-197
-324	929	-202
-328	918	-198
-325	920	-209
-329	935	-212
-335	927	-210
-336	931	-208
-333	924	-210
-320	907	-180
-305	888	-156
-303	935	-207
-328	999	-252
-333	918	-215
-330	916	-225
-340	919	-200
-330	905	-201
-351	911	-249
-335	897	-205
-290	911	-200
-292	988	-248
-319	969	-260
-332	897	-264
-336	887	-287
-319	902	-249
-313	886	-229
-305	876	-264
-325	1049	-277
-333	880	-217
-322	883	-241
-313	929	-269
-328	916	-274
-333	908	-269
-336	899	-269
-335	903	-272
-340	924	-276
-333	905	-271
-322	944	-300
-314	945	-288
-320	907	-272
-249	825	-186
-284	931	-272
-337	1007	-264
-344	880	-271
-328	895	-257
-311	918	-252
-319	926	-281
-319	903	-268
-322	904	-266
-322	902	-264
-332	899	-266
-324	912	-272
-333	920	-269
-336	913	-260
-346	912	-269
-346	892	-257
-356	887	-265
-353	883	-285
-353	899	-319
-351	907	-316
-330	876	-288
-336	888	-298
-330	903	-305
-333	910	-297
-340	897	-296
-338	904	-301
-348	896	-314
-328	894	-295
-333	892	-276
-336	915	-319
-346	911	-313
-324	879	-292
-340	860	-292
-328	944	-298
-348	903	-285
-340	883	-296
-340	904	-305
-340	879	-296
-340	892	-292
-344	896	-305
-345	892	-288
-340	895	-285
-333	910	-289
-345	911	-298
-337	899	-303
-336	895	-303
-338	908	-298
-335	888	-297
-328	900	-292
-337	897	-313
-340	899	-301
-346	881	-311
-343	897	-308
-345	880	-289
-306	935	-273
-337	880	-305
-328	928	-297
-345	878	-292
-338	881	-292
-335	905	-305
-343	894	-305
-341	888	-305
-339	903	-306
-345	902	-301
-345	905	-301
-338	895	-301
-336	897	-296
-336	903	-300
-333	903	-298
-329	883	-296
-330	892	-306
-335	894	-298
-345	905	-308
-343	910	-313
-333	903	-298
-335	894	-301
-328	891	-305
-325	879	-300
-324	912	-306
-336	888	-304
-340	939	-343
-349	924	-321
-328	799	-304
-313	872	-301
-333	993	-317
-345	864	-285
-322	904	-317
-325	905	-329
-328	883	-314
-329	888	-304
-333	892	-306
-327	878	-311
-322	908	-320
-333	908	-308
-333	892	-306
-329	884	-314
-322	900	-324
-327	891	-332
-330	883	-330
-333	871	-336
-351	876	-369
-341	903	-391
-311	844	-376
-320	854	-385
-322	856	-420
-317	830	-428
-313	814	-448
-297	863	-436
-321	876	-460
-313	848	-456
-314	848	-464
-319	831	-473
-313	832	-458
-305	839	-464
-308	833	-477
-313	828	-477
-317	825	-457
-308	846	-448
-313	841	-452
-311	854	-440
-317	857	-433
-324	870	-426
-330	864	-413
-320	844	-404
-314	839	-394
-316	860	-392
-321	871	-404
-327	864	-394
-321	870	-385
-320	878	-380
-324	851	-385
-319	876	-385
-320	878	-388
-327	878	-392
-324	880	-356
-314	880	-360
-316	880	-377
-312	888	-369
-316	879	-368
-324	880	-368
-322	864	-360
-320	867	-360
-325	883	-345
-320	896	-343
-319	889	-352
-320	888	-357
-328	881	-362
-336	868	-364
-329	870	-362
-325	871	-360
-333	876	-354
-328	888	-354
-328	894	-356
-320	880	-349
-320	883	-356
-320	883	-359
-322	883	-354
-324	880	-352
-322	883	-357
-320	883	-349
-321	880	-344
-317	883	-345
-312	883	-346
-309	889	-348
-312	903	-348
-322	888	-340
-336	868	-341
-336	883	-376
-321	915	-367
-314	878	-336
-312	864	-313
-296	860	-317
-313	916	-368
-346	911	-373
-344	899	-335
-333	892	-345
-340	883	-376
-317	870	-354
-314	886	-337
-324	903	-312
-320	918	-317
-332	878	-333
-325	888	-312
-325	883	-317
-325	895	-321
-320	897	-329
-320	889	-335
-321	907	-333
-322	908	-316
-317	876	-296
-327	905	-281
-333	895	-276
-335	904	-281
-333	916	-298
-328	924	-297
-324	908	-282
-325	904	-266
-324	903	-261
-324	902	-232
-325	907	-210
-337	918	-241
-337	921	-271
-345	927	-260
-327	889	-172
-343	911	-185
-344	934	-209
-346	903	-212
-337	952	-213
-349	931	-205
-337	924	-193
-301	903	-186
-314	903	-232
-330	926	-233
-336	945	-212
-337	931	-196
-333	936	-186
-322	913	-178
-325	944	-196
-328	939	-193
-321	916	-192
-327	924	-193
-328	931	-189
-333	931	-185
-330	931	-193
-335	931	-202
-333	926	-200
-321	888	-199
-324	971	-218
-336	943	-224
-337	921	-204
-327	920	-186
-320	907	-205
-324	926	-221
-328	921	-221
-320	934	-220
-324	935	-216
-328	927	-220
-328	926	-221
-324	915	-217
-325	921	-216
-321	911	-218
-327	916	-226
-324	942	-228
-320	929	-218
-325	924	-225
-327	912	-232
-320	919	-228
-321	918	-221
-320	924	-215
-330	939	-237
-322	927	-232
-325	928	-234
-328	924	-233
-328	924	-228
-321	916	-223
-328	929	-234
-317	913	-207
-311	920	-221
-320	931	-237
-320	927	-226
-324	924	-229
-321	929	-231
-317	924	-220
-317	927	-226
-317	923	-218
-321	918	-221
-320	924	-232
-319	920	-221
-317	934	-221
-324	915	-223
-312	904	-218
-306	920	-237
-317	931	-249
-320	931	-244
-324	935	-242
-320	934	-240
-321	923	-232
-316	920	-234
-312	920	-240
-313	935	-244
-319	920	-248
-320	924	-236
-325	923	-240
-324	915	-247
-314	920	-248
-313	924	-249
-305	935	-240
-301	924	-241
-303	920	-239
-303	916	-244
-311	918	-247
-314	921	-242
-314	939	-245
-320	931	-256
-320	929	-253
-320	916	-244
-319	913	-244
-311	910	-239
-308	915	-237
-313	920	-248
-319	920	-250
-320	918	-250
-325	927	-241
-328	921	-244
-317	911	-240
-305	926	-241
-313	927	-249
-317	927	-253
-324	921	-247
-321	920	-241
-322	908	-236
-329	918	-237
-333	918	-241
-336	919	-247
-325	924	-253
-317	918	-245
-319	913	-240
-320	918	-232
-324	920	-233
-328	919	-237
-313	920	-237
-320	940	-249
-330	920	-248
-330	915	-237
-329	911	-240
-322	916	-247
-320	920	-242
-312	927	-232
-320	923	-237
-314	929	-237
-317	918	-237
-314	919	-242
-320	929	-237
-314	915	-237
-311	919	-239
-297	916	-244
-304	937	-249
-308	931	-253
-301	923	-228
-305	935	-237
-306	910	-241
-305	916	-269
-301	924	-279
-297	921	-281
-298	912	-273
-303	916	-281
-292	921	-272
-293	920	-272
-296	927	-281
-290	924	-277
-290	921	-279
-288	913	-274
-292	920	-287
-292	920	-281
-295	924	-285
-296	918	-282
-293	920	-281
-296	915	-274
-301	924	-273
-305	931	-280
-303	924	-280
-303	924	-281
-303	935	-266
-308	926	-249
-305	923	-226
-305	915	-226
-301	918	-234
-298	927	-237
-305	928	-232
-305	934	-225
-306	935	-223
-308	934	-232
-311	926	-225
-305	911	-224
-306	927	-233
-309	931	-233
-311	929	-226
-305	934	-226
-306	934	-225
-305	931	-231
-308	924	-236
-311	928	-239
-313	927	-250
-317	915	-248
-313	918	-249
-317	915	-248
-320	926	-258
-318	940	-241
-319	924	-224
-313	924	-208
-324	920	-241
-327	912	-252
-317	899	-258
-320	921	-252
-321	924	-253
-320	918	-237
-328	916	-223
-343	939	-231
-337	944	-208
-330	931	-218
-320	927	-225
-306	918	-232
-306	924	-225
-305	934	-217
-304	935	-189
-305	920	-180
-314	903	-193
-335	908	-200
-348	920	-193
-349	940	-200
-351	940	-200
-337	944	-193
-333	947	-194
-328	937	-196
-328	923	-201
-320	944	-205
-336	945	-192
-328	920	-173
-330	904	-183
-336	913	-205
-325	904	-212
-328	888	-210
-341	916	-216
-336	935	-225
-327	979	-231
-303	991	-208
-273	972	-177
-285	956	-160
-322	944	-152
-338	934	-153
-360	899	-164
-377	921	-169
-372	915	-180
-370	889	-177
-356	857	-159
-345	892	-185
-336	953	-161
-345	939	-186
-353	913	-200
-346	920	-202
-344	944	-218
-333	920	-225
-322	908	-216
-313	915	-215
-325	929	-207
-327	913	-196
-338	919	-196
-338	942	-201
-337	928	-200
-336	911	-225
-320	921	-224
-317	919	-241
-328	927	-232
-330	927	-232
-333	918	-225
-335	924	-225
-333	932	-225
-321	944	-218
-313	942	-200
-321	927	-199
-329	927	-191
-336	950	-159
-341	960	-141
-327	924	-148
-322	913	-184
-328	931	-200
-328	937	-175
-327	947	-159
-320	927	-160
-327	913	-166
-333	912	-172
-340	928	-184
-344	935	-185
-344	937	-183
-335	944	-180
-336	927	-178
-338	918	-170
-346	920	-180
-349	920	-180
-348	931	-185
-341	935	-185
-332	927	-189
-324	927	-192
-328	923	-196
-333	924	-200
-335	919	-201
-335	920	-196
-343	927	-196
-344	927	-208
-337	926	-196
-333	931	-205
-324	928	-209
-328	927	-218
-321	924	-228
-320	920	-218
-312	927	-208
-320	931	-209
-321	931	-216
-317	935	-196
-316	936	-205
-314	935	-202
-311	923	-216
-308	932	-221
-312	935	-224
-311	931	-221
-311	929	-212
-304	920	-199
-301	940	-215
-289	940	-201
-288	929	-217
-280	970	-245
-300	944	-240
-306	920	-229
-308	915	-232
-308	920	-232
-306	919	-232
-312	929	-232
-297	928	-232
-292	921	-228
-292	927	-232
-290	924	-233
-296	920	-233
-301	920	-234
-308	936	-237
-309	935	-240
-311	937	-238
-305	934	-241
-301	929	-240
-298	920	-231
-296	929	-226
-292	927	-225
-288	927	-225
-290	945	-232
-293	943	-225
-304	935	-217
-301	926	-218
-297	919	-217
-298	924	-231
-301	931	-233
-305	921	-232
-305	927	-221
-308	927	-221
-314	915	-217
-324	923	-226
-311	935	-244
-312	935	-240
-308	942	-226
-311	940	-231
-306	924	-225
-301	915	-221
-295	920	-228
-290	927	-239
-292	927	-241
-289	935	-225
-295	943	-221
-296	936	-217
-306	944	-213
-306	931	-208
-292	927	-224
-292	948	-244
-298	943	-244
-296	929	-234
-296	921	-237
-290	921	-232
-290	919	-232
-288	929	-232
-288	945	-226
-288	952	-226
-296	945	-223
-297	939	-225
-297	928	-218
-296	935	-228
-288	935	-232
-288	935	-224
-281	931	-215
-282	928	-233
-285	935	-234
-285	940	-228
-282	935	-212
-289	939	-213
-289	940	-217
-288	928	-210
-285	944	-221
-280	940	-233
-287	935	-234
-285	939	-226
-284	940	-229
-285	934	-221
-282	937	-217
-276	950	-216
-280	945	-218
-281	937	-212
-279	943	-217
-280	943	-226
-280	935	-231
-281	929	-237
-281	924	-239
-281	920	-237
-282	929	-232
-272	953	-193
-271	963	-177
-281	960	-205
-293	953	-208
-288	944	-221
-288	927	-241
-292	915	-261
-292	918	-250
-289	908	-242
-292	918	-241
-293	924	-225
-300	934	-213
-296	947	-200
-293	947	-220
-290	920	-240
-289	939	-217
-290	934	-208
-298	932	-221
-295	935	-231
-282	926	-285
-280	929	-317
-272	902	-298
-280	904	-287
-282	911	-306
-288	920	-328
-274	902	-319
-287	920	-328
-285	920	-321
-284	903	-324
-288	908	-322
-296	918	-335
-296	915	-336
-290	899	-328
-281	889	-329
-273	892	-328
-266	899	-335
-261	909	-340
-253	921	-338
-242	920	-322
-253	907	-324
-249	903	-324
-253	895	-340
-245	904	-345
-233	911	-353
-221	924	-364
-208	921	-362
-205	921	-353
-205	911	-345
-212	903	-360
-200	904	-369
-197	903	-381
-199	907	-391
-194	899	-385
-200	903	-386
-196	889	-385
-201	944	-377
-210	916	-381
-225	919	-388
-229	892	-385
-233	883	-394
-237	899	-408
-237	896	-424
-234	883	-420
-228	895	-420
-223	880	-415
-217	876	-404
-209	883	-409
-209	895	-409
-210	907	-397
-204	915	-399
-205	916	-399
-212	907	-389
-218	899	-392
-221	905	-409
-205	903	-407
-200	900	-405
-205	896	-413
-200	892	-400
-200	897	-388
-194	905	-381
-201	903	-377
-201	911	-380
-200	911	-378
-200	921	-378
-194	916	-388
-193	921	-380
-197	908	-381
-200	897	-377
-208	887	-383
-208	897	-394
-208	904	-399
-199	905	-394
-200	911	-378
-197	911	-375
-201	905	-372
-208	908	-372
-212	899	-376
-215	908	-372
-212	903	-383
-208	900	-391
-207	905	-393
-204	902	-386
-201	900	-378
-205	907	-388
-207	902	-391
-212	905	-385
-218	903	-377
-212	897	-378
-208	908	-386
-199	909	-392
-191	908	-399
-193	905	-392
-208	905	-380
-224	911	-378
-221	900	-378
-226	896	-385
-228	897	-400
-225	899	-402
-210	904	-394
-202	897	-388
-217	897	-385
-225	903	-385
-223	892	-372
-226	888	-368
-241	899	-385
-237	904	-400
-218	915	-402
-210	907	-402
-208	892	-383
-215	880	-369
-220	871	-372
-225	878	-388
-225	894	-409
-221	905	-416
-223	915	-413
-218	913	-400
-209	908	-394
-209	902	-385
-217	899	-385
-217	903	-385
-209	907	-391
-212	907	-393
-224	903	-399
-225	899	-397
-225	899	-385
-228	889	-388
-228	892	-393
-221	894	-392
-210	894	-391
-208	896	-393
-208	899	-397
-212	912	-392
-218	924	-392
-218	910	-385
-217	908	-376
-213	899	-378
-218	899	-400
-213	892	-410
-202	889	-404
-208	896	-397
-212	896	-396
-213	895	-394
-212	892	-377
-215	892	-381
-217	920	-370
-217	903	-372
-217	919	-389
-221	896	-385
-225	894	-385
-224	879	-400
-241	879	-400
-217	911	-364
-232	915	-392
-241	907	-401
-232	910	-386
-232	902	-381
-232	894	-369
-234	920	-369
-237	911	-377
-244	889	-360
-244	887	-349
-247	911	-372
-248	888	-385
-255	892	-381
-263	889	-377
-250	903	-373
-242	916	-360
-237	927	-359
-237	904	-360
-234	887	-368
-244	903	-369
-244	903	-365
-249	894	-385
-264	880	-385
-261	879	-399
-264	886	-400
-269	899	-408
-258	875	-396
-249	876	-404
-250	887	-408
-255	895	-408
-265	899	-397
-273	892	-392
-277	883	-394
-282	880	-394
-276	880	-401
-271	887	-400
-272	880	-394
-264	888	-392
-263	870	-394
-269	881	-388
-271	888	-391
-269	876	-385
-266	886	-378
-272	889	-383
-271	888	-378
-272	881	-385
-274	884	-385
-276	888	-388
-276	888	-389
-285	892	-393
-301	904	-408
-305	908	-426
-277	892	-402
-202	817	-338
-200	832	-345
-223	911	-397
-210	959	-397
-205	961	-356
-210	931	-336
-241	892	-368
-269	863	-392
-293	847	-409
-306	856	-394
-313	873	-400
-320	894	-401
-319	888	-409
-320	883	-416
-324	883	-416
-328	886	-412
-309	873	-415
-281	860	-397
-281	860	-388
-290	864	-400
-290	841	-401
-324	825	-431
-359	840	-461
-311	928	-460
-241	935	-423
-180	932	-349
-178	920	-288
-229	875	-279
-305	812	-343
-356	807	-410
-376	823	-445
-368	844	-445
-357	883	-441
-340	908	-424
-324	903	-409
-320	880	-409
-329	854	-415
-327	844	-420
-314	831	-424
-319	828	-416
-317	839	-409
-317	854	-415
-313	859	-415
-320	865	-417
-328	871	-420
-328	860	-417
-328	864	-407
-322	857	-416
-314	863	-417
-305	856	-417
-302	862	-420
-296	849	-423
-301	859	-420
-296	855	-413
-296	857	-413
-304	867	-417
-295	871	-416
-293	876	-418
-298	871	-421
-295	863	-418
-292	870	-424
-290	864	-426
-308	891	-434
-324	924	-437
-346	887	-437
-333	902	-401
-324	903	-369
-328	879	-353
-341	865	-333
-360	881	-333
-386	899	-327
-399	881	-301
-399	872	-263
-404	862	-234
-426	832	-229
-437	838	-216
-457	831	-216
-464	825	-189
-474	830	-186
-477	841	-193
-474	851	-196
-458	846	-194
-456	851	-196
-477	863	-206
-481	875	-208
-468	863	-204
-469	862	-208
-479	864	-210
-473	856	-210
-471	860	-200
-471	862	-208
-481	857	-209
-479	856	-210
-480	864	-212
-479	864	-217
-472	860	-217
-464	857	-217
-466	846	-217
-473	851	-224
-465	860	-217
-465	857	-225
-473	864	-233
-468	857	-232
-464	862	-228
-461	864	-228
-461	867	-228
-457	861	-232
-456	854	-237
-456	852	-242
-456	851	-250
-456	855	-245
-456	860	-245
-447	871	-244
-431	854	-232
-439	844	-242
-458	848	-248
-458	846	-239
-460	860	-237
-456	872	-249
-452	881	-263
-442	887	-269
-431	887	-272
-426	880	-273
-424	864	-271
-423	863	-264
-426	864	-255
-424	871	-244
-429	880	-244
-426	892	-255
-424	883	-256
-424	880	-256
-423	864	-265
-420	856	-264
-413	860	-257
-413	862	-266
-417	855	-284
-428	864	-288
-425	876	-273
-424	878	-266
-421	889	-263
-420	883	-272
-420	872	-276
-420	867	-269
-420	865	-276
-416	860	-280
-413	878	-274
-415	876	-281
-420	879	-281
-415	879	-285
-409	849	-296
-399	835	-298
-391	844	-301
-402	855	-332
-404	870	-353
-408	860	-368
-409	860	-364
-416	857	-376
-418	844	-381
-416	843	-381
-408	844	-377
-397	849	-373
-397	855	-367
-389	848	-356
-386	851	-353
-386	851	-356
-381	844	-356
-388	841	-352
-388	852	-354
-388	856	-349
-383	863	-346
-389	867	-349
-396	862	-346
-404	848	-353
-410	841	-353
-402	841	-356
-401	848	-356
-391	856	-354
-397	860	-353
-394	860	-349
-393	856	-346
-394	851	-349
-399	851	-349
-400	851	-353
-393	857	-354
-397	865	-354
-391	867	-352
-385	873	-344
-391	871	-340
-381	847	-336
-378	847	-340
-388	847	-345
-392	848	-340
-392	847	-340
-385	864	-350
-385	867	-354
-376	865	-345
-372	871	-344
-372	865	-353
-375	863	-346
-365	868	-336
-357	868	-336
-356	864	-340
-357	876	-340
-360	868	-338
-369	872	-341
-369	873	-338
-372	880	-340
-370	879	-332
-368	876	-335
-367	870	-333
-360	865	-333
-365	875	-321
-370	880	-341
-362	883	-336
-367	881	-332
-368	871	-333
-365	864	-333
-368	864	-328
-365	855	-324
-367	856	-324
-368	870	-328
-372	876	-328
-377	880	-325
-370	888	-325
-378	879	-327
-380	876	-330
-377	878	-336
-367	876	-336
-367	867	-333
-370	871	-328
-372	865	-333
-369	871	-333
-356	867	-328
-369	864	-332
-376	864	-333
-377	873	-333
-369	880	-333
-372	880	-335
-364	880	-336
-369	871	-330
-372	872	-333
-367	876	-336
-361	879	-328
-360	881	-325
-361	876	-328
-361	871	-319
-360	856	-317
-370	867	-328
-377	883	-360
-385	887	-372
-428	911	-425
-501	857	-434
-480	752	-324
-386	732	-225
-351	824	-200
-301	920	-273
-253	960	-324
-252	920	-349
-290	883	-353
-349	860	-360
-377	855	-372
-393	871	-357
-392	865	-338
-381	878	-336
-361	892	-345
-329	903	-360
-312	904	-377
-290	899	-394
-276	881	-393
-268	896	-385
-244	892	-377
-241	905	-388
-239	905	-400
-249	920	-415
-249	915	-402
-245	881	-377
-244	859	-354
-248	847	-360
-260	831	-349
-260	832	-356
-263	859	-385
-232	881	-423
-189	831	-393
-136	795	-351
-82	769	-287
-109	785	-189
-116	847	-153
-137	899	-207
4095	4095	4095
824	1643	85
