Activity Name: stand/
UserID: 25716
StartTime: 0
x	y	z
424	-729	-612
433	-729	-633
440	-697	-625
423	-721	-612
432	-737	-625
439	-732	-626
436	-713	-623
433	-720	-628
432	-714	-626
432	-712	-637
423	-696	-637
422	-695	-660
419	-680	-655
423	-677	-669
432	-673	-666
423	-673	-676
419	-676	-687
415	-676	-693
414	-653	-687
412	-671	-730
408	-648	-714
405	-634	-700
414	-626	-718
415	-639	-722
412	-623	-727
409	-647	-708
415	-653	-735
409	-642	-733
412	-637	-740
411	-633	-725
407	-621	-710
399	-621	-709
411	-615	-724
409	-610	-724
408	-621	-721
399	-648	-728
403	-649	-738
409	-637	-744
406	-634	-727
393	-634	-735
392	-632	-737
382	-637	-720
387	-623	-729
387	-623	-727
387	-637	-733
380	-633	-727
382	-641	-733
382	-649	-730
385	-640	-733
385	-641	-725
380	-656	-725
376	-665	-729
368	-660	-729
376	-671	-712
379	-672	-719
371	-669	-722
368	-664	-719
368	-663	-714
361	-672	-708
359	-669	-706
359	-676	-709
355	-674	-709
355	-680	-712
353	-684	-708
352	-682	-708
352	-684	-706
348	-669	-712
348	-681	-705
343	-689	-703
353	-689	-711
347	-696	-714
353	-693	-724
352	-687	-720
352	-687	-719
342	-680	-708
344	-676	-704
344	-672	-692
345	-680	-700
352	-689	-704
358	-690	-713
360	-685	-714
355	-685	-719
347	-672	-708
344	-656	-709
348	-665	-717
352	-676	-711
361	-685	-721
361	-673	-724
359	-663	-724
355	-660	-716
355	-656	-719
359	-650	-716
368	-663	-733
364	-660	-727
359	-655	-730
359	-644	-743
358	-644	-744
368	-647	-740
359	-639	-735
363	-637	-734
360	-655	-753
364	-663	-743
359	-649	-712
367	-644	-745
359	-637	-706
360	-632	-744
367	-639	-751
364	-632	-737
364	-615	-749
371	-615	-761
371	-633	-749
367	-624	-761
366	-616	-757
363	-616	-765
364	-609	-757
364	-605	-756
361	-615	-753
359	-591	-781
364	-584	-786
359	-557	-797
366	-576	-791
358	-569	-802
360	-556	-821
363	-552	-802
355	-520	-817
361	-554	-813
352	-537	-833
359	-530	-826
355	-550	-793
344	-560	-826
352	-541	-804
351	-528	-785
348	-544	-847
358	-544	-825
355	-530	-807
353	-540	-828
352	-537	-815
352	-541	-821
348	-546	-810
351	-545	-818
347	-551	-810
337	-552	-809
332	-554	-808
336	-585	-817
334	-573	-804
336	-562	-789
332	-584	-784
331	-589	-777
327	-609	-785
316	-608	-776
315	-616	-781
307	-644	-756
324	-676	-759
327	-705	-749
311	-680	-767
291	-641	-761
292	-650	-751
291	-652	-749
295	-656	-753
295	-656	-752
302	-664	-753
297	-666	-749
304	-663	-749
295	-660	-744
291	-653	-740
297	-656	-744
294	-665	-744
300	-668	-749
287	-666	-759
288	-673	-754
286	-660	-754
280	-652	-756
271	-666	-753
265	-673	-749
263	-660	-751
270	-665	-757
273	-681	-765
271	-676	-751
280	-680	-753
280	-671	-756
278	-660	-760
264	-671	-754
263	-668	-764
264	-671	-762
259	-674	-754
260	-672	-754
255	-673	-759
251	-668	-752
248	-666	-754
248	-671	-754
252	-665	-748
254	-668	-746
263	-671	-753
263	-673	-760
255	-669	-754
262	-669	-749
263	-663	-756
262	-660	-753
273	-677	-772
284	-689	-769
230	-648	-728
220	-653	-740
219	-665	-769
208	-669	-769
220	-690	-752
231	-708	-754
249	-668	-772
259	-660	-769
263	-648	-764
264	-656	-776
260	-656	-770
264	-656	-780
263	-653	-776
275	-625	-769
276	-645	-781
270	-644	-788
259	-637	-772
259	-642	-784
262	-642	-784
243	-660	-773
239	-656	-767
240	-665	-769
239	-653	-769
245	-653	-767
246	-657	-765
252	-656	-765
252	-661	-765
252	-656	-762
249	-657	-765
240	-660	-754
233	-665	-753
246	-672	-760
248	-665	-764
243	-673	-751
252	-664	-757
251	-665	-765
249	-660	-760
259	-665	-762
252	-666	-759
252	-664	-761
263	-647	-757
280	-660	-764
284	-665	-754
281	-671	-753
281	-672	-773
271	-658	-776
259	-653	-765
249	-649	-760
243	-661	-761
233	-682	-749
230	-697	-749
220	-690	-748
214	-681	-733
227	-677	-748
239	-671	-744
248	-676	-737
254	-669	-740
267	-676	-744
265	-675	-748
263	-676	-753
263	-679	-753
263	-672	-751
275	-664	-761
270	-665	-761
265	-660	-769
268	-658	-762
268	-657	-776
259	-647	-770
255	-655	-769
263	-660	-776
259	-650	-773
259	-653	-781
254	-644	-781
254	-644	-780
254	-645	-776
265	-642	-773
265	-633	-784
267	-639	-784
271	-637	-785
271	-628	-784
278	-629	-784
280	-628	-784
280	-629	-786
280	-618	-784
287	-629	-788
288	-623	-786
280	-616	-784
286	-625	-784
283	-621	-778
276	-623	-785
278	-623	-784
279	-624	-780
275	-623	-783
273	-628	-784
276	-625	-783
272	-629	-801
271	-636	-789
279	-637	-797
281	-633	-791
275	-633	-792
273	-628	-797
264	-624	-794
271	-628	-784
271	-625	-785
268	-625	-788
263	-631	-784
266	-636	-785
267	-628	-781
267	-636	-777
267	-639	-777
265	-637	-772
270	-637	-785
267	-633	-778
263	-648	-793
236	-640	-769
240	-636	-775
248	-631	-781
240	-644	-775
240	-657	-778
248	-658	-780
246	-648	-770
252	-636	-781
252	-637	-784
247	-634	-776
255	-644	-783
262	-648	-783
251	-647	-788
236	-648	-781
235	-640	-772
231	-642	-776
231	-656	-781
223	-655	-776
224	-655	-776
232	-648	-776
232	-653	-776
231	-657	-778
227	-658	-769
233	-657	-778
238	-653	-783
227	-648	-775
231	-656	-777
233	-656	-775
236	-657	-772
231	-652	-778
231	-655	-770
230	-656	-772
227	-653	-773
230	-655	-775
232	-655	-781
224	-658	-773
227	-656	-778
227	-655	-781
227	-653	-780
236	-660	-780
232	-658	-773
236	-658	-776
232	-656	-775
230	-656	-776
238	-653	-772
231	-649	-765
236	-653	-770
232	-658	-775
233	-657	-769
236	-671	-772
241	-656	-784
233	-656	-778
235	-644	-777
239	-648	-769
243	-650	-778
238	-648	-776
240	-652	-770
243	-650	-770
248	-648	-775
243	-648	-781
246	-648	-778
243	-648	-781
236	-645	-780
240	-652	-785
238	-644	-792
239	-648	-788
238	-653	-784
240	-650	-786
239	-644	-786
233	-644	-785
231	-644	-781
235	-640	-784
240	-645	-783
240	-648	-788
231	-652	-780
230	-648	-783
231	-645	-788
227	-649	-783
227	-653	-781
231	-645	-777
233	-648	-788
232	-648	-788
235	-648	-783
224	-648	-776
224	-644	-777
227	-652	-777
231	-653	-783
224	-652	-776
230	-645	-772
228	-655	-784
224	-648	-784
225	-655	-776
236	-656	-781
231	-655	-776
224	-655	-781
224	-647	-777
224	-649	-788
227	-644	-781
228	-653	-783
231	-653	-783
231	-653	-775
236	-652	-776
231	-650	-781
233	-650	-778
227	-652	-772
238	-649	-776
243	-648	-777
230	-648	-781
239	-656	-776
236	-653	-783
240	-648	-778
243	-660	-777
231	-645	-781
232	-642	-772
236	-656	-783
240	-642	-769
238	-649	-785
236	-650	-776
238	-648	-765
243	-650	-772
239	-639	-783
241	-645	-786
243	-644	-781
247	-644	-783
246	-644	-789
248	-644	-786
244	-641	-791
240	-633	-789
240	-631	-789
240	-631	-786
244	-633	-793
248	-625	-784
252	-628	-792
252	-625	-793
262	-623	-794
255	-618	-792
255	-612	-797
265	-616	-804
264	-615	-802
263	-615	-811
267	-610	-797
275	-608	-804
280	-605	-805
276	-604	-804
275	-604	-804
280	-601	-804
284	-601	-804
284	-608	-807
281	-604	-801
280	-602	-800
284	-602	-805
279	-601	-797
278	-607	-804
278	-613	-806
273	-612	-802
278	-612	-804
268	-609	-799
273	-609	-793
273	-612	-796
270	-610	-800
271	-613	-793
264	-612	-788
268	-610	-788
271	-612	-792
275	-616	-799
275	-621	-797
271	-613	-784
275	-618	-796
273	-616	-786
270	-615	-788
271	-616	-793
273	-615	-792
276	-615	-797
275	-617	-800
279	-615	-793
280	-616	-793
276	-617	-793
280	-612	-797
275	-616	-793
273	-612	-792
286	-616	-796
280	-616	-793
280	-612	-788
279	-612	-797
280	-610	-793
287	-613	-799
289	-609	-796
287	-616	-793
284	-609	-791
280	-609	-786
278	-611	-786
281	-609	-793
280	-612	-805
275	-611	-793
287	-612	-810
275	-605	-800
275	-602	-808
271	-609	-809
268	-604	-800
262	-607	-816
265	-609	-810
260	-604	-804
262	-597	-807
259	-601	-808
264	-602	-809
259	-600	-813
255	-605	-800
263	-597	-807
260	-597	-810
262	-601	-808
259	-601	-810
267	-605	-804
267	-602	-807
263	-601	-808
259	-605	-808
259	-599	-808
260	-594	-808
259	-601	-812
259	-601	-808
262	-601	-816
252	-602	-799
255	-602	-809
255	-607	-808
260	-605	-804
259	-605	-804
264	-605	-808
264	-605	-813
264	-609	-805
268	-607	-808
271	-600	-800
267	-605	-802
271	-605	-804
272	-605	-804
273	-604	-800
271	-600	-800
273	-600	-807
275	-604	-816
275	-596	-800
280	-601	-796
280	-596	-804
280	-601	-804
288	-605	-804
286	-596	-802
287	-594	-804
294	-600	-808
291	-596	-804
294	-594	-809
287	-592	-802
289	-596	-804
291	-599	-804
287	-596	-807
287	-596	-805
287	-596	-808
284	-594	-805
284	-596	-809
287	-593	-808
280	-589	-808
284	-593	-805
287	-591	-808
284	-596	-813
281	-593	-808
280	-596	-801
281	-592	-809
280	-592	-804
280	-601	-809
279	-592	-805
278	-600	-807
280	-594	-808
275	-601	-804
270	-592	-808
275	-593	-808
280	-597	-810
272	-600	-804
279	-601	-817
271	-599	-799
276	-592	-812
275	-592	-815
271	-593	-812
275	-594	-810
280	-596	-813
271	-589	-815
275	-591	-804
268	-592	-807
273	-592	-810
272	-593	-812
271	-594	-804
271	-599	-808
273	-597	-808
279	-600	-807
280	-597	-797
279	-601	-808
276	-600	-808
278	-596	-807
280	-599	-808
275	-600	-804
275	-599	-805
278	-601	-800
278	-596	-802
281	-596	-797
276	-601	-797
275	-601	-797
279	-602	-800
278	-601	-799
281	-604	-804
283	-597	-807
281	-602	-800
280	-596	-812
281	-599	-804
284	-600	-801
278	-596	-804
280	-594	-800
287	-593	-804
281	-599	-804
280	-599	-801
284	-593	-808
281	-597	-805
281	-589	-804
281	-599	-807
288	-596	-808
288	-592	-810
286	-594	-808
287	-596	-808
289	-592	-802
291	-592	-809
287	-586	-808
289	-600	-815
287	-600	-812
280	-592	-801
284	-594	-808
284	-591	-812
281	-596	-804
281	-601	-805
280	-604	-810
280	-602	-810
280	-602	-800
284	-604	-805
283	-605	-809
291	-605	-807
287	-605	-793
300	-620	-786
295	-634	-788
297	-625	-784
295	-623	-799
288	-616	-786
288	-610	-773
291	-601	-782
296	-601	-797
299	-607	-784
299	-616	-781
295	-626	-778
291	-633	-788
296	-616	-788
294	-621	-769
294	-628	-778
291	-640	-784
295	-628	-784
291	-624	-784
291	-625	-785
304	-628	-784
304	-636	-778
302	-633	-784
295	-633	-777
284	-639	-776
285	-637	-770
283	-641	-765
281	-648	-769
272	-652	-765
275	-665	-770
270	-660	-761
273	-660	-761
268	-657	-772
263	-658	-769
271	-656	-786
271	-620	-753
275	-665	-772
283	-665	-815
280	-612	-792
273	-625	-810
276	-620	-783
278	-596	-749
270	-601	-742
278	-633	-796
287	-624	-786
287	-613	-792
295	-618	-784
291	-626	-786
295	-629	-786
291	-620	-786
280	-628	-777
287	-631	-781
287	-637	-776
289	-633	-773
291	-626	-778
292	-632	-781
291	-633	-777
294	-637	-769
292	-637	-776
291	-642	-772
292	-633	-781
289	-633	-772
295	-637	-776
294	-628	-772
304	-633	-776
303	-626	-781
295	-625	-778
297	-624	-783
304	-621	-784
312	-624	-781
302	-604	-784
300	-596	-789
307	-597	-800
304	-597	-797
300	-591	-791
304	-589	-793
304	-580	-793
311	-557	-808
310	-561	-813
312	-589	-825
310	-578	-836
312	-552	-813
312	-584	-828
310	-565	-808
307	-584	-793
302	-612	-799
304	-601	-815
307	-592	-804
304	-609	-794
296	-621	-783
268	-656	-738
255	-644	-740
260	-695	-722
255	-676	-733
267	-692	-737
251	-725	-724
224	-751	-700
216	-769	-705
217	-733	-722
228	-706	-746
223	-729	-729
207	-783	-700
192	-772	-664
179	-793	-660
175	-793	-676
174	-793	-663
147	-788	-641
140	-815	-673
115	-826	-656
112	-866	-622
112	-881	-537
112	-861	-537
118	-826	-557
159	-801	-580
207	-746	-544
257	-658	-642
231	-680	-666
195	-744	-762
107	-825	-765
80	-813	-705
55	-959	-712
-157	-986	-530
-288	-1082	-513
-477	-1090	-263
-557	-985	-66
-520	-1049	-16
-420	-945	247
-264	-996	352
-258	-972	176
-345	-801	172
-397	-592	204
-277	-804	383
-193	-935	494
-138	-996	355
-33	-1000	268
-23	-914	321
-61	-953	335
-40	-994	291
-45	-1005	264
-93	-1020	284
-74	-1005	287
-82	-996	318
-104	-1000	307
-119	-1008	295
-122	-1007	296
-144	-989	300
-156	-996	295
-172	-999	280
-170	-1008	281
-168	-1009	265
-172	-1000	279
-183	-993	278
-185	-975	255
-181	-976	246
-178	-976	252
-162	-978	259
-181	-999	275
-184	-978	278
-185	-989	287
-222	-997	295
-232	-937	334
-225	-920	375
-217	-954	377
-170	-992	350
-175	-973	351
-173	-973	342
-186	-953	355
-184	-961	359
-181	-964	345
-191	-961	348
-180	-961	352
-181	-961	347
-191	-962	348
-186	-962	352
-186	-965	355
-186	-960	352
-178	-969	347
-184	-961	344
-183	-964	350
-178	-968	344
-175	-964	335
-169	-970	344
-170	-973	344
-175	-964	335
-177	-961	342
-173	-970	334
-176	-962	342
-178	-968	339
-181	-968	340
-178	-964	336
-177	-968	326
-176	-976	329
-177	-972	329
-175	-973	329
-173	-967	319
-173	-968	320
-168	-975	327
-173	-967	324
-167	-973	318
-170	-975	328
-173	-968	332
-176	-976	328
-167	-976	327
-176	-973	319
-173	-976	323
-173	-976	323
-169	-980	320
-170	-973	323
-161	-981	313
-169	-983	316
-169	-973	319
-164	-973	312
-167	-980	316
-168	-981	315
-170	-980	315
-172	-980	311
-164	-983	313
-164	-980	315
-162	-985	312
-157	-980	311
-164	-976	311
-164	-977	312
-161	-980	304
-164	-976	307
-160	-972	313
-164	-984	316
-160	-978	312
-160	-980	316
-159	-980	308
-164	-981	312
-160	-984	310
-156	-977	307
-164	-985	305
-167	-980	304
-169	-985	305
-177	-981	304
-184	-980	307
-170	-969	310
-168	-977	312
-164	-984	310
-164	-980	308
-160	-978	305
-162	-984	313
-161	-980	307
-160	-975	312
-160	-981	316
-161	-980	313
-152	-976	313
-152	-978	313
-156	-983	312
-154	-977	312
-161	-980	324
-162	-984	315
-161	-980	313
-165	-981	316
-169	-973	318
-169	-976	316
-173	-977	316
-168	-974	316
-170	-976	307
-168	-980	318
-170	-975	312
-169	-973	316
-168	-978	307
-165	-976	316
-170	-985	321
-170	-980	316
-160	-980	313
-168	-985	312
-159	-985	310
-157	-975	312
-154	-985	312
-146	-983	315
-149	-980	308
-140	-989	308
-138	-981	312
-138	-989	312
-132	-977	312
-136	-993	319
-132	-989	312
-121	-984	312
-113	-991	308
-116	-993	311
-117	-986	311
-117	-989	312
-116	-984	305
-114	-985	307
-113	-989	310
-119	-978	308
-119	-992	310
-122	-986	315
-121	-985	320
-125	-991	316
-135	-991	320
-127	-986	313
-130	-983	312
-136	-989	319
-135	-985	308
-144	-985	312
-136	-978	313
-140	-986	312
-136	-985	311
-140	-981	316
-138	-992	305
-129	-983	320
-144	-985	320
-141	-989	316
-135	-985	319
-137	-985	318
-137	-983	312
-132	-984	318
-133	-985	312
-130	-978	316
-132	-980	318
-132	-986	320
-135	-980	321
-133	-986	316
-132	-981	318
-132	-989	318
-127	-989	319
-135	-986	316
-128	-981	318
-130	-985	312
-133	-985	318
-132	-985	316
-135	-984	312
-132	-986	310
-135	-985	307
-132	-985	307
-136	-985	307
-132	-989	304
-135	-994	312
-136	-989	310
-135	-993	310
-138	-986	302
-136	-985	303
-138	-993	308
-132	-985	302
-132	-989	305
-133	-984	296
-133	-993	300
-133	-988	302
-129	-985	304
-132	-994	302
-135	-989	304
-132	-993	305
-135	-992	303
-132	-989	304
-130	-984	302
-132	-992	307
-132	-993	302
-125	-996	303
-125	-985	303
-128	-993	304
-126	-993	300
-122	-985	295
-130	-989	303
-130	-985	302
-136	-993	299
-132	-992	302
-128	-988	302
-129	-989	297
-130	-989	295
-130	-991	299
-125	-993	300
-129	-994	300
-128	-993	304
-130	-989	303
-127	-988	296
-129	-989	296
-129	-988	297
-129	-985	304
-132	-986	303
-128	-993	299
-124	-989	302
-121	-989	300
-130	-988	304
-128	-993	304
-122	-989	305
-132	-992	302
-132	-994	308
-130	-993	307
-137	-988	307
-138	-991	304
-136	-976	310
-137	-988	318
-136	-985	313
-140	-984	307
-144	-981	303
-143	-993	307
-143	-985	310
-144	-985	307
-144	-984	300
-141	-983	307
-138	-989	311
-144	-983	311
-144	-993	304
-143	-977	307
-141	-991	312
-146	-983	311
-141	-985	312
-144	-985	305
-141	-983	304
-141	-985	307
-141	-989	303
-138	-986	302
-144	-980	302
-141	-988	311
-143	-989	310
-144	-991	312
-137	-985	303
-132	-985	307
-141	-992	311
-144	-988	305
-141	-989	295
-137	-988	300
-137	-989	300
-142	-988	299
-141	-986	300
-141	-991	296
-136	-988	300
-133	-994	307
-137	-985	299
-136	-985	295
-135	-985	312
-141	-992	300
-141	-985	297
-143	-983	305
-141	-985	305
-141	-988	310
-145	-988	310
-144	-981	307
-144	-977	305
-144	-985	312
-146	-989	302
-144	-989	307
-146	-992	297
-141	-981	304
-146	-992	304
-148	-986	303
-144	-988	302
-148	-980	300
-148	-988	307
-146	-992	305
-146	-984	295
-144	-989	304
-144	-986	302
-144	-986	303
-144	-985	304
-148	-989	294
-138	-976	300
-144	-996	304
-141	-991	295
-135	-985	295
-141	-986	302
-141	-986	295
-141	-988	294
-138	-993	296
-141	-989	300
-132	-991	305
-136	-985	299
-136	-983	297
-136	-993	291
-132	-986	300
-141	-994	304
-138	-993	303
-144	-989	302
-137	-989	303
-137	-993	299
-135	-989	294
-140	-990	294
-143	-985	299
-143	-992	299
-146	-992	296
-145	-983	299
-153	-989	288
-144	-980	291
-148	-989	299
-153	-986	297
-146	-983	296
-152	-992	299
-152	-986	295
-151	-985	292
-153	-984	295
-152	-989	291
-148	-985	294
-145	-991	288
-148	-984	295
-151	-984	288
-153	-985	294
-152	-986	292
-153	-985	296
-152	-988	295
-148	-984	299
-148	-991	294
-148	-993	297
-141	-992	291
-140	-985	296
-141	-991	302
-138	-993	303
-137	-985	295
-143	-989	291
-137	-984	287
-143	-993	300
-138	-993	298
-141	-985	295
-138	-984	295
-136	-993	296
-135	-986	300
-133	-985	294
-136	-985	295
-135	-985	299
-136	-989	295
-136	-989	295
-135	-993	299
-132	-989	292
-136	-993	303
-140	-989	299
-143	-993	297
-138	-986	299
-141	-986	300
-144	-992	303
-137	-985	304
-148	-985	299
-149	-989	305
-148	-980	304
-157	-983	302
-157	-978	307
-160	-985	304
-164	-988	307
-164	-985	303
-170	-983	303
-169	-980	300
-173	-984	296
-173	-983	303
-175	-980	299
-177	-978	300
-180	-979	303
-177	-981	299
-173	-978	297
-177	-973	303
-177	-980	296
-175	-980	302
-173	-976	295
-175	-985	299
-172	-984	296
-164	-976	295
-173	-976	302
-168	-983	297
-162	-980	302
-164	-976	297
-168	-976	303
-153	-983	303
-162	-973	296
-153	-978	291
-157	-984	308
-160	-989	308
-159	-985	311
-162	-985	308
-157	-976	300
-161	-985	302
-164	-984	305
-165	-980	307
-164	-978	307
-173	-980	304
-164	-976	300
-172	-976	297
-183	-984	302
-169	-983	304
-177	-983	307
-176	-984	302
-173	-985	300
-169	-981	304
-176	-985	302
-172	-980	303
-173	-981	299
-167	-976	295
-168	-983	302
-168	-978	300
-169	-980	302
-176	-986	295
-164	-978	300
-170	-983	304
-176	-981	310
-167	-985	307
-168	-984	304
-168	-986	307
-168	-981	304
-167	-976	302
-167	-980	302
-164	-983	305
-164	-981	304
-167	-983	300
-170	-984	299
-164	-978	300
-168	-986	310
-165	-986	300
-169	-983	297
-168	-985	303
-164	-989	297
-167	-989	300
-160	-985	296
-164	-977	292
-160	-984	295
-167	-985	291
-162	-983	291
-168	-985	295
-168	-984	294
-172	-984	297
-173	-989	296
-177	-983	292
-173	-984	291
-173	-984	288
-173	-986	289
-168	-980	291
-170	-985	295
-173	-984	295
-169	-984	295
-168	-980	295
-169	-988	294
-164	-976	289
-167	-983	295
-170	-985	300
-168	-983	295
-167	-984	295
-167	-985	299
-164	-989	297
-164	-983	299
-161	-980	292
-165	-984	291
-165	-985	291
-165	-985	292
-164	-985	284
-162	-976	287
-161	-985	296
-168	-985	300
-168	-985	297
-164	-984	295
-168	-986	297
-169	-986	300
-167	-984	291
-160	-986	295
-164	-985	294
-162	-989	299
-162	-977	294
-168	-985	295
-164	-985	291
-164	-983	307
-168	-980	296
-167	-980	294
-167	-985	295
-173	-983	295
-173	-991	304
-164	-986	300
-165	-980	300
-164	-984	295
-160	-980	296
-168	-976	303
-172	-981	300
-165	-975	300
-168	-980	303
-168	-976	297
-172	-976	300
-168	-976	300
-168	-980	304
-170	-985	303
-168	-980	304
-173	-980	303
-172	-980	304
-168	-981	307
-168	-978	304
-164	-980	296
-162	-976	304
-164	-985	304
-170	-985	302
-167	-983	300
-164	-983	296
-170	-986	294
-164	-983	294
-164	-985	291
-169	-984	288
-162	-989	292
-164	-980	284
-169	-985	296
-168	-978	286
-164	-981	294
-170	-986	294
-169	-985	287
-167	-985	291
-168	-985	291
-165	-985	294
-165	-985	289
-164	-985	287
-162	-985	295
-164	-983	295
-164	-986	303
-168	-993	300
-164	-977	296
-160	-985	296
-164	-991	300
-167	-984	292
-165	-985	296
-168	-978	296
-168	-978	299
-168	-981	297
-162	-984	295
-164	-976	300
-164	-981	297
-168	-980	305
-169	-986	296
-162	-977	300
-172	-988	303
-168	-983	302
-168	-988	300
-167	-980	300
-168	-981	295
-164	-976	296
-162	-980	305
-164	-980	303
-167	-980	305
-165	-984	303
-168	-985	304
-168	-977	295
-167	-980	302
-170	-991	305
-164	-985	304
-168	-980	297
-164	-985	300
-164	-981	300
-168	-983	295
-167	-980	302
-165	-978	303
-165	-977	300
-167	-985	297
-173	-986	295
-162	-980	292
-164	-986	297
-170	-991	302
-160	-983	300
-162	-986	296
-164	-981	291
-164	-985	289
-160	-981	291
-159	-984	292
-160	-985	291
-160	-991	292
-164	-988	294
-165	-985	289
-160	-984	294
-162	-996	295
-164	-989	296
-161	-988	294
-167	-985	291
-169	-994	295
-165	-989	296
-160	-985	287
-157	-985	288
-157	-985	297
-160	-989	294
-162	-981	288
-160	-992	280
-160	-983	291
-161	-989	296
-164	-989	288
-162	-985	287
-164	-981	291
-162	-989	292
-159	-986	289
-158	-980	287
-162	-985	291
-153	-980	291
-157	-984	284
-164	-980	287
-168	-976	292
-167	-985	297
-169	-989	296
-170	-981	304
-164	-989	303
-168	-984	295
-168	-983	297
-164	-989	297
-164	-985	295
-167	-988	299
-168	-983	302
-165	-984	300
-165	-989	291
-164	-976	294
-169	-988	297
-168	-986	302
-167	-993	297
-168	-981	295
-168	-983	300
-168	-986	291
-167	-985	291
-164	-985	287
-168	-984	291
-160	-989	292
-164	-981	288
-160	-985	284
-160	-983	288
-162	-993	294
-164	-993	292
-161	-981	292
-162	-983	288
-161	-991	296
-161	-988	288
-160	-988	292
-159	-988	304
-160	-986	294
-154	-985	291
-160	-980	295
-160	-980	286
-160	-984	305
-157	-988	297
-160	-983	295
-162	-985	295
-160	-977	292
-165	-986	303
-161	-980	295
-160	-985	300
-160	-985	303
-161	-984	299
-160	-985	304
-159	-985	294
-165	-978	300
-168	-981	302
-164	-976	300
-165	-988	307
-161	-985	304
-160	-977	302
-168	-980	300
-160	-985	297
-167	-977	292
-162	-980	295
-160	-980	291
-161	-985	299
-161	-993	287
-157	-976	295
-168	-988	299
-168	-989	295
-164	-989	292
-161	-985	295
-167	-981	292
-161	-991	292
-164	-988	291
-160	-984	288
-165	-983	288
-157	-985	291
-164	-981	289
-164	-985	284
-160	-978	291
-164	-989	295
-160	-988	295
-161	-991	289
-162	-978	294
-162	-989	291
-159	-976	291
-160	-985	292
-162	-984	300
-167	-989	300
-167	-988	303
-166	-985	300
-172	-989	294
-168	-978	300
-167	-989	303
-168	-977	292
-165	-978	295
-167	-978	295
-168	-972	300
-167	-980	296
-167	-985	291
-164	-983	302
-168	-985	303
-168	-980	304
-172	-985	303
-170	-986	295
-167	-983	308
-168	-980	304
-168	-973	294
-168	-976	300
-167	-973	300
-169	-980	305
-162	-985	300
-162	-978	300
-161	-981	300
-162	-985	300
-165	-989	302
-167	-989	299
-165	-980	295
-168	-991	300
-168	-989	304
-165	-986	300
-165	-984	296
-173	-980	292
-168	-989	289
-169	-984	295
-170	-984	295
-167	-986	295
-169	-985	289
-168	-985	296
-175	-991	288
-168	-976	294
-168	-989	291
-170	-985	294
-168	-986	295
-164	-983	294
-168	-990	300
-165	-986	287
-169	-984	287
-162	-985	289
-164	-985	294
-164	-986	287
-167	-994	295
-164	-985	291
-161	-988	302
-164	-986	295
-167	-983	295
-167	-981	294
-168	-980	291
-168	-986	297
-164	-980	292
-167	-989	292
-168	-984	295
-165	-985	294
-169	-985	292
-170	-985	289
-168	-980	297
-169	-986	296
-173	-980	296
-173	-980	300
-168	-980	302
-173	-986	291
-164	-983	295
-168	-976	292
-172	-976	292
-168	-981	300
-168	-984	304
-173	-980	303
-169	-977	291
-170	-980	304
-167	-986	305
-168	-980	300
-170	-985	299
-168	-980	300
-169	-985	299
-172	-985	299
-168	-980	295
-168	-981	297
-168	-977	297
-173	-983	295
-173	-981	292
-169	-976	295
-173	-989	300
-170	-980	304
-172	-981	300
-168	-976	296
-172	-985	298
-164	-984	295
-160	-985	295
-162	-980	295
-159	-992	297
-161	-989	295
-161	-980	302
-164	-980	296
-164	-991	305
-169	-984	297
-160	-984	302
-165	-989	300
-164	-977	302
-164	-985	296
-162	-985	295
-162	-980	307
-167	-981	302
-162	-980	295
-167	-977	300
-168	-988	297
-165	-981	304
-168	-980	297
-169	-984	296
-164	-986	294
-165	-978	295
-164	-983	295
-169	-986	287
-168	-980	295
-168	-988	297
-164	-983	292
-169	-976	287
-170	-973	289
-172	-978	287
-175	-985	296
-169	-977	300
-168	-980	299
-170	-981	291
-173	-984	294
-173	-985	295
-168	-981	295
-170	-980	295
-170	-988	295
-170	-978	295
-176	-978	297
-176	-989	291
-170	-985	302
-176	-989	300
-177	-983	296
-172	-980	299
-178	-978	295
-175	-984	297
-175	-985	294
-168	-984	295
-177	-981	294
-173	-983	294
-176	-983	289
-173	-980	291
-178	-984	283
-177	-986	294
-180	-984	297
-173	-981	291
-178	-980	292
-173	-985	292
-177	-985	286
-175	-985	291
-170	-976	295
-173	-985	297
-177	-985	297
-173	-981	300
-175	-983	295
-177	-980	289
-173	-985	299
-173	-977	295
-178	-980	296
-173	-976	300
-176	-980	296
-173	-985	295
-172	-981	302
-173	-980	302
-167	-981	300
-170	-984	300
-170	-977	303
-170	-985	295
-175	-985	308
-177	-977	300
-177	-978	297
-176	-973	294
-176	-975	295
-178	-981	296
-177	-983	300
-177	-976	297
-183	-984	297
-183	-984	295
-185	-976	295
-185	-985	291
-177	-973	295
-185	-983	307
-185	-983	300
-183	-983	294
-181	-980	299
-185	-980	295
-181	-988	292
-180	-977	295
-183	-984	294
-177	-979	291
-180	-978	287
-184	-985	297
-180	-980	288
-180	-981	287
-185	-984	295
-178	-981	291
-177	-980	292
-177	-988	291
-173	-980	295
-173	-980	291
-176	-981	295
-177	-985	297
-175	-981	295
-178	-976	299
-178	-989	287
-169	-976	295
-180	-988	302
-173	-983	291
-176	-986	289
-177	-978	291
-180	-980	296
-185	-975	291
-177	-983	288
-176	-981	291
-180	-981	287
-189	-980	289
-184	-978	295
-184	-976	291
-185	-978	300
-186	-976	295
-185	-980	295
-184	-980	302
-186	-976	294
-186	-976	289
-191	-980	295
-191	-970	292
-189	-985	291
-186	-977	295
-186	-970	297
-188	-978	295
-185	-975	287
-193	-980	299
-200	-973	292
-200	-976	284
-205	-972	287
-197	-976	291
-202	-973	292
-204	-976	287
-208	-976	291
-208	-975	295
-208	-978	288
-212	-976	287
-217	-983	287
-207	-960	287
-224	-976	288
-217	-976	287
-223	-964	280
-225	-969	286
-223	-973	287
-220	-973	284
-221	-972	283
-217	-976	287
-212	-976	284
-212	-973	283
-213	-976	284
-212	-969	279
-209	-973	284
-218	-973	286
-215	-980	286
-216	-976	289
-217	-973	287
-216	-973	280
-217	-975	284
-218	-967	283
-213	-975	284
-217	-968	281
-221	-970	289
-223	-973	278
-220	-970	281
-220	-976	287
-225	-977	280
-221	-968	284
-225	-973	284
-223	-976	284
-221	-973	281
-221	-972	280
-225	-969	278
-225	-975	272
-226	-968	280
-225	-973	275
-225	-970	275
-228	-975	283
-231	-970	286
-232	-973	284
-224	-962	287
-225	-968	284
-225	-976	288
-221	-964	283
-225	-968	287
-221	-975	288
-226	-973	286
-223	-969	289
-221	-971	288
-216	-969	292
-218	-976	291
-218	-975	294
-217	-970	287
-216	-973	295
-215	-980	287
-217	-973	288
-215	-975	281
-212	-975	287
-218	-968	280
-221	-969	287
-217	-977	287
-212	-973	283
-221	-976	284
-217	-969	291
-213	-976	284
-216	-975	287
-217	-980	286
-217	-976	287
-215	-976	286
-212	-977	288
-212	-975	295
-215	-969	289
-217	-976	284
-212	-976	275
-213	-980	291
-221	-972	287
-217	-973	287
-218	-968	284
-217	-968	283
-218	-976	287
-213	-973	286
-212	-972	283
-212	-973	288
-215	-975	291
-212	-973	286
-216	-973	280
-216	-975	289
-221	-973	292
-218	-969	286
-217	-976	281
-212	-969	287
-218	-969	287
-217	-976	294
-216	-964	292
-217	-969	292
-213	-969	291
-221	-970	291
-221	-977	280
-213	-973	291
-223	-983	295
-223	-969	291
-223	-977	287
-217	-973	289
-212	-976	291
-213	-968	287
-212	-977	287
-212	-975	289
-213	-973	283
-218	-973	287
-225	-976	286
-217	-964	280
-215	-976	291
-215	-976	294
-212	-976	283
-208	-973	288
-208	-980	287
-201	-975	292
-202	-975	291
-205	-978	284
-202	-976	291
-196	-977	296
-197	-973	289
-199	-976	287
-193	-976	295
-202	-984	297
-197	-976	296
-204	-977	294
-200	-970	295
-204	-975	296
-197	-977	294
-196	-976	291
-194	-976	295
-199	-980	300
-193	-980	294
-197	-983	294
-194	-969	297
-194	-978	303
-189	-976	291
-194	-976	295
-193	-980	297
-197	-976	300
-194	-977	297
-192	-973	291
-196	-973	294
-189	-973	295
-189	-976	292
-194	-973	295
-189	-977	295
-186	-973	296
-196	-981	300
-194	-977	295
-191	-980	295
-189	-981	295
-189	-985	291
-184	-980	289
-185	-981	289
-181	-985	288
-177	-980	296
-183	-973	291
-181	-980	287
-180	-973	287
-180	-988	289
-181	-988	295
-186	-980	281
-181	-985	289
-184	-983	286
-185	-988	280
-184	-984	284
-185	-985	280
-185	-983	284
-185	-983	280
-185	-983	276
-192	-991	275
-184	-977	283
-189	-985	286
-186	-980	289
-185	-986	287
-189	-986	287
-189	-973	287
-189	-981	284
-191	-980	284
-186	-984	284
-185	-976	287
-183	-985	281
-189	-984	286
-189	-980	284
-185	-976	291
-189	-981	288
-189	-984	288
-189	-985	291
-181	-976	291
-189	-978	295
-181	-976	291
-181	-976	292
-185	-976	287
-184	-976	294
-185	-981	291
-192	-970	300
-185	-969	287
-193	-973	295
-189	-969	296
-193	-976	289
-192	-980	294
-189	-976	289
-189	-985	292
-185	-985	287
-185	-980	287
-191	-983	289
-186	-985	287
-193	-983	284
-193	-980	284
-188	-973	286
-191	-981	287
-189	-983	286
-189	-983	284
-193	-981	284
-186	-977	287
-186	-985	280
-191	-986	284
-189	-985	286
-185	-986	287
-185	-984	287
-191	-976	280
-184	-980	280
-192	-981	287
-185	-984	291
-189	-981	291
-184	-984	284
-185	-980	286
-188	-984	291
-181	-981	291
-185	-985	281
-186	-984	280
-180	-983	294
-185	-981	287
-186	-977	291
-183	-976	284
-193	-983	289
-193	-989	284
-189	-977	286
-191	-980	288
-191	-976	288
-185	-977	291
-185	-977	287
-189	-977	287
-185	-978	291
-185	-976	291
-191	-980	291
-193	-973	280
-194	-976	291
-197	-983	295
-193	-978	291
-193	-983	294
-192	-976	295
-197	-973	291
-193	-984	291
-188	-978	289
-191	-976	284
-192	-980	294
-189	-978	287
-193	-981	294
-193	-977	287
-196	-980	291
-199	-980	291
-193	-983	287
-193	-981	287
-192	-977	279
-193	-985	284
-192	-976	287
-192	-983	280
-192	-983	284
-196	-984	291
-191	-986	275
-196	-985	279
-191	-978	275
-193	-985	281
-193	-985	284
-193	-980	276
-193	-985	281
-193	-984	272
-192	-984	281
-185	-981	279
-184	-985	273
-188	-985	280
-186	-985	281
-185	-985	280
-184	-980	279
-178	-967	275
-184	-985	284
-185	-989	291
-185	-977	284
-188	-978	278
-185	-981	276
-183	-980	283
-185	-985	284
-184	-985	280
-177	-984	280
-184	-981	280
-186	-983	280
-185	-992	280
-185	-984	284
-183	-985	291
-184	-983	283
-185	-989	284
-180	-975	280
-181	-977	276
-186	-976	283
-185	-984	284
-191	-980	287
-186	-981	287
-185	-984	273
-189	-981	278
-193	-983	280
-189	-980	283
-191	-989	287
-191	-986	288
-188	-989	281
-192	-978	287
-189	-973	287
-191	-991	287
-185	-980	284
-189	-976	284
-186	-985	287
-189	-985	288
-189	-980	287
-193	-984	284
-193	-975	287
-196	-981	288
-194	-983	287
-186	-985	284
-189	-978	284
-189	-981	284
-189	-985	286
-186	-985	286
-191	-980	284
-185	-983	287
-185	-985	284
-191	-984	280
-189	-982	280
-189	-978	283
-193	-989	287
-189	-986	287
-191	-980	284
-191	-981	287
-193	-983	280
-188	-980	278
-191	-981	283
-191	-980	283
-194	-978	287
-192	-977	287
-196	-975	281
-196	-980	284
-194	-976	288
-207	-980	291
-196	-976	291
-202	-976	288
-204	-976	287
-201	-975	291
-199	-977	288
-200	-973	284
-200	-980	289
-197	-976	295
-196	-976	286
-205	-969	287
-208	-976	283
-201	-973	291
-208	-976	296
-208	-980	286
-207	-977	281
-208	-973	283
-212	-976	289
-210	-976	279
-202	-977	279
-202	-975	287
-205	-975	280
-201	-976	280
-205	-980	283
-208	-980	275
-205	-978	284
-212	-983	287
-212	-978	280
-208	-985	271
-205	-980	273
-208	-983	275
-200	-980	272
-201	-980	268
-205	-980	272
-200	-984	276
-199	-981	273
-200	-978	271
-200	-978	267
-199	-977	276
-196	-985	279
-200	-980	278
-199	-986	275
-202	-980	278
-194	-984	273
-196	-984	284
-199	-985	281
-199	-976	280
-197	-985	284
-196	-983	275
-197	-978	287
-197	-977	280
-196	-980	284
-201	-985	288
-200	-976	280
-205	-983	287
-205	-968	287
-204	-975	283
-205	-981	283
-200	-980	278
-205	-976	287
-196	-968	288
-208	-976	286
-202	-976	280
-208	-976	289
-210	-978	291
-210	-973	284
-210	-976	283
-208	-977	275
-208	-973	284
-208	-976	280
-212	-975	286
-212	-980	278
-209	-976	280
-208	-973	287
-209	-980	284
-209	-976	275
-208	-968	272
-215	-985	280
-209	-980	276
-212	-978	279
-209	-984	278
-208	-976	283
-207	-980	280
-208	-980	275
-205	-976	272
-208	-980	275
-202	-984	275
-205	-980	279
-197	-980	279
-201	-976	280
-207	-984	283
-202	-978	279
-196	-984	279
-196	-973	280
-202	-985	278
-200	-980	276
-200	-983	271
-202	-983	272
-200	-985	279
-203	-975	280
-200	-975	284
-200	-972	275
-201	-973	284
-205	-978	281
-207	-978	280
-200	-980	291
-197	-981	284
-200	-976	286
-202	-977	286
-200	-975	284
-199	-977	288
-196	-970	287
-204	-976	291
-208	-980	288
-200	-975	287
-205	-973	299
-208	-976	297
-209	-970	294
-208	-976	294
-212	-972	289
-205	-973	291
-201	-973	289
-202	-976	286
-210	-970	289
-205	-972	287
-209	-969	292
-210	-976	297
-209	-968	291
-212	-981	291
-215	-978	291
-221	-976	291
-212	-973	289
-208	-968	284
-212	-977	287
-209	-976	287
-208	-973	286
-212	-976	291
-210	-977	291
-216	-975	286
-213	-983	288
-208	-972	280
-210	-976	286
-216	-976	289
-210	-980	288
-209	-980	288
-204	-978	283
-205	-976	287
-205	-973	287
-202	-975	280
-196	-978	286
-197	-978	291
-196	-973	295
-196	-984	291
-192	-970	291
-192	-983	288
-192	-973	291
-192	-980	296
-186	-973	291
-185	-981	294
-189	-980	291
-185	-983	300
-178	-981	297
-178	-985	300
-177	-984	291
-181	-978	294
-180	-988	294
-178	-970	295
-185	-986	299
-181	-981	303
-189	-977	299
-189	-976	294
-189	-975	295
-193	-979	295
-193	-975	295
-196	-980	294
-189	-980	296
-193	-975	299
-196	-975	300
-196	-980	291
-193	-968	296
-199	-975	300
-196	-968	294
-200	-977	300
-194	-975	302
-202	-973	295
-196	-976	295
-196	-980	295
-193	-973	303
-193	-984	299
-193	-977	300
-196	-981	300
-193	-977	291
-193	-974	299
-193	-978	304
-196	-977	299
-181	-976	303
-170	-999	276
-177	-980	283
-189	-991	294
-186	-975	291
-177	-976	295
-175	-977	291
-180	-978	294
-180	-981	291
-177	-975	291
-178	-984	294
-184	-981	300
-180	-980	295
-181	-985	289
-185	-976	291
-188	-974	292
-185	-972	295
-185	-965	292
-185	-983	299
-196	-976	287
-193	-976	300
-193	-957	335
-188	-996	273
-173	-1007	279
-177	-989	286
-193	-985	263
-180	-985	280
-180	-988	270
-177	-980	270
-185	-985	263
-193	-973	268
-184	-980	286
-185	-981	281
-180	-986	286
-185	-985	251
-169	-993	230
-168	-980	248
-168	-986	247
-169	-1005	187
-172	-996	172
-170	-1008	145
-170	-1000	112
-160	-1007	81
-148	-1016	51
-148	-1033	-4
-145	-1032	-80
-148	-1017	-129
-144	-1004	-200
-136	-1005	-248
-125	-994	-287
-124	-997	-337
-106	-970	-401
-87	-962	-424
-87	-938	-447
-93	-903	-469
-89	-884	-493
-76	-904	-511
-68	-893	-528
-49	-889	-578
-41	-865	-586
-40	-839	-624
-37	-831	-633
-32	-800	-660
0	-807	-690
40	-752	-727
71	-749	-756
95	-696	-776
121	-674	-817
143	-656	-820
159	-612	-828
215	-573	-817
227	-564	-812
222	-552	-783
231	-561	-797
225	-561	-813
232	-592	-815
225	-586	-841
240	-589	-841
233	-586	-839
227	-584	-858
224	-562	-844
216	-561	-801
220	-557	-805
247	-569	-879
263	-551	-865
276	-536	-861
287	-548	-844
289	-554	-839
281	-536	-824
286	-545	-824
287	-537	-831
287	-533	-831
291	-559	-818
300	-557	-832
305	-557	-818
307	-567	-817
304	-567	-818
307	-567	-809
305	-586	-797
307	-578	-804
307	-576	-813
310	-578	-807
327	-589	-804
329	-581	-793
328	-586	-786
327	-599	-786
332	-593	-788
328	-599	-792
334	-593	-791
331	-591	-778
334	-599	-785
339	-605	-791
329	-602	-781
329	-605	-783
329	-610	-781
344	-616	-769
340	-620	-769
339	-634	-764
334	-637	-761
332	-641	-757
335	-640	-751
343	-637	-746
344	-657	-740
350	-679	-737
348	-714	-749
350	-704	-729
350	-733	-648
342	-756	-633
353	-753	-617
356	-748	-607
352	-788	-580
348	-756	-569
348	-769	-584
372	-770	-616
359	-762	-653
364	-717	-660
358	-684	-676
361	-701	-719
351	-712	-682
337	-682	-698
353	-669	-735
361	-660	-742
359	-653	-744
359	-650	-737
368	-665	-720
374	-665	-727
366	-671	-712
377	-696	-684
371	-712	-672
368	-713	-644
392	-753	-637
393	-781	-612
380	-788	-584
376	-829	-535
371	-833	-516
374	-825	-481
371	-810	-481
376	-829	-505
387	-817	-516
420	-791	-589
414	-767	-621
406	-736	-644
403	-705	-673
398	-665	-672
403	-656	-688
419	-634	-697
422	-665	-674
430	-664	-705
432	-660	-680
424	-639	-706
415	-615	-729
408	-625	-708
415	-676	-689
408	-665	-663
420	-660	-716
439	-672	-730
435	-644	-705
432	-625	-724
419	-601	-725
424	-597	-749
423	-591	-753
417	-588	-761
419	-575	-752
424	-580	-749
428	-592	-754
432	-587	-753
444	-569	-746
443	-564	-746
441	-561	-760
447	-567	-753
448	-573	-749
444	-573	-753
448	-576	-753
449	-568	-756
451	-569	-752
454	-564	-752
454	-562	-749
446	-570	-754
451	-567	-741
448	-572	-736
454	-567	-745
454	-561	-744
455	-572	-753
457	-576	-751
460	-569	-741
455	-573	-746
457	-576	-744
456	-561	-749
460	-560	-744
456	-564	-734
460	-568	-746
457	-573	-746
449	-573	-744
447	-570	-741
444	-575	-737
448	-576	-744
447	-575	-744
463	-573	-751
460	-575	-748
455	-564	-753
451	-557	-749
448	-576	-757
455	-573	-746
446	-575	-759
440	-569	-744
448	-569	-752
439	-572	-744
440	-576	-749
448	-588	-762
448	-584	-752
441	-576	-749
438	-580	-751
440	-596	-751
432	-594	-730
439	-610	-732
446	-608	-732
446	-617	-714
443	-626	-708
446	-628	-706
444	-625	-727
446	-621	-733
454	-621	-712
456	-620	-717
457	-612	-717
456	-602	-721
451	-599	-712
449	-592	-705
451	-591	-716
457	-594	-714
456	-609	-714
462	-609	-703
470	-605	-705
472	-601	-712
465	-605	-698
473	-605	-706
478	-617	-712
472	-607	-708
472	-601	-709
478	-605	-706
468	-596	-711
467	-601	-708
472	-607	-705
460	-619	-706
462	-613	-697
467	-612	-711
463	-610	-705
470	-604	-708
463	-609	-706
460	-613	-701
448	-613	-690
448	-621	-701
462	-617	-706
464	-625	-705
468	-625	-713
463	-618	-714
451	-624	-714
448	-623	-708
443	-628	-708
440	-621	-708
441	-623	-705
436	-625	-701
447	-621	-709
441	-632	-720
433	-632	-719
441	-639	-714
446	-641	-711
435	-636	-705
440	-637	-714
433	-628	-712
439	-631	-712
442	-633	-712
432	-629	-716
438	-633	-708
435	-628	-708
443	-625	-712
439	-632	-712
446	-636	-717
436	-633	-709
440	-633	-709
444	-616	-705
441	-620	-711
439	-631	-709
448	-632	-720
448	-633	-719
448	-633	-713
447	-629	-713
463	-609	-724
463	-602	-711
467	-596	-695
460	-607	-689
451	-624	-697
449	-612	-713
472	-615	-706
467	-616	-704
463	-621	-712
467	-625	-712
463	-617	-708
463	-616	-705
459	-612	-705
470	-616	-703
468	-609	-705
470	-616	-701
472	-620	-712
460	-620	-701
462	-616	-698
460	-613	-705
462	-616	-701
463	-617	-708
463	-623	-698
460	-625	-704
460	-631	-705
459	-631	-705
455	-632	-711
455	-618	-706
455	-623	-698
455	-625	-701
448	-629	-697
448	-625	-705
435	-633	-702
430	-644	-708
432	-656	-708
427	-664	-708
423	-669	-697
428	-663	-696
425	-623	-692
439	-612	-689
455	-610	-692
471	-625	-711
471	-660	-701
472	-647	-705
463	-620	-703
464	-594	-705
467	-599	-692
473	-609	-698
472	-621	-697
468	-629	-701
462	-625	-688
478	-612	-708
467	-624	-673
478	-616	-674
496	-601	-685
496	-613	-692
492	-624	-687
496	-612	-680
492	-607	-688
497	-589	-690
495	-589	-682
505	-588	-690
504	-585	-695
511	-584	-690
528	-565	-712
529	-557	-718
536	-556	-721
542	-549	-722
551	-537	-717
553	-537	-719
531	-537	-712
531	-521	-713
536	-496	-717
543	-488	-724
553	-500	-736
569	-504	-733
575	-490	-736
572	-489	-758
566	-457	-737
567	-440	-737
572	-441	-738
575	-448	-729
579	-445	-733
566	-449	-754
569	-449	-770
560	-456	-761
567	-457	-776
569	-469	-796
548	-477	-776
547	-498	-749
536	-501	-740
519	-509	-727
516	-514	-720
515	-519	-705
532	-537	-705
520	-552	-697
516	-561	-706
496	-573	-711
481	-601	-729
472	-615	-725
468	-626	-692
486	-624	-674
471	-624	-708
454	-631	-706
440	-648	-689
428	-653	-676
423	-644	-672
428	-628	-689
439	-636	-688
440	-631	-692
451	-641	-701
444	-636	-705
444	-628	-697
441	-628	-692
440	-620	-713
440	-632	-722
456	-624	-732
462	-617	-729
448	-615	-730
444	-612	-741
430	-609	-737
428	-615	-734
432	-609	-733
436	-615	-730
435	-618	-719
440	-616	-717
440	-620	-720
435	-621	-709
431	-625	-712
440	-626	-712
439	-625	-706
438	-628	-712
432	-633	-712
435	-628	-712
435	-618	-714
432	-625	-701
432	-633	-708
430	-631	-706
432	-636	-705
446	-625	-703
439	-625	-709
432	-621	-709
435	-623	-705
438	-632	-716
430	-626	-719
430	-626	-727
423	-625	-727
428	-621	-719
427	-620	-724
428	-617	-729
435	-616	-733
427	-620	-729
433	-617	-720
433	-616	-720
435	-616	-725
438	-616	-724
431	-613	-716
439	-609	-712
441	-609	-724
439	-609	-724
435	-615	-722
433	-618	-719
440	-612	-733
443	-615	-728
444	-609	-728
447	-607	-716
444	-612	-722
440	-605	-721
440	-610	-729
432	-608	-713
443	-608	-717
443	-609	-720
444	-618	-720
444	-612	-712
440	-610	-720
441	-610	-724
438	-612	-728
444	-615	-727
451	-623	-717
456	-641	-729
462	-648	-720
463	-648	-701
455	-641	-701
460	-636	-677
462	-569	-737
452	-544	-737
451	-554	-705
465	-584	-711
484	-615	-695
483	-623	-682
487	-613	-698
484	-601	-712
483	-616	-704
487	-609	-704
481	-600	-700
479	-604	-700
467	-596	-705
470	-616	-698
468	-609	-697
470	-623	-698
481	-626	-700
480	-620	-704
473	-608	-704
472	-612	-708
465	-613	-700
463	-616	-705
454	-621	-705
454	-625	-697
456	-625	-697
448	-625	-697
447	-631	-711
441	-621	-701
441	-625	-696
430	-616	-696
422	-631	-701
419	-633	-706
409	-633	-714
419	-612	-728
438	-600	-738
428	-612	-756
412	-632	-785
391	-650	-783
368	-647	-737
359	-647	-722
351	-647	-722
355	-650	-712
367	-656	-720
371	-656	-728
384	-642	-740
376	-633	-759
372	-636	-753
371	-632	-743
377	-625	-737
376	-634	-737
368	-632	-740
376	-624	-746
369	-629	-745
368	-633	-753
364	-631	-744
371	-626	-738
371	-637	-744
364	-634	-746
374	-633	-744
368	-633	-737
368	-637	-737
364	-640	-738
371	-644	-740
368	-633	-735
374	-625	-740
374	-631	-740
369	-634	-745
368	-633	-740
376	-637	-740
371	-640	-744
368	-637	-744
374	-631	-745
369	-628	-749
368	-633	-744
364	-637	-743
359	-637	-738
335	-673	-721
295	-689	-717
278	-695	-697
275	-689	-697
270	-665	-685
252	-679	-704
240	-703	-721
176	-674	-674
124	-685	-647
71	-722	-653
44	-744	-658
-13	-777	-689
-64	-800	-745
-136	-808	-648
-160	-839	-733
-186	-786	-657
-221	-735	-521
-264	-751	-578
-319	-719	-517
-362	-717	-509
-441	-708	-564
-481	-733	-557
-500	-706	-537
-528	-660	-385
-605	-697	-409
-660	-637	-301
-749	-609	-185
-817	-521	-180
-913	-519	-132
-1020	-529	-80
-1055	-458	7
-1055	-272	123
-977	-372	127
-935	-408	126
-885	-429	108
-877	-436	111
-889	-436	127
-914	-448	127
-957	-447	158
-999	-397	184
-977	-385	172
-957	-357	180
-916	-349	167
-908	-324	179
-889	-320	179
-885	-353	171
-897	-337	183
-889	-312	207
-901	-306	216
-889	-320	207
-898	-333	217
-904	-329	206
-912	-329	209
-925	-345	198
-913	-360	200
-916	-345	201
-914	-348	203
-914	-359	188
-928	-360	212
-941	-359	212
-924	-345	214
-912	-345	204
-909	-343	200
-913	-340	193
-905	-336	184
-913	-325	175
-922	-327	176
-925	-317	176
-921	-316	163
-924	-314	168
-922	-314	179
-921	-309	172
-912	-319	177
-909	-317	182
-906	-322	169
-922	-324	159
-936	-320	158
-928	-332	144
-936	-333	139
-937	-328	135
-933	-336	137
-935	-336	127
-936	-324	131
-932	-320	127
-940	-314	135
-940	-319	131
-936	-319	131
-933	-317	134
-932	-313	126
-932	-319	127
-933	-313	126
-935	-317	123
-935	-324	127
-933	-328	124
-932	-327	127
-927	-328	131
-930	-328	136
-930	-335	139
-930	-328	134
-928	-327	131
-928	-322	127
-930	-325	124
-928	-319	132
-928	-313	127
-930	-316	134
-928	-319	135
-930	-317	131
-930	-319	131
-925	-319	131
-928	-324	127
-922	-322	131
-925	-320	127
-928	-328	126
-925	-330	121
-932	-322	121
-936	-324	132
-929	-324	135
-932	-328	131
-932	-329	127
-936	-329	132
-930	-333	127
-930	-337	115
-929	-336	116
-930	-336	119
-929	-336	120
-927	-336	115
-928	-336	119
-935	-336	124
-929	-322	119
-933	-327	131
-928	-327	120
-929	-329	120
-928	-328	119
-930	-325	115
-932	-328	112
-932	-324	114
-929	-325	120
-932	-324	120
-929	-325	124
-932	-321	124
-932	-322	126
-928	-328	118
-925	-327	119
-935	-333	120
-928	-330	120
-928	-332	118
-928	-330	118
-929	-328	112
-930	-328	118
-932	-325	115
-928	-324	118
-927	-327	115
-929	-328	112
-932	-332	113
-929	-333	119
-925	-324	116
-930	-324	115
-932	-330	114
-929	-329	112
-928	-327	118
-935	-333	113
-932	-325	116
-933	-329	120
-930	-328	115
-935	-327	120
-935	-330	116
-928	-324	113
-932	-328	120
-936	-327	111
-928	-327	119
-930	-324	112
-932	-320	120
-933	-324	129
-927	-320	127
-928	-328	124
-930	-322	123
-932	-328	124
-925	-329	124
-928	-328	124
-924	-328	120
-928	-329	120
-927	-324	120
-928	-325	115
-932	-329	120
-925	-325	126
-925	-333	131
-929	-338	129
-938	-349	139
-956	-365	158
-978	-392	172
-965	-412	158
-997	-521	140
-962	-573	116
-916	-634	99
-861	-663	86
-789	-744	43
-717	-781	-4
-607	-801	-61
-417	-848	-242
-303	-825	-309
-253	-845	-436
-215	-800	-489
-167	-783	-472
-113	-829	-572
8	-813	-625
46	-772	-599
111	-751	-628
147	-781	-672
169	-746	-650
188	-729	-679
228	-693	-689
246	-706	-703
259	-689	-717
280	-639	-690
318	-658	-709
329	-645	-730
343	-631	-713
352	-641	-728
374	-647	-724
392	-637	-732
399	-632	-713
411	-634	-729
412	-620	-740
408	-589	-720
409	-596	-738
412	-616	-730
415	-632	-744
417	-608	-733
423	-616	-737
419	-625	-735
419	-616	-725
414	-633	-720
415	-633	-697
412	-624	-713
412	-620	-712
415	-632	-717
433	-623	-720
427	-631	-714
423	-633	-717
417	-631	-717
420	-631	-712
420	-625	-717
419	-626	-727
416	-626	-720
417	-626	-720
423	-620	-720
430	-620	-717
430	-628	-722
423	-625	-719
419	-628	-713
419	-628	-719
419	-629	-730
414	-631	-721
406	-634	-724
412	-644	-707
408	-632	-712
409	-642	-714
415	-640	-717
415	-644	-722
415	-644	-719
417	-640	-724
407	-634	-708
399	-633	-708
391	-629	-697
380	-631	-711
371	-633	-708
351	-642	-708
326	-625	-722
326	-650	-730
315	-655	-749
304	-647	-751
287	-661	-746
281	-672	-765
268	-689	-791
239	-681	-775
231	-685	-793
225	-689	-781
224	-697	-783
222	-701	-786
216	-692	-791
214	-681	-800
206	-655	-795
200	-656	-778
204	-658	-770
206	-644	-773
212	-644	-770
233	-656	-778
240	-656	-762
241	-653	-772
248	-661	-757
252	-657	-748
248	-645	-753
249	-645	-756
259	-644	-769
264	-647	-765
270	-653	-770
271	-656	-775
259	-644	-770
262	-647	-769
259	-652	-776
252	-644	-784
255	-639	-781
248	-641	-777
243	-647	-770
239	-653	-784
243	-645	-788
240	-642	-788
239	-644	-791
236	-647	-784
230	-642	-788
227	-645	-799
231	-644	-794
236	-639	-788
231	-637	-796
230	-637	-793
228	-634	-796
225	-634	-793
231	-626	-788
224	-633	-799
228	-629	-797
227	-637	-794
227	-625	-788
224	-631	-794
219	-632	-796
219	-634	-804
216	-631	-794
214	-628	-799
216	-626	-804
217	-626	-804
212	-628	-807
211	-628	-804
212	-626	-807
214	-625	-802
216	-621	-808
207	-625	-800
207	-624	-808
207	-626	-801
209	-625	-801
203	-624	-802
210	-625	-807
207	-621	-804
206	-628	-804
207	-625	-808
214	-624	-804
207	-625	-804
211	-625	-808
209	-629	-809
200	-625	-799
204	-624	-800
211	-628	-804
207	-628	-804
211	-625	-804
211	-625	-804
207	-625	-808
207	-625	-799
206	-628	-805
204	-624	-810
207	-621	-809
212	-616	-805
211	-621	-813
216	-621	-812
216	-621	-808
215	-616	-808
216	-610	-812
214	-621	-808
214	-616	-797
220	-616	-804
212	-621	-813
211	-616	-805
211	-620	-804
211	-618	-804
215	-623	-808
216	-616	-808
216	-624	-807
217	-616	-813
209	-620	-808
211	-620	-804
208	-623	-801
207	-621	-804
207	-624	-805
207	-624	-802
208	-625	-804
207	-624	-804
206	-623	-804
204	-621	-805
207	-625	-804
204	-621	-804
207	-625	-804
207	-625	-808
206	-628	-813
211	-624	-810
212	-631	-815
220	-628	-817
224	-634	-817
236	-633	-815
241	-632	-815
239	-626	-816
244	-616	-809
248	-601	-809
255	-596	-805
268	-602	-800
281	-596	-813
287	-592	-807
289	-586	-781
304	-589	-793
311	-592	-784
318	-585	-781
323	-604	-788
328	-596	-783
336	-592	-788
334	-600	-784
334	-593	-793
335	-585	-788
345	-599	-781
348	-591	-777
350	-586	-797
350	-580	-800
351	-584	-793
348	-577	-788
359	-585	-788
363	-578	-792
359	-584	-785
371	-589	-784
374	-591	-788
372	-597	-777
371	-594	-776
376	-591	-775
375	-594	-776
380	-586	-772
380	-585	-769
384	-584	-776
377	-596	-760
383	-600	-745
391	-616	-744
399	-624	-746
403	-631	-724
401	-637	-717
409	-629	-720
409	-642	-725
403	-644	-733
403	-634	-720
399	-648	-720
396	-642	-719
399	-640	-708
404	-634	-704
409	-640	-712
414	-644	-720
414	-650	-729
403	-648	-730
401	-650	-729
401	-648	-729
403	-660	-727
399	-669	-719
391	-695	-693
385	-714	-672
374	-720	-633
374	-706	-599
396	-740	-601
399	-784	-596
391	-791	-588
382	-804	-581
382	-797	-577
372	-789	-584
375	-788	-564
380	-815	-548
372	-824	-552
371	-828	-544
375	-816	-548
374	-820	-536
366	-808	-527
375	-815	-528
384	-849	-520
382	-836	-503
391	-840	-503
396	-832	-500
396	-836	-480
398	-841	-482
393	-857	-485
393	-860	-474
403	-850	-469
403	-861	-449
390	-864	-436
387	-860	-437
382	-850	-449
380	-853	-460
384	-855	-482
383	-840	-496
391	-829	-525
390	-805	-564
387	-797	-580
380	-753	-605
383	-737	-631
390	-729	-653
387	-714	-669
399	-703	-689
399	-695	-692
392	-658	-692
393	-653	-705
390	-656	-706
392	-666	-719
401	-665	-709
404	-668	-706
404	-658	-719
399	-658	-713
399	-656	-708
393	-656	-720
392	-655	-717
391	-657	-708
396	-656	-713
398	-664	-712
399	-665	-712
395	-690	-677
396	-724	-671
400	-717	-649
408	-749	-621
396	-797	-573
392	-794	-544
403	-785	-505
403	-776	-505
401	-783	-522
417	-799	-552
432	-733	-620
431	-697	-648
424	-677	-696
428	-655	-706
428	-631	-696
431	-633	-701
439	-621	-685
435	-637	-724
423	-637	-720
422	-628	-712
443	-616	-719
432	-621	-716
428	-637	-713
432	-671	-712
438	-677	-724
436	-633	-714
432	-610	-728
428	-615	-714
422	-612	-730
423	-616	-741
420	-616	-730
419	-616	-729
419	-615	-722
419	-616	-717
422	-618	-717
428	-633	-719
435	-625	-712
432	-625	-706
440	-618	-709
447	-616	-712
444	-618	-704
441	-621	-712
440	-617	-705
444	-605	-711
441	-616	-706
443	-620	-712
435	-626	-716
438	-621	-720
430	-621	-714
432	-625	-712
433	-616	-720
423	-618	-712
428	-616	-712
435	-612	-737
444	-601	-736
435	-617	-733
419	-609	-733
411	-602	-740
425	-616	-752
439	-628	-736
428	-644	-729
424	-610	-733
424	-596	-737
428	-597	-740
432	-596	-733
432	-594	-736
433	-594	-733
440	-600	-737
444	-591	-735
440	-596	-729
444	-607	-736
439	-621	-737
439	-637	-712
440	-647	-690
455	-669	-680
439	-671	-640
431	-660	-644
444	-655	-672
433	-665	-669
446	-647	-680
463	-650	-690
458	-673	-674
455	-666	-676
435	-669	-681
422	-673	-663
422	-668	-671
432	-653	-680
435	-653	-680
440	-656	-689
443	-664	-677
440	-660	-682
451	-653	-685
440	-644	-708
435	-647	-698
431	-660	-705
430	-664	-700
415	-656	-695
411	-661	-700
412	-657	-697
414	-660	-701
417	-664	-708
407	-668	-697
411	-672	-697
403	-657	-701
400	-656	-703
403	-656	-704
400	-660	-705
396	-660	-712
393	-665	-705
399	-669	-711
394	-666	-720
396	-663	-712
403	-661	-717
392	-666	-717
396	-661	-705
395	-658	-704
391	-668	-713
391	-669	-698
387	-663	-701
387	-672	-701
391	-672	-701
385	-669	-696
391	-672	-697
391	-676	-700
396	-669	-700
387	-674	-697
391	-672	-698
380	-671	-695
372	-672	-693
380	-669	-703
379	-677	-705
385	-676	-708
384	-680	-708
382	-676	-706
380	-680	-712
375	-676	-705
379	-679	-712
371	-666	-701
371	-672	-708
371	-679	-709
371	-673	-716
375	-673	-711
368	-676	-712
366	-676	-708
368	-676	-712
363	-672	-712
361	-676	-712
355	-677	-712
352	-676	-706
364	-681	-722
364	-676	-717
368	-672	-712
364	-672	-703
363	-671	-705
366	-671	-714
364	-671	-716
368	-671	-712
364	-669	-708
368	-664	-708
367	-665	-706
366	-672	-720
359	-672	-706
367	-673	-722
364	-669	-717
363	-676	-720
364	-672	-714
363	-669	-717
363	-672	-714
361	-669	-716
361	-673	-713
360	-671	-712
363	-676	-712
364	-674	-711
360	-674	-711
355	-684	-720
356	-677	-705
358	-680	-711
352	-673	-712
359	-681	-714
359	-674	-701
356	-679	-708
356	-680	-705
359	-683	-708
361	-680	-701
356	-680	-706
356	-684	-705
360	-674	-703
358	-680	-705
352	-681	-701
353	-685	-708
361	-681	-705
363	-680	-709
363	-685	-708
360	-674	-701
363	-680	-705
359	-669	-706
356	-673	-708
359	-674	-704
364	-674	-705
366	-672	-711
361	-673	-712
359	-676	-714
352	-673	-708
355	-680	-713
355	-681	-720
355	-679	-714
355	-681	-717
355	-676	-712
356	-673	-713
352	-674	-708
355	-676	-714
353	-680	-711
352	-673	-713
350	-679	-717
352	-674	-717
350	-680	-717
343	-679	-708
351	-680	-716
355	-684	-720
344	-676	-712
350	-680	-708
344	-669	-708
348	-684	-711
347	-681	-717
352	-680	-712
355	-681	-708
352	-680	-714
348	-680	-711
348	-680	-712
350	-682	-714
343	-685	-710
351	-681	-717
351	-680	-720
352	-688	-714
347	-682	-712
344	-680	-712
347	-685	-719
352	-679	-709
351	-685	-712
350	-679	-716
351	-682	-712
348	-684	-712
352	-680	-712
351	-688	-713
347	-681	-705
344	-677	-706
344	-682	-708
352	-680	-722
348	-688	-703
351	-681	-705
356	-692	-712
353	-690	-713
353	-676	-705
350	-677	-712
352	-682	-709
353	-673	-708
355	-680	-704
350	-681	-708
351	-681	-712
355	-685	-714
351	-687	-708
352	-685	-712
352	-687	-706
348	-685	-703
355	-688	-708
348	-681	-706
347	-681	-708
345	-680	-705
352	-684	-708
348	-676	-704
352	-685	-712
348	-682	-712
344	-685	-697
348	-685	-713
347	-685	-712
342	-676	-713
337	-680	-709
345	-684	-708
344	-688	-713
355	-682	-717
350	-676	-711
348	-680	-711
340	-682	-712
340	-679	-712
350	-682	-713
351	-685	-713
344	-689	-701
348	-685	-708
345	-679	-712
340	-676	-712
344	-688	-708
348	-687	-709
348	-684	-711
344	-685	-713
345	-682	-709
347	-682	-706
345	-676	-711
345	-679	-708
352	-681	-711
348	-682	-720
340	-680	-708
343	-684	-712
348	-685	-717
342	-685	-712
348	-685	-712
350	-682	-709
345	-680	-720
348	-680	-709
347	-672	-712
348	-680	-712
351	-682	-717
352	-677	-712
351	-676	-713
347	-680	-712
344	-680	-714
344	-682	-712
350	-676	-716
352	-689	-711
348	-680	-705
352	-681	-714
348	-682	-717
348	-682	-714
352	-682	-706
344	-673	-708
345	-680	-709
352	-685	-712
351	-689	-712
352	-689	-713
345	-692	-712
347	-685	-713
344	-681	-712
343	-687	-711
339	-677	-701
344	-689	-705
348	-682	-712
342	-687	-708
340	-682	-711
339	-688	-711
339	-680	-712
342	-687	-711
339	-685	-712
340	-687	-716
340	-681	-716
339	-679	-717
344	-689	-720
336	-680	-708
342	-681	-712
344	-687	-716
339	-680	-713
342	-682	-719
343	-679	-714
345	-676	-720
347	-674	-712
348	-677	-720
344	-676	-712
342	-673	-720
344	-674	-720
344	-680	-722
348	-674	-721
343	-677	-720
342	-676	-724
344	-671	-720
347	-673	-717
344	-672	-720
347	-669	-717
344	-672	-720
347	-676	-724
350	-676	-712
351	-677	-717
343	-674	-724
345	-669	-720
348	-672	-713
348	-676	-708
355	-676	-712
353	-677	-717
352	-676	-712
352	-668	-712
353	-673	-713
356	-669	-717
352	-672	-712
352	-677	-714
350	-677	-711
347	-679	-719
348	-673	-720
350	-680	-717
350	-680	-714
351	-679	-717
352	-679	-717
345	-680	-717
351	-679	-705
348	-680	-712
348	-687	-716
343	-680	-711
344	-676	-714
339	-679	-712
339	-684	-716
340	-682	-722
339	-679	-720
342	-681	-720
336	-688	-721
339	-687	-727
339	-679	-717
334	-680	-717
334	-676	-719
336	-676	-714
340	-680	-712
344	-685	-719
342	-681	-720
335	-679	-711
340	-684	-722
335	-676	-725
339	-676	-719
340	-674	-720
340	-676	-722
342	-676	-724
340	-674	-724
335	-669	-729
334	-669	-729
335	-665	-729
340	-672	-729
343	-671	-725
339	-672	-729
335	-672	-729
347	-672	-733
343	-666	-724
344	-671	-722
339	-669	-724
339	-672	-725
337	-674	-724
339	-672	-717
337	-674	-725
335	-680	-712
336	-676	-724
335	-682	-717
335	-680	-722
334	-684	-712
335	-684	-706
334	-684	-708
331	-682	-712
335	-687	-708
334	-685	-706
332	-689	-712
334	-685	-706
332	-688	-709
332	-685	-712
327	-689	-719
329	-687	-712
335	-693	-712
336	-692	-717
335	-689	-712
335	-689	-714
336	-681	-714
332	-679	-712
336	-689	-716
340	-684	-713
340	-685	-716
337	-680	-713
336	-682	-713
335	-672	-711
339	-676	-721
335	-674	-719
335	-673	-719
332	-677	-717
337	-680	-728
339	-676	-724
336	-673	-722
339	-676	-727
335	-672	-721
332	-679	-724
339	-674	-722
336	-672	-720
335	-669	-722
336	-673	-719
339	-672	-727
340	-674	-729
337	-677	-728
332	-680	-717
336	-677	-728
335	-680	-727
331	-676	-725
332	-681	-727
329	-680	-725
334	-681	-722
339	-679	-714
335	-676	-717
335	-680	-713
335	-679	-716
335	-680	-717
339	-677	-713
335	-677	-714
326	-685	-712
334	-685	-720
335	-680	-712
339	-680	-714
335	-685	-719
334	-677	-719
336	-685	-717
342	-680	-712
342	-685	-717
335	-680	-716
335	-679	-717
332	-676	-713
334	-680	-720
336	-679	-713
335	-684	-712
334	-680	-719
335	-676	-724
336	-676	-717
339	-676	-720
339	-681	-724
337	-676	-728
342	-673	-722
340	-673	-717
335	-673	-722
337	-672	-721
343	-674	-724
336	-672	-728
332	-676	-714
337	-680	-733
339	-673	-729
334	-674	-730
332	-673	-723
330	-673	-724
331	-676	-721
327	-676	-729
332	-674	-722
334	-676	-722
334	-676	-722
329	-676	-724
334	-682	-730
331	-680	-717
331	-682	-721
324	-676	-728
328	-684	-725
327	-684	-717
328	-685	-720
328	-685	-717
331	-682	-719
332	-682	-719
327	-677	-716
331	-682	-724
331	-685	-721
332	-687	-722
334	-682	-720
327	-680	-708
335	-680	-717
327	-679	-721
332	-681	-720
332	-684	-717
335	-680	-724
337	-682	-716
339	-680	-720
335	-680	-717
332	-676	-716
342	-680	-720
339	-681	-716
336	-680	-717
339	-679	-712
343	-681	-713
342	-679	-719
332	-673	-720
339	-682	-714
343	-680	-709
343	-676	-720
343	-676	-714
342	-680	-713
336	-682	-712
337	-681	-714
335	-680	-720
337	-682	-724
334	-681	-712
337	-687	-720
335	-682	-722
327	-685	-720
332	-685	-721
334	-674	-709
331	-685	-717
334	-682	-714
332	-681	-713
335	-682	-717
329	-685	-714
332	-680	-713
336	-685	-717
324	-685	-711
334	-692	-720
332	-685	-729
331	-682	-714
327	-687	-714
328	-680	-717
328	-682	-725
327	-688	-719
327	-680	-720
328	-681	-720
327	-680	-717
328	-680	-720
327	-681	-724
323	-685	-712
334	-679	-720
328	-681	-724
329	-685	-724
334	-687	-713
329	-685	-720
332	-680	-720
332	-677	-722
324	-680	-720
331	-681	-721
331	-680	-720
335	-675	-712
334	-680	-721
324	-680	-721
328	-679	-716
335	-682	-720
336	-681	-722
329	-680	-721
334	-688	-720
334	-689	-719
327	-681	-721
327	-685	-712
323	-681	-714
321	-680	-714
324	-688	-714
328	-682	-714
329	-687	-722
327	-690	-717
326	-692	-719
327	-688	-727
324	-680	-720
327	-685	-720
328	-682	-720
332	-681	-722
332	-679	-724
331	-682	-722
331	-681	-717
335	-674	-717
332	-676	-724
335	-673	-729
327	-680	-717
332	-677	-730
334	-676	-729
336	-676	-729
332	-676	-732
336	-672	-729
339	-672	-730
336	-665	-724
336	-669	-727
336	-671	-728
339	-672	-729
339	-666	-725
339	-669	-729
332	-669	-724
332	-669	-721
344	-673	-729
329	-672	-730
339	-676	-728
342	-676	-733
340	-676	-730
343	-676	-733
344	-677	-730
339	-673	-728
335	-668	-722
332	-665	-733
334	-665	-720
335	-669	-721
335	-672	-714
336	-673	-727
335	-672	-727
332	-676	-729
334	-672	-722
339	-672	-729
334	-672	-730
335	-669	-720
339	-673	-725
343	-672	-720
339	-672	-724
335	-672	-720
335	-672	-724
329	-677	-717
328	-672	-714
339	-672	-717
335	-680	-721
337	-674	-716
337	-677	-727
335	-680	-729
329	-673	-724
332	-669	-724
335	-672	-720
336	-669	-727
335	-671	-730
343	-668	-722
332	-672	-725
335	-671	-725
339	-672	-729
334	-669	-724
335	-672	-724
335	-669	-721
335	-672	-730
335	-669	-725
335	-674	-729
339	-676	-729
334	-669	-727
337	-664	-724
340	-673	-729
339	-666	-729
335	-665	-720
337	-665	-730
339	-669	-724
344	-673	-728
340	-665	-720
343	-676	-729
340	-672	-729
339	-665	-722
335	-671	-724
340	-665	-724
339	-665	-728
344	-672	-724
344	-668	-728
337	-673	-724
348	-672	-729
339	-669	-729
335	-674	-729
336	-676	-724
336	-682	-721
332	-679	-719
332	-679	-721
331	-680	-722
323	-679	-722
323	-682	-719
328	-688	-720
321	-682	-714
319	-681	-725
323	-687	-721
328	-680	-708
320	-681	-719
324	-688	-721
331	-680	-716
327	-681	-717
321	-680	-722
323	-681	-724
326	-676	-716
331	-684	-729
329	-682	-725
326	-687	-717
316	-681	-720
319	-689	-727
323	-680	-728
326	-676	-729
323	-679	-728
323	-676	-724
324	-680	-720
323	-677	-729
324	-673	-721
324	-676	-722
326	-673	-720
328	-677	-728
323	-676	-724
316	-676	-724
326	-680	-729
328	-673	-737
323	-672	-727
324	-680	-724
327	-680	-724
323	-681	-727
323	-680	-724
323	-680	-725
327	-680	-728
326	-679	-720
321	-676	-727
324	-674	-720
320	-688	-729
319	-681	-717
329	-682	-724
323	-677	-732
327	-680	-716
327	-684	-725
327	-685	-722
327	-684	-724
327	-680	-721
328	-685	-724
327	-672	-720
328	-677	-722
327	-687	-724
332	-680	-720
323	-682	-716
331	-684	-724
327	-680	-720
328	-680	-729
324	-685	-730
332	-681	-718
326	-687	-720
327	-685	-719
328	-680	-712
327	-687	-722
326	-673	-720
323	-680	-722
329	-676	-719
328	-680	-722
327	-679	-717
328	-680	-722
327	-679	-727
320	-688	-724
321	-682	-720
324	-685	-717
319	-680	-721
323	-681	-724
318	-679	-719
326	-680	-724
323	-680	-720
323	-681	-720
323	-689	-724
319	-680	-717
326	-681	-724
320	-682	-725
319	-685	-720
320	-684	-720
323	-685	-724
319	-684	-724
318	-681	-720
320	-687	-721
318	-685	-721
323	-685	-720
323	-685	-722
323	-680	-727
318	-685	-717
326	-687	-719
327	-684	-720
319	-688	-719
321	-685	-720
323	-685	-724
326	-685	-729
327	-682	-720
327	-681	-713
324	-680	-720
329	-682	-727
328	-680	-717
323	-687	-721
323	-689	-717
324	-679	-716
328	-685	-720
323	-689	-720
320	-682	-709
328	-688	-719
327	-689	-720
323	-681	-724
323	-684	-720
327	-684	-714
323	-681	-714
328	-685	-719
327	-685	-719
328	-685	-720
327	-679	-709
328	-689	-714
323	-685	-722
323	-682	-717
327	-685	-712
324	-687	-719
326	-685	-721
323	-685	-717
324	-687	-720
320	-689	-720
323	-682	-716
326	-687	-720
323	-685	-724
320	-689	-709
320	-689	-724
323	-684	-722
319	-692	-722
320	-687	-716
319	-689	-717
318	-685	-717
319	-688	-720
319	-689	-717
316	-687	-720
319	-684	-724
321	-685	-717
320	-687	-717
323	-688	-729
324	-688	-720
327	-687	-721
327	-689	-712
326	-689	-720
326	-689	-713
327	-692	-720
328	-681	-709
323	-677	-712
321	-676	-716
319	-682	-717
321	-676	-722
327	-681	-720
328	-681	-729
319	-685	-720
324	-685	-736
323	-676	-730
318	-674	-737
315	-680	-737
320	-674	-730
320	-680	-735
319	-676	-728
319	-680	-729
319	-680	-728
319	-680	-728
319	-680	-729
316	-676	-725
312	-680	-729
312	-685	-722
319	-685	-727
319	-685	-724
316	-689	-726
319	-680	-722
320	-689	-724
321	-684	-720
321	-688	-717
319	-684	-717
323	-682	-713
328	-681	-714
323	-688	-720
323	-688	-727
323	-685	-712
326	-685	-712
327	-681	-724
326	-681	-717
327	-688	-720
332	-685	-724
326	-685	-725
327	-687	-728
323	-682	-721
327	-680	-724
329	-679	-720
327	-676	-720
331	-684	-724
332	-680	-719
323	-682	-712
323	-684	-725
324	-676	-730
319	-685	-730
318	-687	-724
318	-687	-725
316	-680	-729
310	-680	-724
316	-674	-729
315	-679	-724
316	-679	-721
319	-680	-729
323	-680	-729
315	-680	-718
315	-680	-725
313	-676	-728
312	-685	-733
312	-685	-730
315	-684	-729
319	-684	-737
319	-682	-727
311	-681	-728
316	-681	-725
318	-681	-724
319	-685	-727
319	-689	-729
316	-689	-721
312	-685	-711
319	-677	-720
312	-685	-722
316	-688	-713
313	-689	-720
312	-689	-720
321	-690	-720
317	-689	-719
318	-688	-716
316	-685	-720
315	-682	-720
312	-689	-717
315	-687	-717
312	-689	-717
316	-687	-720
318	-685	-724
319	-689	-717
321	-689	-717
319	-680	-730
323	-685	-724
326	-685	-717
320	-685	-722
318	-687	-719
316	-688	-714
326	-685	-712
327	-687	-722
319	-687	-713
323	-685	-719
323	-676	-720
319	-688	-716
321	-680	-720
326	-680	-712
343	-692	-727
324	-701	-716
323	-681	-690
331	-705	-695
331	-688	-703
334	-676	-698
335	-717	-700
328	-701	-701
336	-690	-719
332	-680	-717
335	-680	-705
337	-672	-714
334	-679	-720
335	-688	-721
334	-680	-717
335	-698	-725
344	-695	-717
344	-685	-719
345	-689	-714
344	-703	-703
344	-697	-705
358	-714	-695
358	-721	-685
360	-733	-669
364	-729	-653
375	-744	-640
368	-780	-604
364	-807	-568
374	-832	-554
376	-855	-548
364	-820	-433
359	-810	-356
387	-805	-409
417	-801	-552
414	-797	-584
408	-777	-597
414	-772	-596
407	-745	-570
409	-735	-612
408	-725	-640
403	-703	-687
406	-695	-692
401	-674	-696
408	-672	-698
404	-679	-697
403	-672	-695
399	-676	-690
399	-674	-695
403	-668	-698
407	-665	-701
403	-674	-690
412	-698	-677
432	-744	-634
424	-793	-599
414	-796	-572
425	-801	-516
427	-820	-473
432	-848	-424
414	-812	-381
432	-852	-439
451	-823	-457
455	-793	-511
454	-778	-543
447	-749	-584
444	-737	-632
452	-658	-672
432	-658	-680
449	-655	-705
440	-631	-693
432	-637	-705
423	-641	-705
443	-653	-696
440	-698	-690
447	-697	-695
456	-649	-701
440	-609	-712
424	-600	-713
419	-617	-708
432	-618	-701
433	-626	-713
433	-625	-708
428	-637	-727
433	-625	-740
423	-617	-722
431	-616	-726
431	-618	-722
428	-623	-728
433	-609	-724
428	-610	-724
428	-620	-725
431	-618	-729
443	-613	-724
440	-616	-724
441	-631	-724
444	-634	-712
448	-625	-708
446	-623	-709
440	-591	-733
446	-580	-726
447	-594	-727
448	-605	-712
451	-609	-712
452	-616	-720
457	-601	-727
459	-616	-712
448	-607	-713
444	-616	-717
440	-621	-709
454	-616	-708
462	-601	-712
452	-616	-717
444	-621	-720
4095	4095	4095
2143	1558	85
