Activity Name: stand/
UserID: 18541
StartTime: 0
x	y	z
-968	319	4
-954	351	-13
-954	350	-4
-967	320	6
-964	297	3
-962	291	3
-961	303	6
-961	313	-2
-967	312	7
-964	300	-8
-969	312	3
-960	323	-8
-954	312	-8
-961	318	-8
-961	307	3
-973	279	35
-985	265	39
-973	265	20
-959	296	3
-964	302	-1
-975	304	3
-964	291	-1
-970	295	-1
-968	280	11
-968	284	3
-961	288	-1
-973	284	9
-967	284	0
-969	284	-1
-970	315	8
-968	310	8
-957	304	-8
-953	307	-13
-961	310	-8
-968	319	-16
-957	318	-8
-961	339	7
-953	335	-4
-957	343	-10
-962	339	11
-970	331	12
-973	320	14
-984	315	-32
-994	304	-33
-985	342	-32
-948	428	3
-967	492	30
-953	508	83
-900	502	137
-879	539	140
-856	564	151
-837	569	172
-817	588	167
-753	601	211
-720	592	220
-689	633	207
-669	652	200
-655	683	198
-655	695	195
-669	719	192
-671	732	192
-679	748	167
-680	710	174
-674	700	153
-716	739	136
-751	777	142
-769	795	155
-733	760	147
-712	715	145
-728	710	103
-733	748	102
-732	816	103
-719	777	113
-717	753	127
-720	750	142
-722	734	161
-756	731	175
-727	752	166
-705	700	163
-732	700	199
-756	655	198
-749	659	193
-744	668	198
-743	681	198
-738	641	167
-765	635	171
-777	688	216
-756	695	227
-761	671	231
-778	652	223
-775	652	220
-778	648	227
-778	647	236
-772	648	225
-746	672	211
-754	683	216
-760	663	216
-762	647	204
-765	647	206
-759	663	207
-761	654	204
-761	655	216
-749	671	216
-751	679	214
-756	671	220
-759	664	227
-751	677	230
-751	679	224
-741	675	200
-748	711	209
-744	688	208
-744	691	206
-735	697	224
-733	702	238
-743	684	230
-749	672	216
-746	671	219
-745	697	216
-740	691	220
-751	664	212
-756	655	211
-761	679	231
-749	654	222
-737	696	225
-737	692	224
-749	657	211
-760	654	232
-761	681	254
-756	671	238
-760	652	222
-756	649	215
-753	655	219
-756	670	239
-764	678	233
-753	668	227
-750	670	217
-753	670	224
-754	665	236
-760	662	240
-757	664	251
-753	671	239
-753	676	224
-753	670	222
-749	673	216
-752	668	228
-751	662	220
-751	668	232
-749	676	232
-752	675	230
-741	684	224
-752	672	222
-748	683	233
-745	672	232
-745	662	220
-749	675	224
-745	673	227
-746	684	230
-745	680	224
-746	679	230
-751	675	222
-745	664	211
-751	667	216
-749	675	219
-756	689	231
-761	655	227
-765	662	220
-760	671	216
-761	647	195
-764	647	204
-762	672	225
-756	681	230
-756	663	216
-762	656	209
-756	668	216
-754	668	230
-756	659	222
-759	668	225
-754	665	224
-752	665	216
-759	663	222
-759	668	235
-753	671	220
-753	686	227
-753	686	224
-745	649	227
-753	671	222
-754	678	225
-753	664	220
-757	663	216
-756	659	217
-756	673	230
-754	711	232
-751	657	214
-769	632	211
-767	631	217
-765	639	203
-769	652	227
-772	668	241
-768	667	225
-765	655	211
-761	652	211
-764	657	207
-761	651	207
-765	655	209
-761	664	230
-760	671	227
-761	664	216
-761	660	209
-761	675	220
-761	673	217
-757	667	214
-753	664	212
-749	664	214
-753	672	227
-751	691	239
-744	684	239
-738	686	227
-741	681	228
-737	684	225
-740	676	231
-751	664	236
-753	652	251
-752	664	248
-744	679	233
-740	684	232
-744	675	241
-749	668	239
-749	664	240
-751	664	232
-744	684	240
-745	686	236
-754	660	227
-749	668	231
-749	678	236
-753	675	226
-752	668	231
-756	688	241
-761	664	230
-761	664	224
-756	665	211
-754	662	195
-756	649	190
-770	655	199
-765	672	214
-761	664	211
-765	654	207
-770	659	206
-765	656	204
-762	664	208
-765	670	209
-765	657	209
-769	659	209
-761	655	211
-769	655	209
-765	665	215
-769	656	217
-770	657	211
-769	659	215
-762	659	208
-762	664	207
-762	665	216
-767	668	220
-765	664	217
-765	655	208
-769	665	211
-764	663	211
-765	659	207
-767	664	216
-764	659	207
-772	670	212
-775	655	207
-764	652	209
-761	659	204
-756	668	204
-765	660	201
-769	649	214
-781	656	220
-772	648	206
-759	655	203
-764	679	212
-765	655	204
-765	652	204
-762	665	206
-759	672	214
-756	678	211
-758	665	209
-760	668	198
-754	673	199
-751	679	199
-756	675	211
-760	675	207
-759	671	200
-761	671	198
-761	671	195
-756	663	191
-753	668	198
-757	673	206
-762	675	207
-768	678	206
-764	664	201
-769	656	198
-772	654	191
-767	652	190
-767	664	190
-761	668	204
-764	670	207
-769	657	203
-759	655	195
-765	655	196
-769	656	204
-775	659	208
-765	659	206
-765	668	201
-756	679	204
-765	655	208
-756	675	220
-749	688	212
-749	687	207
-761	664	204
-765	654	208
-757	679	214
-749	688	208
-748	679	200
-749	679	207
-753	679	207
-751	681	207
-749	679	208
-753	679	209
-756	679	209
-752	670	199
-749	678	201
-745	675	195
-752	671	206
-753	673	207
-752	675	206
-756	670	200
-760	676	211
-754	675	214
-754	672	216
-751	668	214
-756	678	216
-756	675	214
-749	672	210
-753	675	216
-746	680	212
-756	683	216
-749	668	220
-752	679	215
-749	676	222
-749	675	215
-746	670	216
-752	673	224
-756	667	211
-749	683	227
-749	681	220
-753	671	207
-756	671	214
-756	681	222
-759	675	223
-760	656	209
-765	651	209
-761	655	208
-762	671	216
-761	675	225
-756	671	219
-761	663	211
-759	659	208
-760	664	216
-760	667	211
-760	660	211
-759	664	215
-756	673	236
-751	686	240
-743	694	216
-744	675	214
-752	671	208
-756	673	222
-753	671	225
-751	668	211
-752	668	208
-754	696	209
-752	679	207
-759	671	206
-762	654	209
-762	671	212
-760	665	211
-759	673	211
-760	672	207
-752	679	201
-751	680	199
-756	671	192
-759	668	195
-761	673	207
-756	668	206
-753	679	199
-753	675	199
-754	675	207
-757	671	207
-756	675	206
-751	675	204
-751	681	207
-749	681	207
-741	683	206
-740	687	211
-749	688	209
-752	671	211
-746	679	216
-752	689	216
-751	675	204
-753	673	200
-753	676	208
-757	667	211
-764	648	199
-765	647	193
-764	659	196
-760	675	201
-756	683	208
-761	664	208
-757	662	200
-753	668	199
-754	672	203
-761	671	214
-761	675	206
-756	673	209
-753	670	204
-756	671	204
-756	671	203
-751	680	211
-753	675	207
-756	679	211
-754	679	216
-756	672	216
-752	673	207
-746	688	199
-744	675	200
-752	678	223
-754	663	225
-749	670	227
-748	671	228
-752	676	224
-752	670	222
-749	675	230
-746	680	235
-746	676	224
-744	675	222
-749	679	220
-738	684	219
-738	684	224
-745	681	222
-741	686	224
-745	675	232
-752	679	241
-760	667	235
-749	668	222
-737	688	214
-737	688	216
-749	675	233
-753	671	238
-749	676	225
-744	681	220
-744	679	216
-753	671	224
-756	675	227
-753	679	220
-749	673	223
-746	671	216
-751	675	219
-753	670	231
-752	672	224
-752	668	216
-756	668	216
-757	670	227
-753	672	228
-756	667	227
-756	665	207
-754	671	227
-756	675	227
-759	665	219
-761	657	223
-759	664	224
-757	652	211
-753	655	211
-761	664	227
-760	672	240
-757	665	216
-754	660	201
-760	655	220
-756	664	225
-753	681	238
-749	679	240
-753	667	220
-759	664	227
-753	664	225
-757	676	233
-749	675	227
-749	676	227
-757	670	223
-761	664	231
-769	659	223
-753	667	216
-757	659	204
-754	660	203
-757	664	212
-760	662	214
-760	662	204
-756	671	209
-760	670	207
-761	657	211
-765	655	203
-760	667	206
-760	684	217
-761	668	215
-765	657	204
-759	665	207
-761	664	200
-765	667	211
-761	659	211
-770	664	209
-761	663	232
-765	659	207
-776	652	208
-784	664	231
-773	655	208
-765	657	174
-765	665	161
-756	684	135
-744	671	134
-748	675	134
-753	689	136
-753	696	143
-749	744	176
-746	716	152
-754	692	172
-770	678	182
-781	639	174
-778	617	196
-776	627	208
-777	655	204
-761	675	188
-761	676	188
-770	661	195
-772	671	208
-778	672	219
-773	654	222
-773	639	220
-776	638	207
-775	646	199
-781	640	215
-778	651	207
-776	649	204
-778	647	211
-778	654	209
-772	641	214
-776	635	217
-781	639	214
-784	630	212
-784	638	215
-781	630	220
-776	652	214
-775	651	215
-778	639	211
-786	639	216
-778	636	216
-781	647	224
-783	646	217
-777	639	209
-780	636	212
-781	632	225
-784	643	227
-784	639	219
-776	643	211
-776	646	220
-778	636	216
-784	636	212
-781	636	222
-776	651	224
-781	636	216
-783	643	219
-784	632	220
-784	638	225
-783	632	220
-784	636	220
-784	636	222
-788	632	224
-797	646	238
-797	595	211
-800	611	185
-792	633	153
-772	647	167
-744	675	179
-741	691	208
-751	711	207
-744	703	215
-744	688	206
-746	663	198
-749	651	199
-754	657	192
-754	663	199
-757	678	206
-761	695	212
-769	684	232
-762	688	230
-753	688	241
-757	696	230
-769	638	198
-752	624	244
-744	608	190
-759	588	211
-777	584	188
-799	612	152
-826	551	147
-857	547	127
-887	516	110
-897	470	89
-949	519	136
-929	519	142
-913	467	103
-911	448	63
-901	457	33
-908	449	15
-914	451	22
-919	435	24
-916	432	24
-921	462	15
-921	433	6
-916	423	4
-924	435	22
-925	440	28
-928	435	31
-928	430	20
-925	428	15
-912	428	15
-904	428	9
-911	467	12
-916	476	23
-913	467	24
-912	459	19
-921	444	24
-917	435	18
-916	436	15
-913	447	7
-912	451	11
-909	463	16
-909	457	15
-912	457	20
-912	448	15
-916	451	12
-909	455	15
-909	460	15
-909	463	20
-909	467	28
-903	471	30
-898	475	19
-897	496	23
-904	487	32
-904	464	28
-911	463	24
-912	455	16
-906	449	8
-904	464	12
-904	473	16
-904	474	19
-904	473	15
-906	471	17
-904	465	12
-905	463	7
-906	472	12
-905	470	19
-909	472	19
-903	467	19
-906	471	12
-904	463	8
-903	472	15
-909	468	14
-909	471	15
-908	464	24
-905	467	22
-908	459	15
-909	455	16
-909	456	15
-912	463	22
-909	456	19
-909	464	16
-909	468	19
-911	457	17
-909	449	20
-909	452	15
-911	464	22
-905	463	19
-913	459	12
-909	467	27
-911	471	25
-911	460	22
-904	457	17
-905	463	19
-904	463	16
-904	465	19
-912	471	24
-909	467	24
-909	463	24
-909	464	23
-904	473	31
-905	472	24
-906	467	20
-904	464	26
-906	468	20
-905	480	30
-900	472	30
-904	468	30
-906	472	28
-904	473	30
-901	476	28
-900	470	25
-909	472	31
-905	472	27
-904	470	31
-905	472	24
-905	471	24
-909	472	30
-905	468	31
-905	465	32
-906	463	22
-904	476	35
-904	473	35
-909	467	31
-903	470	24
-903	472	31
-909	467	30
-908	470	28
-906	467	30
-904	467	20
-903	468	28
-909	470	30
-906	475	31
-909	472	32
-903	463	19
-900	470	28
-903	472	31
-904	470	24
-900	479	39
-904	476	35
-903	471	28
-904	476	31
-904	473	31
-903	475	24
-906	476	23
-904	471	30
-904	476	24
-904	472	24
-906	472	24
-903	470	32
-904	473	26
-903	473	28
-900	476	35
-909	467	22
-906	476	35
-903	476	33
-909	468	23
-909	465	20
-909	464	25
-904	467	31
-904	467	33
-905	464	30
-905	463	31
-905	460	31
-905	459	24
-904	463	28
-909	463	28
-909	463	30
-905	463	28
-909	463	31
-909	470	40
-909	465	33
-905	462	28
-906	464	24
-912	467	30
-909	467	33
-903	463	31
-906	463	31
-905	467	32
-909	468	28
-909	472	35
-900	465	35
-903	467	35
-904	471	30
-901	476	38
-905	468	31
-903	476	35
-905	478	32
-904	476	28
-905	475	35
-904	473	39
-908	471	35
-900	468	31
-904	472	35
-901	472	39
-908	470	39
-904	473	31
-909	470	38
-904	464	33
-908	467	33
-903	462	32
-908	471	27
-905	479	38
-903	465	39
-904	468	30
-904	465	31
-904	470	36
-904	463	38
-908	457	35
-905	472	36
-908	476	39
-909	467	35
-909	463	30
-909	470	35
-901	467	38
-909	471	35
-903	465	35
-904	465	31
-904	468	32
-904	475	38
-904	472	30
-903	467	31
-904	470	35
-903	470	38
-901	471	32
-900	463	30
-908	470	32
-904	467	36
-905	470	30
-904	468	30
-901	464	28
-908	467	31
-908	465	31
-906	467	28
-912	465	28
-904	470	39
-905	465	35
-906	460	30
-906	467	31
-905	465	35
-906	467	44
-905	470	38
-912	455	30
-911	455	31
-912	463	40
-912	456	35
-908	464	28
-904	467	31
-904	462	35
-908	462	40
-913	462	39
-909	460	28
-909	468	38
-911	472	35
-908	463	30
-908	465	35
-905	465	34
-903	476	36
-903	473	33
-916	476	28
-904	476	39
-904	475	44
-906	464	35
-904	472	31
-912	468	44
-909	470	38
-909	467	35
-906	464	39
-914	457	27
-912	459	35
-904	464	39
-911	459	35
-911	457	38
-909	456	38
-906	460	39
-905	463	35
-905	463	39
-909	463	44
-906	462	40
-904	465	44
-911	462	43
-909	463	41
-908	460	38
-906	463	44
-906	460	33
-912	459	35
-905	462	46
-911	460	38
-909	455	43
-909	463	35
-911	465	39
-905	462	44
-911	464	39
-905	463	34
-909	467	39
-904	465	43
-909	463	40
-906	463	39
-904	467	33
-909	467	39
-912	463	35
-909	464	35
-905	467	39
-909	467	39
-909	459	35
-908	465	35
-909	470	39
-906	468	39
-911	463	39
-913	462	39
-909	455	38
-911	460	31
-905	457	36
-911	455	39
-912	462	40
-908	459	40
-909	455	39
-912	456	36
-909	464	40
-909	457	38
-909	455	36
-912	459	39
-912	462	38
-912	459	38
-909	454	39
-911	455	42
-911	456	44
-906	458	33
-906	457	40
-904	460	39
-909	463	42
-906	463	38
-909	465	46
-911	460	36
-906	463	40
-906	467	41
-906	467	40
-909	463	40
-909	467	39
-903	464	44
-909	465	40
-908	465	48
-901	465	46
-904	471	44
-906	472	48
-904	468	47
-906	473	43
-908	471	43
-904	463	44
-912	467	38
-908	473	44
-904	472	44
-906	471	39
-901	468	40
-906	470	44
-909	470	41
-904	471	44
-898	471	44
-905	467	39
-904	470	35
-909	467	44
-911	470	40
-903	472	39
-904	472	44
-904	473	47
-906	471	44
-901	471	44
-905	476	51
-905	468	40
-901	465	43
-904	467	40
-904	470	40
-903	472	40
-904	472	41
-909	470	40
-906	472	43
-912	467	43
-904	467	38
-904	472	48
-905	464	39
-911	471	40
-904	470	41
-909	460	35
-906	462	43
-904	465	46
-906	462	39
-912	465	39
-909	457	44
-911	462	47
-912	459	40
-909	460	38
-909	455	47
-909	459	48
-905	455	39
-912	460	44
-906	455	46
-911	462	43
-911	463	51
-911	460	41
-912	464	54
-913	456	48
-913	455	43
-913	457	44
-912	459	46
-908	462	47
-904	463	51
-909	462	47
-909	467	48
-908	470	48
-909	467	48
-905	465	43
-900	465	39
-900	487	46
-897	480	48
-905	471	44
-900	472	49
-903	480	52
-898	480	41
-906	468	41
-904	465	47
-906	472	51
-904	464	46
-908	459	39
-909	464	41
-904	463	41
-909	465	41
-906	467	43
-904	464	48
-909	470	51
-904	467	47
-904	471	39
-904	473	48
-901	470	60
-904	479	56
-904	476	54
-900	472	48
-903	473	49
-913	472	48
-905	471	51
-904	470	51
-904	468	48
-903	471	44
-900	464	44
-905	472	46
-905	470	46
-901	472	48
-905	472	43
-906	467	40
-903	472	48
-903	470	43
-905	472	40
-905	472	44
-909	471	47
-909	472	46
-904	467	46
-904	463	44
-909	465	51
-904	468	48
-904	467	44
-909	467	47
-905	463	46
-909	463	46
-912	460	39
-912	470	51
-904	467	55
-906	464	51
-906	463	48
-911	467	51
-906	463	52
-905	471	49
-909	467	47
-912	467	54
-912	464	49
-909	465	47
-908	465	49
-904	472	48
-901	471	54
-901	474	48
-904	463	47
-909	472	54
-898	476	56
-903	468	44
-903	472	48
-903	475	48
-908	478	44
-903	470	48
-904	476	47
-904	472	47
-900	475	48
-900	467	51
-904	468	52
-903	467	47
-901	472	51
-903	475	47
-903	471	44
-905	468	47
-904	476	62
-904	472	49
-904	464	48
-901	468	52
-904	468	44
-904	475	40
-905	475	48
-900	473	49
-904	473	47
-904	472	48
-901	473	48
-905	476	51
-911	476	51
-908	467	49
-905	468	44
-904	470	44
-900	467	51
-897	480	44
-897	480	49
-901	471	55
-909	472	56
-908	473	48
-900	468	46
-909	473	41
-901	472	49
-904	472	51
-904	468	44
-904	467	46
-905	467	51
-900	463	48
-904	462	47
-909	467	40
-906	468	56
-909	470	47
-903	463	44
-909	470	51
-911	467	54
-912	471	51
-908	462	51
-904	459	48
-905	463	48
-909	465	48
-908	472	51
-905	467	51
-904	467	54
-901	468	51
-903	472	56
-904	465	48
-904	471	55
-900	478	56
-904	476	51
-900	473	51
-903	475	56
-905	478	55
-901	473	48
-904	476	49
-903	476	54
-904	478	52
-900	478	57
-900	476	54
-904	476	56
-903	476	51
-900	478	51
-904	472	47
-901	480	56
-903	476	49
-900	472	51
-900	476	52
-901	478	54
-901	476	51
-903	471	60
-904	472	54
-901	476	56
-904	476	62
-904	472	51
-900	472	48
-897	476	49
-904	476	58
-904	480	52
-904	478	52
-904	479	62
-900	476	52
-903	476	49
-902	476	55
-903	479	57
-904	476	55
-900	478	51
-900	478	49
-900	473	52
-900	473	51
-897	473	48
-904	479	52
-904	476	54
-901	472	54
-905	472	44
-905	480	60
-904	476	57
-904	470	51
-903	470	48
-906	472	52
-905	470	54
-904	468	47
-906	472	51
-904	471	51
-909	464	54
-906	464	48
-906	467	51
-909	467	52
-904	465	60
-911	463	51
-904	470	56
-901	472	57
-904	465	48
-903	464	54
-908	467	60
-906	470	54
-904	467	56
-901	465	54
-904	467	54
-897	471	54
-903	471	56
-901	476	54
-904	471	56
-905	471	56
-909	468	57
-909	459	56
-908	460	54
-900	470	54
-890	488	51
-893	488	60
-897	475	64
-900	472	63
-903	479	55
-904	476	56
-906	470	56
-909	472	59
-905	468	55
-897	470	55
-903	471	56
-905	471	56
-905	472	54
-909	470	49
-904	468	63
-904	470	63
-904	463	54
-903	472	54
-901	470	60
-901	473	60
-901	475	60
-904	475	56
-903	472	62
-901	463	56
-905	471	57
-904	478	56
-897	478	56
-900	486	63
-908	476	57
-909	460	64
-906	465	67
-905	460	56
-904	462	51
-895	481	54
-893	496	63
-897	475	56
-904	472	55
-904	465	49
-909	472	56
-909	467	60
-909	463	55
-904	463	51
-901	465	55
-904	463	57
-912	460	54
-906	455	56
-912	457	49
-911	460	56
-914	448	60
-912	455	56
-909	457	56
-912	460	63
-909	460	56
-911	457	64
-914	459	67
-912	449	62
-913	451	56
-909	447	60
-908	454	63
-909	455	59
-914	460	70
-912	454	67
-911	455	63
-912	455	60
-912	467	67
-913	467	68
-909	451	67
-912	456	65
-912	456	71
-913	451	67
-904	462	62
-904	472	68
-904	470	76
-904	463	67
-903	460	63
-911	476	59
-903	479	79
-905	464	67
-906	463	60
-898	478	70
-900	476	67
-905	463	64
-912	460	63
-914	462	64
-901	460	56
-900	460	51
-897	480	56
-904	475	68
-904	467	67
-909	463	67
-912	455	63
-921	451	68
-914	451	72
-904	460	67
-906	464	56
-903	463	63
-908	460	68
-909	463	68
-911	467	65
-909	462	64
-905	460	64
-909	459	71
-912	463	71
-905	468	67
-897	472	60
-900	473	55
-909	460	51
-908	471	72
-905	464	65
-904	463	54
-905	468	55
-914	457	68
-916	452	71
-911	451	60
-905	456	48
-909	463	62
-909	454	71
-912	457	54
-904	470	62
-909	459	63
-909	457	70
-912	460	64
-908	463	73
-909	465	70
-909	452	62
-909	456	63
-909	455	67
-908	459	63
-909	451	60
-909	451	64
-912	452	64
-909	455	63
-906	460	64
-912	455	62
-906	460	64
-906	464	71
-912	456	66
-909	465	71
-906	463	71
-904	463	63
-920	468	67
-911	463	65
-905	460	70
-904	456	65
-908	464	71
-905	464	67
-912	460	67
-904	464	64
-905	467	71
-908	467	70
-908	463	67
-906	468	67
-909	463	67
-904	471	73
-906	471	68
-906	467	71
-906	464	70
-905	460	64
-905	465	67
-904	460	65
-909	463	67
-909	465	68
-912	465	65
-905	467	71
-904	464	71
-908	465	67
-905	459	64
-912	462	60
-909	468	68
-903	463	71
-909	463	63
-909	460	65
-908	459	70
-909	463	71
-908	460	70
-909	463	60
-912	455	64
-909	452	67
-909	457	63
-909	460	62
-908	454	64
-909	463	67
-913	455	62
-909	452	71
-912	447	68
-912	452	58
-909	451	62
-909	462	67
-905	460	72
-912	455	70
-912	448	63
-912	451	65
-914	449	64
-916	449	64
-912	451	75
-912	448	67
-912	452	71
-917	451	62
-912	460	76
-912	457	71
-909	452	65
-906	455	68
-914	460	78
-912	464	72
-909	457	71
-909	464	70
-904	460	70
-906	457	71
-909	460	72
-909	463	71
-908	460	67
-904	456	71
-908	463	67
-906	465	75
-909	464	75
-909	463	65
-906	467	67
-908	459	70
-901	455	67
-906	460	68
-906	463	73
-906	463	67
-904	462	67
-909	459	71
-904	463	71
-905	463	63
-905	460	71
-912	460	64
-906	464	76
-904	465	76
-906	460	63
-904	457	67
-906	467	72
-912	464	72
-911	463	70
-904	465	63
-904	463	71
-911	472	75
-905	463	71
-905	467	71
-911	463	71
-909	463	72
-909	460	66
-909	463	67
-909	462	68
-904	463	67
-914	467	67
-909	463	70
-906	460	71
-908	457	63
-912	462	70
-906	455	65
-912	457	65
-909	455	63
-909	456	67
-913	454	63
-912	452	68
-912	447	59
-912	457	70
-906	463	73
-908	456	65
-912	452	72
-916	451	70
-914	455	67
-912	455	73
-909	457	79
-912	456	75
-906	455	70
-909	462	72
-909	457	76
-909	454	71
-906	462	72
-912	460	72
-911	457	84
-909	455	70
-920	467	71
-907	471	72
-911	459	75
-912	460	70
-906	460	65
-909	467	75
-908	467	79
-911	460	76
-912	457	71
-909	455	71
-911	455	67
-906	470	67
-912	463	71
-912	454	79
-908	456	72
-909	459	71
-911	465	73
-912	463	78
-911	459	71
-904	462	70
-908	460	76
-905	460	78
-909	463	76
-909	456	67
-909	457	70
-904	462	72
-909	463	67
-912	454	64
-908	463	71
-904	468	65
-909	468	72
-909	457	72
-905	456	67
-904	463	72
-909	464	72
-906	463	75
-912	463	71
-909	465	71
-908	462	68
-904	459	67
-900	467	73
-913	468	70
-912	460	71
-906	463	73
-908	464	63
-904	462	60
-906	462	71
-912	458	72
-909	460	70
-912	451	67
-911	452	67
-912	455	70
-917	455	70
-912	457	70
-909	457	71
-909	455	72
-906	451	59
-911	459	73
-912	458	75
-914	455	65
-912	454	71
-906	454	76
-908	455	71
-906	456	71
-912	455	71
-909	457	79
-905	455	76
-905	460	73
-904	462	73
-908	463	73
-904	472	73
-909	467	76
-909	457	70
-904	464	73
-900	476	72
-900	472	71
-906	467	79
-905	460	73
-908	465	63
-904	467	67
-901	468	71
-904	467	76
-901	463	73
-904	471	72
-904	468	72
-904	467	71
-904	467	71
-911	463	67
-904	467	78
-903	470	70
-905	464	73
-905	462	78
-909	460	68
-904	464	70
-903	470	80
-912	456	76
-906	460	73
-904	467	70
-912	468	79
-909	462	79
-911	457	71
-905	472	71
-909	465	71
-905	467	79
-906	472	72
-903	475	71
-909	460	73
-909	457	71
-904	472	67
-900	472	76
-904	464	72
-905	463	68
-904	465	63
-905	463	67
-908	471	71
-909	465	71
-901	462	71
-905	472	71
-908	468	73
-904	471	75
-906	468	67
-909	454	67
-909	463	67
-905	464	74
-908	456	70
-906	455	65
-905	460	67
-912	455	68
-911	451	70
-905	459	71
-911	460	67
-909	457	71
-906	451	70
-905	457	67
-909	460	71
-909	451	64
-909	456	71
-913	456	71
-909	454	75
-911	455	71
-912	459	73
-905	460	72
-906	460	75
-908	457	73
-912	463	67
-909	467	75
-906	459	71
-908	463	67
-906	460	67
-904	470	78
-903	468	75
-905	460	67
-904	464	79
-905	465	76
-905	467	70
-911	464	76
-912	463	76
-909	460	72
-904	463	76
-909	463	76
-906	464	76
-905	463	78
-900	472	75
-900	475	64
-904	480	83
-904	479	89
-906	463	76
-904	459	65
-904	467	67
-901	470	72
-905	465	79
-902	463	70
-904	460	71
-909	462	75
-908	463	78
-906	465	72
-908	476	73
-901	475	73
-900	473	67
-909	472	71
-906	471	79
-904	467	71
-904	463	70
-909	465	76
-907	465	72
-908	467	76
-906	467	68
-909	460	72
-909	463	68
-909	462	70
-908	467	76
-909	463	72
-906	463	71
-909	460	76
-911	461	74
-901	463	83
-906	460	71
-909	462	67
-912	456	66
-916	456	73
-911	460	71
-911	452	72
-911	457	78
-912	456	79
-905	451	76
-909	459	72
-909	456	71
-906	455	73
-911	467	79
-905	471	80
-905	467	87
-912	448	76
-913	441	62
-912	454	70
-904	463	76
-909	462	76
-909	455	71
-909	454	71
-909	462	78
-909	463	76
-912	454	73
-904	471	72
-901	480	87
-898	467	83
-908	460	79
-904	472	83
-909	472	81
-906	463	79
-909	456	78
-906	455	75
-904	460	73
-904	463	76
-906	467	76
-906	457	79
-905	462	78
-906	462	76
-906	468	79
-906	472	81
-904	470	79
-906	472	76
-904	471	87
-905	472	80
-909	463	78
-909	460	75
-904	465	70
-900	467	72
-898	467	73
-905	476	83
-906	465	80
-906	457	68
-910	457	71
-908	467	73
-909	463	71
-909	462	71
-904	457	65
-905	467	76
-906	472	70
-909	463	71
-909	460	79
-913	463	79
-909	464	76
-906	459	71
-909	463	76
-912	467	73
-904	463	76
-905	463	76
-904	458	76
-903	463	67
-908	464	75
-912	467	79
-904	460	96
-898	467	102
-901	487	99
-893	489	96
-892	483	94
-890	494	92
-893	479	97
-908	481	107
-906	462	108
-881	471	96
-861	511	91
-845	563	121
-847	623	151
-849	588	126
-833	604	86
-817	665	67
-799	678	40
-776	668	65
-772	679	88
-777	700	79
-772	688	99
-754	679	103
-753	678	92
-760	664	111
-769	639	99
-800	647	75
-815	624	63
-840	607	41
-865	608	62
-852	611	73
-823	620	64
-808	631	49
-788	647	30
-778	651	4
-772	662	-2
-754	660	-15
-756	655	8
-791	664	32
-784	664	78
-794	739	92
-765	711	172
-736	679	188
-719	665	227
-709	668	227
-717	655	187
-719	659	192
-719	633	172
-721	601	188
-733	588	159
-774	572	167
-848	636	231
-857	675	263
-825	604	262
-848	595	254
-865	574	300
-863	596	323
-849	591	303
-839	583	272
-816	563	259
-820	576	259
-816	560	267
-808	558	252
-801	574	246
-797	568	243
-786	583	236
-781	601	236
-772	540	249
-777	489	304
-807	523	335
-832	643	367
-865	615	375
-856	520	382
-834	503	368
-831	521	364
-831	516	358
-823	508	358
-813	508	355
-813	513	353
-821	504	340
-831	507	347
-832	503	340
-831	505	342
-836	504	327
-836	503	327
-836	504	332
-836	505	332
-836	508	326
-836	504	323
-832	508	315
-836	510	316
-832	510	316
-836	518	307
-834	518	310
-834	523	296
-834	516	304
-840	524	299
-829	527	299
-833	519	299
-831	544	294
-829	528	295
-826	532	288
-831	544	288
-829	544	294
-831	543	287
-828	540	281
-834	544	279
-833	545	280
-833	536	278
-832	542	280
-829	547	283
-826	543	288
-832	547	289
-821	543	291
-823	547	297
-824	540	312
-818	551	311
-820	547	313
-805	556	326
-807	552	326
-813	548	332
-791	559	348
-804	559	347
-807	564	348
-793	559	360
-797	545	374
-801	548	364
-800	527	374
-791	527	393
-800	529	396
-797	524	388
-792	535	399
-793	534	403
-796	526	401
-802	513	392
-802	518	392
-816	499	399
-816	457	395
-804	504	406
-817	479	403
-823	473	411
-831	470	403
-828	484	407
-829	468	412
-850	435	400
-842	417	423
-852	377	427
-877	372	404
-877	374	407
-871	352	432
-865	344	428
-872	297	438
-872	294	446
-881	267	454
-881	280	454
-881	278	456
-879	279	460
-871	259	483
-861	259	491
-865	243	496
-868	240	491
-865	240	497
-865	238	508
-864	233	508
-852	228	526
-849	232	520
-852	239	520
-861	243	513
-860	243	504
-861	244	507
-871	228	491
-873	236	496
-877	240	494
-872	239	488
-868	236	491
-866	233	487
-871	241	483
-873	246	479
-880	241	486
-873	240	488
-874	236	484
-874	240	486
-872	233	488
-868	241	487
-869	236	486
-872	247	492
-880	243	496
-872	236	492
-871	235	494
-872	231	496
-868	234	495
-866	233	496
-871	231	496
-868	233	499
-868	228	497
-869	232	497
-865	236	500
-868	239	503
-868	239	496
-864	236	496
-871	241	502
-868	241	500
-868	243	495
-864	240	503
-868	243	497
-868	243	499
-868	241	496
-872	244	499
-865	246	496
-861	244	499
-869	246	496
-872	247	494
-865	240	494
-868	241	487
-869	243	496
-871	238	496
-865	239	497
-868	239	496
-872	236	494
-871	240	497
-868	233	496
-871	236	502
-865	236	496
-866	236	499
-868	239	499
-868	240	496
-868	239	495
-868	236	494
-868	240	496
-868	236	494
-868	233	496
-869	239	497
-868	236	499
-868	236	499
-868	239	494
-868	240	499
-868	239	496
-871	235	496
-869	232	496
-869	238	491
-872	231	492
-872	228	487
-869	227	486
-868	216	492
-877	227	487
-874	230	487
-881	227	483
-877	224	484
-877	224	483
-880	224	483
-881	225	486
-882	227	479
-880	228	476
-881	227	476
-880	230	483
-879	231	480
-879	230	483
-881	231	480
-876	232	481
-879	231	484
-879	230	481
-877	231	483
-873	228	486
-879	232	480
-877	233	488
-874	236	483
-877	235	483
-874	232	480
-876	230	489
-872	231	484
-877	230	491
-877	231	484
-877	227	480
-881	228	487
-876	231	492
-874	227	483
-874	227	486
-877	230	480
-879	231	486
-877	231	483
-873	231	487
-880	233	480
-880	232	478
-877	236	486
-877	236	483
-872	240	487
-873	240	484
-874	240	486
-877	238	483
-876	233	479
-877	239	480
-877	240	488
-874	240	480
-879	238	480
-877	236	480
-881	236	484
-877	232	483
-871	231	481
-873	232	483
-879	232	483
-877	231	483
-874	232	480
-877	231	486
-874	231	484
-877	231	483
-879	232	480
-880	236	484
-876	224	487
-874	236	486
-873	231	487
-880	232	487
-877	238	486
-876	227	483
-876	231	486
-874	233	487
-876	230	492
-874	232	487
-874	230	483
-872	230	481
-872	231	483
-868	231	487
-876	231	486
-877	232	488
-873	227	488
-874	230	487
-876	231	487
-876	231	488
-877	227	483
-874	231	487
-874	231	484
-874	231	483
-872	231	484
-873	231	483
-873	230	487
-873	227	483
-873	231	486
-876	227	488
-877	225	488
-872	230	487
-874	227	492
-877	227	487
-877	227	487
-874	231	487
-877	227	487
-874	227	492
-872	225	487
-872	230	494
-873	228	489
-876	231	492
-872	228	494
-877	224	492
-872	224	491
-868	231	497
-872	228	495
-871	231	499
-872	231	497
-872	225	494
-869	224	497
-871	231	494
-869	224	494
-873	227	494
-868	227	488
-872	225	491
-871	228	494
-872	230	489
-872	231	487
-876	233	488
-872	231	489
-872	224	486
-877	225	494
-874	225	489
-873	227	487
-873	227	491
-877	231	492
-872	225	491
-869	224	491
-874	230	496
-872	225	496
-872	231	488
-868	228	497
-868	230	492
-869	231	499
-872	227	492
-871	230	494
-872	231	495
-872	233	496
-873	230	496
-874	231	495
-869	227	492
-869	228	491
-869	230	496
-868	228	497
-871	230	494
-871	231	489
-871	228	499
-872	225	492
-873	227	488
-877	231	494
-872	225	495
-873	231	497
-871	227	499
-868	225	497
-869	228	494
-871	228	491
-872	225	492
-871	230	487
-867	231	495
-872	230	494
-868	235	496
-869	231	494
-871	231	492
-872	231	491
-874	231	492
-873	233	494
-874	235	492
-874	231	492
-872	231	492
-871	230	488
-871	231	488
-872	232	492
-874	233	495
-876	231	488
-871	233	492
-872	232	492
-874	230	487
-874	236	489
-873	227	487
-873	231	495
-872	231	492
-874	231	494
-874	231	495
-873	227	491
-874	227	491
-872	227	492
-874	231	492
-876	227	494
-873	227	494
-873	225	488
-872	228	492
-872	227	494
-868	227	494
-873	231	492
-868	225	496
-873	231	496
-868	227	494
-874	230	492
-873	228	495
-872	231	488
-874	230	494
-873	227	494
-871	230	489
-873	228	489
-872	230	492
-871	224	489
-874	228	492
-872	230	492
-876	233	496
-877	233	489
-879	230	496
-877	230	492
-877	235	491
-872	230	492
-873	231	494
-876	231	492
-872	233	495
-872	231	488
-872	231	492
-871	231	496
-872	228	492
-871	232	496
-872	236	489
-869	231	495
-868	231	489
-872	231	489
-877	232	492
-874	230	496
-877	227	491
-877	232	492
-874	231	488
-874	233	494
-872	232	486
-874	231	492
-872	231	495
-872	235	499
-871	232	494
-874	231	490
-876	228	487
-872	232	489
-872	230	486
-874	231	492
-873	233	487
-880	233	494
-874	231	491
-877	231	494
-872	231	492
-877	231	487
-872	230	486
-874	230	491
-877	233	489
-872	231	487
-871	227	488
-869	225	494
-873	231	492
-877	231	487
-873	231	488
-874	230	492
-872	230	489
-872	231	494
-876	228	495
-872	227	487
-872	231	488
-872	232	481
-873	231	487
-872	231	487
-877	231	488
-873	231	494
-872	232	496
-872	231	488
-877	232	492
-872	233	487
-873	231	494
-873	231	488
-877	231	492
-874	233	486
-874	233	488
-872	236	491
-876	233	487
-872	236	487
-872	236	489
-872	236	497
-872	232	489
-872	235	488
-872	240	487
-871	236	492
-872	239	491
-873	233	489
-876	233	489
-877	231	492
-872	232	487
-874	231	484
-877	227	491
-873	235	491
-873	233	489
-872	230	487
-871	231	492
-871	231	487
-874	233	496
-877	232	496
-877	231	496
-871	230	494
-872	231	494
-872	231	486
-873	230	488
-876	231	488
-876	235	492
-872	235	494
-874	231	487
-872	228	487
-874	232	492
-876	233	488
-872	231	490
-873	236	486
-874	236	487
-872	231	492
-877	236	488
-874	235	491
-872	230	492
-877	235	492
-872	236	486
-873	233	492
-876	235	492
-872	235	487
-877	231	484
-873	231	491
-876	235	494
-873	233	489
-874	232	489
-873	233	488
-868	232	487
-872	230	487
-873	231	487
-877	232	487
-873	235	487
-872	231	491
-877	238	487
-876	231	483
-874	231	492
-871	231	490
-874	236	492
-877	233	489
-876	236	488
-874	238	489
-873	235	487
-873	233	487
-872	231	483
-877	236	487
-872	236	486
-879	233	491
-876	233	491
-872	232	487
-872	235	495
-877	233	488
-876	236	488
-872	232	492
-877	240	483
-872	233	480
-876	236	484
-872	233	487
-877	239	483
-872	231	483
-877	243	486
-872	236	486
-872	238	486
-872	236	484
-873	236	484
-872	236	487
-873	236	487
-872	233	486
-873	239	486
-880	240	486
-874	232	486
-877	235	487
-873	236	483
-879	239	487
-873	238	478
-873	238	484
-874	236	484
-873	238	476
-874	236	483
-877	236	483
-874	236	486
-872	236	480
-877	236	480
-874	241	486
-873	236	487
-880	233	486
-877	239	480
-877	239	481
-877	233	480
-873	233	479
-873	236	483
-874	239	480
-874	236	480
-877	239	481
-877	238	476
-877	235	480
-880	238	478
-874	236	478
-876	233	479
-880	233	480
-881	235	480
-877	233	479
-877	231	478
-880	231	480
-882	232	475
-881	236	479
-881	231	472
-879	236	476
-881	233	481
-881	231	480
-882	230	476
-879	228	473
-882	231	476
-880	230	476
-880	227	478
-880	230	476
-880	231	475
-877	229	478
-880	225	479
-877	227	480
-877	230	479
-881	233	479
-879	228	481
-877	230	479
-882	230	476
-882	227	484
-881	228	479
-880	225	480
-879	228	476
-881	231	478
-877	225	480
-877	231	476
-881	230	476
-877	228	475
-879	227	476
-881	228	480
-877	233	476
-879	233	468
-881	233	470
-881	232	478
-881	231	472
-877	230	476
-880	230	478
-881	233	478
-881	232	476
-879	231	480
-882	233	480
-874	233	480
-880	227	478
-877	227	481
-872	225	481
-877	227	480
-877	227	480
-881	224	472
-879	228	478
-881	231	479
-880	224	483
-879	227	476
-881	224	480
-877	227	473
-881	231	472
-884	228	480
-877	231	478
-881	227	479
-881	230	480
-880	230	476
-877	232	472
-877	230	476
-882	228	480
-877	227	476
-881	231	476
-881	233	483
-877	230	480
-877	229	473
-882	235	478
-877	230	480
-879	228	480
-879	231	476
-881	236	476
-881	227	476
-881	230	479
-881	231	473
-884	236	472
-881	230	473
-879	227	478
-880	228	472
-880	230	476
-881	236	471
-876	231	473
-880	228	478
-881	227	473
-880	224	480
-881	231	472
-879	231	472
-881	227	479
-882	227	480
-880	227	476
-880	220	478
-880	222	479
-881	224	479
-877	220	478
-876	220	481
-881	220	481
-877	216	483
-881	220	483
-877	216	487
-877	217	487
-877	216	487
-874	216	492
-877	216	487
-877	219	489
-877	216	492
-874	216	491
-877	219	491
-877	219	492
-874	220	487
-877	216	487
-877	220	488
-877	224	489
-871	224	483
-874	227	487
-879	223	486
-877	223	487
-880	228	488
-879	223	487
-873	228	488
-873	224	488
-874	224	484
-874	231	489
-877	225	487
-877	224	483
-868	224	483
-871	232	487
-874	224	487
-879	231	487
-877	228	481
-877	231	484
-872	222	486
-868	227	483
-873	232	486
-874	233	488
-876	231	482
-873	227	483
-877	227	480
-874	230	486
-874	231	483
-871	231	488
-874	233	486
-877	236	483
-877	230	486
-872	232	488
-874	236	480
-877	236	488
-874	236	483
-873	233	480
-873	236	480
-877	236	487
-873	238	483
-874	235	478
-876	235	487
-874	232	481
-877	240	483
-876	231	487
-881	238	483
-874	236	476
-869	238	479
-877	240	483
-880	236	478
-879	236	480
-877	239	479
-877	240	483
-876	238	484
-879	239	481
-873	235	479
-879	233	480
-877	235	476
-877	238	478
-880	235	480
-877	235	480
-877	236	480
-873	230	480
-877	238	486
-877	231	479
-880	231	480
-877	231	480
-874	231	482
-869	228	484
-880	235	486
-876	233	483
-871	231	483
-880	233	480
-877	232	483
-877	230	483
-876	233	480
-880	232	483
-877	231	484
-877	231	481
-877	232	480
-881	236	480
-874	236	480
-876	235	483
-872	233	480
-873	230	478
-877	236	476
-877	228	483
-872	232	481
-877	235	480
-881	233	486
-877	232	483
-874	235	478
-880	231	480
-874	233	483
-876	233	484
-876	232	484
-873	236	486
-877	233	486
-877	231	483
-877	227	488
-877	230	481
-873	227	483
-879	232	487
-874	228	486
-873	227	486
-872	227	487
-877	231	487
-876	228	487
-872	232	490
-877	231	490
-873	227	487
-874	224	486
-877	228	486
-872	236	487
-872	230	489
-872	227	487
-876	233	487
-872	233	483
-873	230	487
-877	235	484
-876	232	487
-877	231	487
-874	230	486
-877	236	486
-879	235	483
-876	231	484
-874	231	476
-879	236	483
-874	232	483
-877	228	479
-879	235	480
-874	231	475
-879	236	483
-879	236	476
-879	236	476
-876	235	481
-877	236	479
-877	236	480
-873	236	479
-872	236	481
-877	232	484
-876	236	480
-877	232	486
-872	231	483
-874	231	480
-874	232	483
-874	230	487
-872	233	483
-872	231	480
-877	231	480
-877	231	483
-874	231	486
-873	230	487
-876	232	483
-872	231	479
-877	236	483
-879	231	481
-878	231	481
-880	236	483
-876	236	484
-874	233	480
-877	236	483
-877	231	483
-881	232	483
-874	236	487
-877	232	483
-877	238	483
-877	233	478
-877	231	480
-880	241	483
-877	236	483
-877	232	476
-879	231	478
-880	239	479
-877	238	476
-879	239	479
-879	241	476
-881	240	483
-876	231	478
-880	238	476
-877	240	480
-880	240	476
-878	240	476
-877	238	479
-879	239	480
-877	235	480
-879	238	480
-874	235	480
-881	240	478
-881	236	478
-873	236	475
-873	240	478
-873	238	480
-877	240	478
-877	240	480
-876	235	476
-877	238	476
-874	236	476
-877	240	476
-880	240	480
-878	240	481
-872	240	483
-880	240	479
-874	238	480
-877	241	483
-879	236	478
-877	241	478
-877	236	480
-877	240	479
-880	241	480
-877	243	479
-872	238	478
-877	241	480
-876	240	479
-877	241	480
-874	241	480
-877	241	481
-877	244	484
-872	241	479
-877	239	476
-877	238	479
-877	240	480
-873	239	480
-873	240	478
-872	243	478
-877	241	480
-877	240	476
-877	243	476
-879	240	484
-876	240	471
-874	241	478
-877	240	473
-880	240	479
-874	244	481
-873	243	483
-877	246	487
-877	240	473
-877	240	472
-876	240	478
-879	241	476
-876	240	479
-876	243	487
-876	240	480
-877	243	478
-872	244	480
-872	238	476
-880	246	481
-880	240	476
-881	240	479
-880	240	479
-877	239	483
-877	238	483
-877	243	480
-877	236	479
-874	239	480
-876	240	481
-881	238	479
-876	240	476
-877	239	480
-876	236	486
-877	232	479
-874	236	479
-873	239	483
-877	233	483
-877	231	480
-877	235	480
-872	235	480
-877	236	483
-879	236	481
-876	236	483
-876	231	480
-879	231	480
-877	235	480
-874	231	480
-879	233	479
-873	232	483
-877	232	487
-876	227	480
-880	231	478
-879	231	480
-876	230	483
-872	230	481
-880	236	488
-872	233	486
-872	236	486
-881	232	484
-876	231	486
-874	236	483
-873	232	481
-877	233	483
-873	231	480
-873	236	483
-879	239	483
-877	236	487
-880	236	487
-877	233	487
-873	231	480
-877	232	483
-877	232	487
-872	228	487
-877	232	483
-877	233	483
-874	231	483
-874	227	483
-877	230	481
-879	231	488
-877	230	488
-872	231	488
-874	228	486
-874	230	484
-872	231	483
-877	231	483
-876	231	487
-877	232	481
-877	231	487
-872	228	479
-877	236	488
-877	231	486
-877	231	484
-877	231	487
-877	233	483
-873	232	480
-877	231	481
-877	236	480
-872	231	482
-877	233	480
-874	235	483
-879	230	484
-879	227	489
-877	233	487
-878	232	484
-876	225	480
-876	224	488
-876	220	492
-876	227	488
-877	225	487
-874	224	491
-877	224	491
-876	223	486
-876	223	492
-871	222	492
-874	223	492
-877	223	494
-868	223	494
-869	220	492
-869	220	492
-873	222	494
-880	224	499
-873	223	494
-876	222	495
-877	222	492
-874	215	496
-873	219	492
-872	216	496
-877	216	495
-874	219	492
-873	216	496
-873	216	496
-871	219	503
-872	219	500
-872	220	495
-872	222	496
-871	220	495
-871	220	492
-872	217	496
-871	219	499
-872	220	496
-877	222	496
-874	222	499
-872	220	496
-872	224	494
-872	224	499
-871	224	491
-877	224	494
-876	225	492
-874	225	492
-877	228	496
-871	228	491
-872	224	492
-876	227	492
-877	232	487
-876	227	494
-874	227	487
-872	224	492
-872	227	489
-874	227	486
-876	227	494
-872	225	496
-873	227	488
-872	225	492
-871	228	489
-873	230	494
-872	230	489
-872	224	496
-872	228	488
-872	224	491
-872	225	492
-873	224	489
-876	230	492
-869	227	494
-871	231	495
-873	227	487
-877	230	496
-879	227	494
-873	227	495
-869	227	492
-874	231	491
-872	228	488
-872	231	492
-874	225	488
-872	231	492
-872	227	491
-869	228	494
-872	224	489
-876	227	496
-873	231	492
-874	231	491
-874	230	487
-884	231	489
-876	227	487
-877	231	495
-868	227	491
-877	231	487
-872	227	487
-873	231	488
-880	235	487
-872	233	489
-872	232	492
-872	231	489
-873	233	488
-872	231	492
-871	239	492
-874	231	494
-872	231	489
-874	232	492
-866	231	488
-871	232	487
-869	227	480
-872	231	489
-871	235	491
-874	232	488
-880	231	488
-873	235	496
-869	232	488
-874	239	489
-873	225	487
-877	230	492
-874	227	488
-873	230	491
-872	231	487
-879	227	488
-872	230	496
-872	227	487
-873	231	484
-873	227	488
-872	228	488
-872	231	487
-876	228	488
-874	225	487
-874	225	490
-872	231	492
-869	230	487
-872	228	491
-876	231	487
-873	224	486
-874	225	492
-872	224	491
-877	227	491
-872	227	491
-873	227	487
-872	227	488
-877	230	488
-876	227	488
-868	225	483
-877	227	483
-871	227	486
-872	224	487
-876	230	488
-877	231	480
-877	231	487
-873	231	487
-877	227	483
-880	228	482
-872	228	486
-872	231	487
-873	224	486
-872	225	483
-880	227	491
-877	224	488
-872	231	489
-877	230	494
-874	228	487
-874	231	487
-877	233	489
-872	224	486
-877	227	486
-871	230	496
-872	227	487
-873	230	489
-876	231	488
-874	228	483
-877	224	487
-877	228	491
-877	231	491
-874	227	487
-873	231	487
-873	228	490
-872	231	488
-876	225	483
-869	228	487
-872	235	496
-873	230	491
-873	232	486
-871	233	492
-873	232	491
-876	228	492
-873	231	491
-874	232	486
-874	231	487
-871	230	483
-877	228	487
-871	231	491
-874	231	491
-874	230	494
-872	236	492
-873	232	487
-873	235	484
-871	232	488
-868	236	494
-876	239	492
-876	236	487
-874	236	491
-872	232	488
-872	241	487
-871	236	492
-873	240	491
-868	240	488
-874	240	487
-873	240	492
-872	243	486
-869	246	483
-872	248	487
-872	241	487
-871	243	491
-868	241	491
-871	248	489
-865	246	490
-871	249	487
-872	248	487
-868	244	483
-868	247	483
-871	251	483
-872	254	487
-873	248	480
-870	243	487
-869	246	489
-872	248	483
-869	239	487
-868	247	479
-872	249	486
-872	251	495
-871	241	486
-868	244	491
-871	243	488
-872	248	487
-872	244	484
-872	252	487
-872	244	488
-872	247	487
-872	243	484
-872	240	478
-871	243	487
-868	240	484
-873	240	484
-872	247	491
-874	243	483
-872	240	483
-876	246	483
-877	243	483
-872	246	487
-873	241	486
-872	248	492
-872	244	487
-876	246	487
-873	248	489
-869	244	480
-868	248	486
-868	244	484
-868	241	483
-873	243	486
-871	240	486
-873	240	487
-872	247	483
-865	241	480
-871	243	479
-872	240	487
-871	243	487
-874	244	492
-873	243	491
-872	239	483
-872	240	484
-869	247	488
-872	246	486
-874	243	483
-874	243	486
-872	240	483
-869	238	483
-877	244	488
-867	239	486
-872	240	489
-872	239	483
-872	235	492
-872	238	487
-872	239	488
-872	239	487
-872	238	488
-872	233	483
-871	236	487
-874	232	487
-874	236	488
-873	236	490
-872	236	492
-877	231	488
-869	231	489
-871	236	492
-872	232	489
-872	232	486
-872	228	487
-877	231	488
-873	228	490
-874	231	486
-872	232	494
-874	232	492
-872	232	487
-873	233	489
-872	233	489
-871	230	494
-872	236	492
-873	238	496
-876	239	483
-872	236	487
-873	240	486
-872	239	487
-869	236	492
-873	240	492
-877	241	491
-872	239	488
-872	236	489
-876	238	486
-872	236	483
-872	236	487
-873	235	487
-872	236	489
-873	238	489
-871	236	487
-871	240	491
-872	236	481
-865	236	486
-874	236	487
-876	239	492
-872	240	489
-873	238	486
-877	239	486
-872	240	487
-872	236	486
-869	241	487
-871	241	491
-873	236	488
-872	236	488
-873	236	489
-877	238	489
-871	238	487
-874	243	488
-871	238	494
-871	236	486
-872	240	489
-869	231	491
-872	232	483
-872	236	483
-877	240	494
-872	238	491
-876	238	486
-871	238	489
-868	238	491
-872	240	489
-873	240	492
-872	236	487
-871	236	488
-873	239	492
-873	239	488
-871	236	488
-871	238	488
-873	238	489
-872	239	491
-877	240	492
-871	236	487
-872	236	487
-872	236	487
-872	240	491
-873	236	487
-877	238	487
-869	240	487
-871	236	483
-872	238	491
-872	240	492
-868	240	491
-871	240	486
-874	239	489
-873	240	491
-872	240	486
-871	240	487
-872	240	492
-873	240	484
-872	243	487
-872	240	486
-874	244	487
-873	241	487
-871	243	486
-871	243	487
-874	241	481
-872	244	480
-872	244	487
-872	243	483
-869	247	480
-873	248	481
-873	247	487
-873	244	483
-868	247	481
-871	247	480
-872	244	479
-872	246	483
-869	246	480
-872	247	479
-873	243	480
-874	248	479
-876	247	481
-881	248	480
-877	241	472
-874	243	479
-877	244	480
-874	243	479
-872	243	476
-872	238	483
-872	246	476
-873	246	486
-872	241	480
-872	239	483
-879	241	486
-877	239	481
-870	240	481
-877	243	481
-874	241	484
-876	240	480
-872	243	480
-872	243	483
-873	243	486
-877	241	483
-877	241	487
-880	248	491
-872	243	487
-872	241	480
-876	247	486
-872	243	479
-877	243	487
-877	239	473
-877	240	480
-872	239	480
-877	244	484
-874	241	483
-876	240	486
-874	238	483
-873	239	487
-877	243	487
-877	239	488
-874	243	489
-874	240	483
-877	240	486
-877	238	476
-874	240	480
-877	238	486
-874	238	481
-876	240	481
-872	240	478
-877	240	487
-872	238	478
-876	238	483
-872	243	483
-876	236	487
-877	236	480
-872	241	488
-872	239	483
-873	235	483
-873	236	487
-877	239	480
-874	240	481
-873	239	480
-877	240	484
-872	240	483
-872	241	479
-872	241	484
-876	240	483
-873	241	480
-872	240	480
-880	243	483
-876	243	480
-876	246	483
-877	243	481
-876	243	483
-877	244	481
-874	246	483
-873	241	476
-873	240	476
-869	240	478
-876	240	478
-874	240	476
-873	247	480
-874	246	480
-877	244	476
-877	239	480
-880	238	480
-873	240	480
-876	240	480
-873	239	479
-877	239	479
-877	240	484
-873	240	480
-881	236	476
-882	240	480
-874	236	486
-874	232	487
-877	235	483
-877	236	480
-877	240	483
-874	240	481
-877	240	481
-879	239	483
-877	240	483
-872	238	483
-879	240	481
-877	240	472
-877	239	480
-874	240	478
-877	236	475
-881	241	487
-877	241	480
-879	243	475
-881	243	475
-877	243	482
-874	240	480
-879	243	476
-879	243	479
-880	240	472
-880	235	472
-879	232	472
-881	228	478
-880	230	470
-881	228	479
-881	228	475
-881	227	479
-877	223	472
-880	224	476
-879	222	480
-879	223	480
-879	224	483
-879	225	483
-874	224	489
-873	223	486
-877	225	487
-872	223	483
-868	224	486
-873	224	492
-874	227	491
-872	224	492
-876	231	491
-876	228	487
-874	227	491
-869	227	489
-877	229	482
-873	231	488
-874	227	487
-872	231	489
-876	230	486
-877	232	487
-877	231	492
-876	235	492
-873	233	483
-877	231	494
-879	235	487
-874	232	487
-877	231	487
-874	225	486
-872	231	483
-879	228	483
-874	227	481
-879	227	487
-874	227	489
-877	228	491
-873	228	487
-877	228	484
-877	227	487
-872	227	488
-874	231	486
-879	231	483
-876	228	483
-871	231	481
-879	228	488
-873	227	492
-877	231	488
-877	231	487
-877	228	486
-877	228	488
-872	227	488
-872	224	488
-877	227	488
-879	227	486
-877	227	492
-874	228	489
-873	228	488
-877	225	488
-876	228	486
-879	225	486
-879	224	488
-874	227	487
-877	225	487
-876	227	489
-877	225	488
-868	225	481
-873	225	494
-876	227	480
-874	225	492
-876	227	487
-876	227	486
-877	227	488
-872	225	487
-879	231	487
-874	224	494
-868	227	491
-876	228	488
-872	227	487
-873	224	486
-871	228	483
-877	228	492
-885	231	489
-876	231	488
-877	231	492
-872	225	486
-872	230	480
-871	231	486
-872	232	487
-873	233	487
-877	231	486
-872	231	487
-872	233	487
-876	231	489
-877	231	481
-881	233	488
-876	228	486
-877	231	486
-873	231	489
-877	231	487
-877	231	484
-874	231	484
-874	236	483
-877	236	488
-873	232	488
-873	231	484
-873	232	487
-874	233	492
-873	232	487
-877	240	489
-872	230	495
-876	239	496
-879	236	495
-874	236	483
-876	236	483
-874	240	489
-872	239	488
-877	240	491
-871	236	488
-872	239	486
-872	239	486
-871	231	483
-873	233	488
-877	233	487
-877	236	487
-872	236	484
-872	236	484
-876	233	487
-871	233	487
-872	233	488
-872	236	486
-873	236	480
-872	236	490
-872	238	487
-872	233	492
-873	235	489
-872	231	487
-876	236	489
-872	236	487
-872	232	488
-872	236	486
-872	232	489
-873	233	487
-869	225	487
-872	230	484
-868	227	491
-871	227	487
-874	231	489
-874	231	488
-873	232	492
-872	231	495
-869	231	488
-874	230	492
-873	230	486
-872	231	487
-874	235	487
-876	231	483
-877	227	484
-872	231	483
-872	231	486
-881	232	486
-874	234	484
-876	236	486
-872	231	483
-873	236	487
-874	232	483
-873	231	488
-874	239	484
-873	238	487
-876	238	488
-872	231	483
-872	233	488
-872	232	487
-877	232	487
-873	235	487
-874	231	483
-874	236	480
-874	236	487
-874	236	480
-874	233	480
-873	232	484
-873	236	480
-877	235	488
-877	231	492
-877	230	486
-874	227	484
-872	228	487
-876	231	483
-872	231	483
-874	231	483
-879	231	487
-874	227	487
-881	238	484
-874	231	487
-876	231	486
-877	236	486
-872	233	486
-872	233	487
-874	235	487
-874	236	487
-877	236	487
-877	236	483
-873	233	492
-873	233	487
-872	231	484
-874	232	486
-876	232	486
-872	233	483
-877	235	481
-880	237	486
-876	232	483
-879	232	484
-872	232	486
-877	238	487
-874	233	487
-877	232	483
-873	232	486
-872	235	486
-872	236	486
-874	231	481
-874	232	482
-872	238	480
-872	238	487
-877	233	487
-873	233	486
-872	238	481
-874	233	486
-874	236	487
-872	236	483
-876	232	479
-884	241	488
-871	236	486
-874	236	487
-877	233	491
-872	233	481
-874	235	476
-872	236	488
-872	236	487
-873	236	486
-874	236	484
-877	232	487
-872	236	484
-873	233	483
-877	236	487
-874	238	487
-869	233	483
-877	235	488
-876	232	486
-873	230	483
-874	232	487
-874	232	484
-873	235	487
-872	232	483
-868	233	486
-872	230	487
-874	236	484
-873	233	491
-872	236	484
-877	233	486
-876	236	483
-872	233	486
-872	239	481
-876	238	483
-873	232	483
-876	233	484
-874	233	486
-873	236	483
-877	236	484
-872	232	481
-877	233	478
-877	235	480
-879	236	487
-877	241	486
-877	239	480
-874	235	480
-874	236	483
-873	238	478
-871	238	481
-873	240	481
-877	240	480
-874	240	480
-877	240	483
-872	239	487
-876	238	483
-873	240	490
-877	236	483
-877	235	486
-871	232	483
-876	232	488
-877	232	489
-872	231	483
-868	231	484
-872	228	488
-874	231	496
-871	228	491
-869	225	495
-872	230	494
-869	224	492
-868	228	494
-868	228	496
-871	225	492
-874	223	494
-877	224	496
-876	223	499
-872	220	499
-870	225	496
-871	223	496
-873	225	499
-874	217	494
-874	219	497
-874	217	496
-873	220	496
-873	214	492
-872	211	492
-876	216	495
-872	208	499
-874	209	497
-877	214	500
-874	211	499
-874	208	499
-872	208	502
-869	208	503
-873	208	496
-872	209	502
-873	209	504
-872	208	505
-872	204	499
-868	206	504
-868	201	500
-873	200	508
-871	204	507
-874	204	507
-871	200	503
-866	204	503
-874	204	504
-872	203	504
-872	199	507
-874	207	504
-873	208	505
-873	211	503
-874	211	502
-873	206	499
-872	207	494
-881	208	497
-873	208	496
-877	207	487
-876	208	489
-877	209	487
-881	207	488
-881	207	480
-881	204	480
-884	207	478
-884	207	472
-893	208	465
-890	203	463
-893	204	467
-897	203	459
-890	192	460
-901	195	454
-903	191	455
-900	184	451
-901	179	446
-904	182	448
-903	176	438
-903	179	440
-911	182	438
-914	179	440
-913	183	438
-911	185	435
-906	179	439
-905	183	430
-908	191	428
-908	198	432
-912	200	433
-904	200	430
-906	206	432
-904	204	432
-906	209	428
-904	208	430
-905	208	432
-906	211	435
-904	216	436
-906	216	447
-897	216	444
-900	223	448
-889	225	457
-889	224	459
-885	215	475
-872	220	481
-871	228	488
-860	252	487
-927	295	468
-967	310	432
-975	304	358
-969	248	336
-977	184	350
-970	225	368
-981	300	343
-983	287	315
-983	294	208
-932	335	140
-837	342	91
-776	492	152
-753	472	283
-793	480	224
-761	547	247
-729	596	278
-785	644	187
-799	696	179
-829	703	224
-826	673	263
-820	688	212
-832	648	88
-842	595	-7
-829	550	-10
-834	515	-10
-889	508	40
-906	511	48
-864	587	35
-849	583	35
-881	531	88
-861	383	64
-904	460	14
-897	588	-23
-805	646	-64
-802	652	-68
-829	592	-58
-868	544	-42
-856	563	-47
-831	591	-60
-833	625	-48
-845	569	-90
-817	534	-72
-828	535	-113
-772	606	-162
-648	684	-79
-615	796	20
-660	803	19
-693	831	92
-704	799	131
-674	852	136
-644	860	107
-628	831	64
-639	892	71
-669	879	105
-624	911	86
-565	920	102
-526	897	112
-530	815	135
-543	735	166
-544	703	163
-583	824	179
-609	895	199
-596	899	214
-592	871	224
-576	739	153
-656	803	158
-665	799	160
-617	780	137
-616	831	182
-592	843	158
-599	844	179
-605	855	199
-573	808	169
-569	790	183
-561	814	188
-565	840	164
-580	870	204
-601	854	216
-633	879	230
-630	902	223
-580	871	214
-570	841	208
-544	792	209
-511	732	207
-525	766	207
-575	832	193
-600	852	185
-607	835	184
-591	831	176
-573	830	179
-568	839	195
-584	860	223
-592	857	241
-580	841	230
-569	848	220
-565	856	225
-561	867	225
-552	903	235
-544	934	239
-543	771	169
-625	786	171
-655	783	176
-624	779	160
-589	803	163
-576	847	191
-559	860	199
-560	855	208
-569	849	207
-583	839	203
-577	835	204
-581	835	214
-573	824	214
-561	840	208
-561	840	216
-572	847	219
-561	841	220
-564	847	227
-576	856	226
-577	856	238
-576	839	236
-580	840	224
-577	836	224
-576	844	204
-561	843	204
-552	822	216
-556	812	246
-560	807	248
-580	819	263
-592	831	263
-602	815	238
-604	827	243
-585	811	236
-589	824	255
-580	828	264
-584	828	249
-588	824	246
-583	804	236
-584	816	238
-585	825	238
-584	822	240
-584	814	238
-586	823	243
-585	828	240
-577	831	243
-580	832	236
-576	824	243
-576	828	232
-578	833	240
-583	828	243
-573	830	230
-583	832	248
-576	832	240
-576	832	243
-576	824	248
-570	824	234
-576	824	238
-580	822	240
-584	830	247
-580	825	244
-573	819	243
-577	824	252
-580	817	246
-576	816	239
-584	839	255
-584	851	241
-593	808	236
-609	793	251
-605	801	252
-580	831	252
-565	839	248
-564	841	255
-561	851	255
-584	864	263
-591	785	224
-624	748	233
-623	772	255
-577	809	232
-567	851	246
-568	860	255
-567	846	248
-572	839	248
-584	844	252
-593	843	246
-608	855	251
-621	859	259
-631	864	263
-639	867	263
-628	844	227
-625	825	206
-636	799	199
-669	766	192
-685	723	163
-712	712	143
-729	687	126
-776	689	140
-784	624	147
-760	527	135
-682	422	126
-641	407	99
-648	364	32
-689	358	-23
-794	409	-66
-941	422	-145
-1069	355	-234
-1185	344	-288
-1204	376	-317
-1138	376	-328
-1045	342	-265
-1013	249	-264
-1010	192	-257
-970	199	-225
-986	216	-226
-989	227	-217
-1010	222	-221
-1032	192	-240
-1028	176	-253
-1029	153	-250
-1017	151	-234
-1000	155	-209
-1009	135	-220
-1016	121	-242
-993	137	-226
-914	166	-152
-872	160	-88
-945	102	-116
-997	67	-193
-975	103	-173
-973	119	-135
-1010	99	-106
-1041	79	-65
-1042	81	-13
-1040	92	60
-1001	64	112
-954	19	110
-921	15	104
-893	76	100
-882	115	70
-882	147	56
-912	159	43
-944	167	35
-954	182	56
-949	191	63
-953	201	76
-968	198	64
-996	176	35
-1039	152	-8
-1049	131	-36
-991	103	-50
-1024	70	-64
-1081	23	-84
-1072	48	-144
-1053	103	-178
-1048	112	-217
-1018	123	-260
-1000	144	-282
-948	136	-274
-981	142	-298
-980	124	-336
-936	120	-324
-912	135	-295
-930	188	-276
-989	219	-296
-1012	220	-324
-975	239	-311
-927	225	-274
-897	220	-260
-895	225	-279
-933	248	-288
-970	339	-281
-976	489	-234
-967	511	-189
-953	376	-159
-973	286	-113
-999	227	-137
-1049	199	-136
-1073	175	-154
-1025	160	-153
-960	137	-200
-957	79	-228
-1045	49	-328
-1064	-16	-392
-994	-73	-413
-892	-58	-380
-820	-159	-456
-778	-101	-528
-737	-133	-557
-754	-192	-592
-791	-209	-596
-817	-127	-605
-789	-32	-569
-778	92	-605
-792	113	-628
-834	321	-767
-906	419	-880
-882	643	-885
-813	766	-704
-724	780	-356
-709	560	-32
-744	319	179
-680	222	-136
-409	326	-706
-272	811	-951
-361	972	-559
-409	1052	-282
-368	1145	-225
-308	1127	-221
-320	1024	-183
-348	919	-138
-345	891	-113
-360	923	-97
-385	928	-80
-381	920	-18
-365	927	-36
-375	985	-52
-439	1059	-76
-532	1041	-68
-524	1008	-114
-487	964	-175
-471	897	-191
-464	871	-180
-449	867	-111
-415	879	-53
-413	958	-104
-522	1040	-100
-589	967	28
-535	799	60
-516	740	-18
-593	806	-89
-612	910	-151
-544	935	-164
-511	855	-84
-565	753	-32
-653	700	-73
-709	721	-148
-714	759	-160
-684	772	-148
-636	860	-167
-580	960	-144
-520	920	-113
-516	800	-37
-532	790	-57
-553	852	-72
-537	891	-50
-497	889	-12
-457	902	3
-418	944	-16
-408	979	35
-404	975	92
-397	963	103
-393	968	108
-385	979	95
-367	977	127
-360	967	176
-340	979	207
-320	999	230
-324	992	231
-330	979	215
-324	974	192
-313	968	199
-313	963	225
-308	960	232
-316	942	240
-328	918	252
-336	895	238
-351	889	244
-362	916	223
-397	1063	106
-461	1136	80
-442	1022	65
-356	902	-16
-345	878	-93
-433	924	-133
-501	961	-101
-503	920	-57
-506	835	-13
-565	808	-32
-645	838	-111
-645	803	-132
-601	758	-80
-580	760	-61
-589	849	-96
-576	979	-130
-551	972	-36
-509	839	-24
-480	784	-32
-520	865	-34
-553	955	-41
-503	947	-22
-465	913	-4
-493	899	-13
-516	888	3
-509	920	49
-505	915	49
-509	892	48
-501	903	67
-505	907	81
-500	903	81
-498	910	81
-498	913	86
-498	910	94
-500	911	88
-500	911	81
-497	913	87
-487	908	79
-477	903	86
-472	915	81
-471	913	87
-468	910	88
-463	919	86
-463	924	83
-464	931	79
-465	937	71
-453	926	60
-452	920	60
-456	927	56
-458	926	54
-465	926	60
-471	921	68
-472	923	70
-473	920	72
-471	911	76
-477	910	76
-477	915	76
-481	911	76
-476	912	83
-474	913	86
-477	916	83
-481	912	88
-481	905	88
-484	905	89
-481	908	96
-481	905	103
-484	908	105
-474	911	112
-464	911	120
-468	912	116
-468	915	120
-474	918	131
-473	920	131
-468	920	137
-466	918	143
-465	910	136
-471	918	140
-469	935	156
-465	944	164
-463	929	155
-452	929	164
-445	937	163
-425	945	163
-416	935	159
-409	940	163
-402	943	167
-385	940	176
-373	953	193
-357	956	222
-322	959	254
-290	931	263
-272	919	267
-285	924	267
-285	947	284
-288	956	281
-285	961	262
-301	967	243
-329	955	236
-333	984	227
-333	960	201
-329	911	184
-344	915	175
-378	947	158
-416	971	136
-436	979	135
-431	979	140
-423	960	126
-426	940	111
-450	944	99
-449	979	55
-468	988	48
-492	961	62
-520	927	96
-548	911	88
-554	849	19
-557	800	-20
-548	798	-4
-559	792	24
-583	792	3
-607	807	-32
-616	823	-61
-613	824	-69
-601	823	-79
-607	835	-82
-616	848	-80
-621	836	-81
-623	807	-77
-634	776	-69
-653	764	-52
-658	761	-23
-656	785	-8
-633	803	-13
-616	830	-8
-605	847	-2
-586	862	19
-546	871	62
-513	929	108
-488	987	127
-434	967	169
-413	927	228
-441	932	299
-441	960	305
-413	931	273
-413	897	252
-437	899	248
-449	911	240
-456	907	232
-445	903	220
-441	900	223
-436	908	227
-429	913	230
-418	918	224
-416	915	230
-413	920	231
-417	927	238
-401	927	231
-396	924	238
-392	927	243
-389	932	243
-385	932	247
-386	931	247
-385	931	254
-388	942	255
-381	927	252
-385	927	255
-385	926	255
-392	921	248
-392	929	255
-380	940	263
-386	934	255
-388	928	265
-385	923	263
-388	920	255
-392	920	254
-397	923	252
-397	920	252
-404	921	255
-397	910	252
-401	912	255
-405	920	255
-410	924	255
-408	924	254
-407	915	252
-407	911	254
-408	916	257
-409	915	260
-413	924	264
-409	920	259
-413	918	252
-410	912	259
-418	920	263
-410	921	263
-409	920	272
-409	915	270
-416	919	263
-417	927	259
-407	927	255
-391	924	255
-388	911	271
-381	915	288
-373	956	311
-377	968	307
-362	937	300
-356	918	287
-376	932	281
-388	927	271
-386	910	271
-388	894	260
-392	903	255
-404	895	248
-418	892	238
-434	918	231
-447	1036	180
-471	1167	147
-447	983	111
-343	817	43
-304	860	14
-365	871	20
-528	940	-18
-608	1020	-85
-568	928	-106
-495	838	-45
-456	851	-13
-473	883	-23
-497	839	3
-509	796	23
-522	999	-128
-493	1158	-49
-372	963	142
-253	847	94
-247	934	39
-282	1040	81
-247	1025	137
-225	988	150
-256	990	167
-279	988	179
-288	961	188
-208	1063	19
-170	1055	215
-221	1014	352
-232	967	254
-260	919	191
-296	950	184
-271	1016	188
-249	1008	179
-232	967	152
-217	967	143
-223	984	179
-241	979	184
-241	982	166
-223	1000	156
-223	1011	151
-223	1004	151
-216	988	145
-212	1003	140
-208	1008	134
-205	1011	124
-204	1006	136
-200	1004	140
-191	995	124
-188	995	120
-189	995	132
-189	996	120
-180	1006	120
-180	995	120
-178	995	124
-183	996	120
-185	992	123
-180	998	127
-175	1006	136
-168	1003	136
-164	1001	140
-168	1014	148
-167	1011	147
-160	1009	151
-159	1012	155
-162	1011	160
-159	1014	156
-159	995	156
-162	995	164
-168	996	160
-173	1008	167
-173	996	167
-170	999	160
-168	999	153
-175	1004	160
-168	1001	161
-168	1000	167
-165	1004	161
-162	999	159
-165	1001	164
-164	999	164
-160	1003	163
-165	1000	168
-168	998	163
-162	999	166
-161	1000	169
-165	1003	169
-167	1004	166
-164	1008	169
-153	1001	167
-161	991	175
-160	990	175
-162	988	169
-159	992	172
-154	990	172
-154	975	174
-144	972	177
-140	961	215
-165	1000	211
-176	1080	214
-146	1139	240
-138	1100	272
-136	968	262
-144	880	240
-168	871	255
-168	915	249
-153	1000	224
-201	1011	279
-226	977	288
-225	924	271
-228	912	295
-221	956	302
-215	960	321
-212	952	329
-232	952	348
-263	940	335
-296	911	327
-330	886	323
-368	902	312
-383	945	315
-385	1000	287
-413	1035	204
-490	955	140
-557	851	158
-580	887	172
-608	961	120
-609	935	56
-578	859	55
-575	824	56
-576	838	59
-577	840	78
-569	827	88
-576	811	92
-581	809	80
-589	798	83
-602	782	83
-621	776	63
-620	782	79
-624	766	99
-625	787	97
-620	780	121
-652	905	57
-676	1063	28
-609	1031	112
-477	910	107
-378	843	94
-365	865	126
-368	920	142
-378	955	127
-412	985	163
-444	1004	251
-404	987	271
-370	940	214
-393	875	158
-453	812	126
-496	814	123
-511	839	156
-537	782	143
-601	670	86
-673	556	6
-823	432	-202
-999	423	-369
-1029	400	-369
-1058	272	-360
-1174	335	-464
-1096	179	-274
-1124	153	-233
-1245	195	-353
-1229	252	-404
-1119	311	-296
-1025	287	-124
-969	159	-84
-952	51	8
-968	20	84
-968	41	127
-893	49	208
-849	77	288
-857	131	339
-864	175	355
-889	243	355
-893	299	368
-868	297	380
-874	311	356
-834	350	339
-804	387	302
-820	464	281
-837	527	259
-837	579	255
-792	615	227
-746	659	198
-716	692	163
-728	742	111
-733	748	99
-729	817	76
-690	824	78
-658	835	100
-632	806	102
-648	888	152
-644	918	135
-637	896	70
-690	984	24
-685	1086	48
-631	1128	31
-549	1171	102
-445	1155	73
-338	1150	147
-260	1144	172
-196	1105	175
-133	1036	271
-49	967	259
7	860	384
31	849	440
92	790	513
140	769	563
199	710	607
230	679	664
270	617	688
305	568	740
344	499	772
382	412	778
403	359	799
427	311	806
435	227	780
435	176	790
446	127	799
463	105	809
494	99	831
504	60	827
519	49	851
543	33	847
553	19	863
559	28	860
571	12	839
577	1	849
590	-31	824
596	-52	824
606	-45	830
603	-41	828
604	-61	819
600	-76	819
600	-76	816
596	-90	816
599	-90	827
603	-84	824
601	-87	824
591	-100	832
595	-103	840
599	-108	835
588	-112	843
583	-109	843
592	-113	847
588	-120	843
588	-130	854
590	-130	847
588	-133	841
585	-144	856
587	-136	849
583	-136	854
575	-145	840
576	-145	842
583	-144	835
588	-153	830
590	-157	831
585	-157	838
587	-165	841
583	-168	847
587	-159	846
582	-161	839
582	-172	824
584	-168	831
585	-173	832
590	-172	832
588	-180	833
590	-173	840
585	-178	835
593	-177	828
595	-178	835
598	-180	832
600	-173	832
600	-177	832
598	-177	828
596	-176	823
603	-176	823
604	-181	820
606	-178	828
600	-189	824
604	-183	825
604	-184	835
601	-185	828
595	-185	824
596	-186	824
604	-185	824
606	-191	816
603	-194	816
604	-193	823
600	-192	807
595	-200	800
595	-193	798
598	-193	787
596	-196	784
603	-185	790
611	-177	796
603	-173	814
598	-164	825
600	-138	830
584	-132	856
575	-128	867
567	-93	867
561	-104	867
550	-90	871
544	-80	896
547	-55	903
550	-32	899
536	-20	910
539	-18	892
540	-16	891
544	-5	872
552	-1	880
551	-8	886
553	-8	878
555	-2	875
556	-8	888
560	-4	883
561	-4	871
563	-1	873
558	7	871
563	7	876
568	-1	867
571	20	871
564	16	870
563	23	871
560	23	870
560	19	876
560	15	867
561	14	872
560	9	870
572	12	864
574	14	868
572	7	856
572	15	856
568	3	863
568	7	864
560	-1	872
555	-13	870
566	-9	864
563	-5	883
572	-17	862
579	-16	865
583	-20	862
598	-36	847
604	-25	839
606	-42	828
608	-58	819
611	-60	824
609	-67	822
604	-77	822
601	-79	830
604	-84	828
598	-80	831
611	-81	847
614	-80	855
615	-80	847
612	-77	851
611	-85	847
609	-88	844
604	-93	831
606	-100	827
603	-112	824
607	-116	824
611	-128	824
608	-141	823
600	-141	824
601	-148	823
604	-160	827
595	-157	831
600	-160	828
599	-167	828
595	-175	823
600	-180	824
606	-183	814
603	-181	819
607	-180	822
603	-185	822
603	-185	820
601	-191	824
600	-193	816
600	-196	828
598	-199	828
595	-200	830
592	-202	824
595	-208	825
591	-210	824
592	-209	824
593	-216	828
593	-218	828
592	-225	830
593	-225	830
591	-223	827
591	-236	812
592	-234	816
595	-242	815
588	-240	812
598	-236	809
604	-241	816
598	-242	814
598	-244	812
592	-250	815
595	-252	816
599	-248	808
591	-257	799
592	-253	807
591	-261	801
595	-257	811
588	-260	808
588	-256	803
591	-249	799
587	-253	796
584	-253	792
588	-239	796
585	-232	787
585	-221	783
590	-205	791
583	-202	800
572	-177	814
563	-161	825
545	-154	831
547	-127	841
542	-129	824
540	-92	816
524	-49	792
527	15	796
537	112	796
540	188	799
540	231	775
500	308	767
440	350	771
411	399	727
368	470	739
342	503	702
283	609	718
240	616	688
187	711	667
115	775	643
67	792	585
-1	859	528
-111	969	467
-231	1120	472
-274	1075	422
-343	1036	423
-372	1040	433
-412	1022	366
-407	923	320
-452	975	296
-488	974	259
-497	894	262
-506	913	248
-511	934	216
-528	927	231
-532	905	211
-601	1055	243
-551	1007	225
-509	862	176
-549	873	156
-589	871	144
-576	828	166
-562	876	188
-548	875	200
-552	876	179
-564	844	195
-586	819	184
-631	807	184
-680	796	168
-701	736	200
-697	684	200
-711	694	172
-680	689	192
-689	702	206
-705	680	147
-733	671	70
-760	672	68
-761	624	54
-769	600	39
-805	564	115
-868	524	75
-925	488	103
-976	428	97
-975	347	76
-976	288	89
-1031	209	64
-1052	140	-13
-1053	127	-72
-1029	172	-108
-1009	161	-93
-1037	152	-109
-1049	103	-111
-1032	64	-133
-1013	51	-108
-1017	-1	-111
-991	-73	-146
-967	-157	-237
-952	-231	-258
-938	-258	-336
-957	-253	-346
-936	-281	-341
-933	-264	-335
-922	-216	-388
-892	-181	-424
-865	-144	-452
-848	-72	-505
-848	-50	-588
-882	1	-602
-920	156	-585
-880	131	-552
-885	184	-537
-873	155	-541
-845	152	-589
-784	115	-564
-669	-119	-655
-553	88	-826
-516	537	-868
-476	556	-735
-514	446	-645
-548	438	-677
-532	415	-776
-516	476	-796
-503	499	-772
-473	472	-804
-458	449	-810
-449	444	-817
-424	488	-842
-409	486	-808
-423	489	-753
-440	516	-752
-436	540	-793
-431	537	-836
-412	556	-812
-397	550	-756
-405	561	-744
-407	575	-717
-429	614	-709
-429	636	-676
-416	655	-680
-429	673	-664
-433	689	-644
-433	737	-608
-409	697	-639
-373	654	-692
-369	636	-680
-391	639	-658
-391	684	-658
-374	681	-680
-385	719	-672
-370	764	-666
-360	784	-644
-360	785	-592
-324	792	-604
-333	735	-593
-370	732	-578
-383	727	-512
-404	726	-513
-388	771	-564
-401	790	-569
-429	752	-549
-448	723	-554
-448	711	-562
-472	727	-576
-484	728	-580
-493	720	-584
-505	715	-596
-504	684	-599
-505	663	-592
-519	656	-581
-525	654	-588
-536	648	-592
-537	636	-605
-546	632	-610
-559	639	-613
-564	633	-605
-560	620	-605
-564	612	-616
-570	600	-636
-584	592	-653
-592	572	-644
-594	552	-637
-605	521	-639
-624	496	-617
-650	500	-606
-695	480	-573
-727	435	-576
-730	400	-576
-720	406	-586
-685	428	-568
-676	448	-535
-681	451	-520
-669	463	-540
-640	489	-605
-593	564	-692
-588	632	-677
-584	604	-621
-544	543	-561
-529	540	-576
-552	608	-624
-541	696	-628
-506	724	-597
-496	711	-584
-503	716	-592
-504	739	-580
-488	787	-543
-456	807	-490
-418	777	-476
-386	787	-573
-360	862	-616
-429	905	-421
-456	889	-320
-417	879	-367
-370	847	-440
-392	828	-450
-423	841	-416
-402	856	-406
-367	854	-400
-369	851	-386
-397	841	-381
-413	814	-377
-424	792	-364
-465	732	-353
-525	678	-444
-637	648	-634
-708	464	-696
-641	364	-609
-687	249	-522
-909	116	-416
-1226	190	-281
-1421	432	-404
-1376	528	-508
-1161	518	-368
-953	524	-328
-789	448	-241
-764	376	-164
-864	313	-80
-960	319	-2
-916	316	51
-938	262	70
-957	244	64
-936	304	88
-912	371	174
-898	414	183
-863	451	211
-836	478	190
-892	499	147
-938	574	182
-921	608	156
-889	584	110
-884	486	103
-857	472	99
-863	631	65
-849	704	83
-834	606	105
-837	579	107
-839	583	126
-820	620	120
-844	625	142
-871	523	160
-832	438	127
-838	536	135
-831	619	100
-808	675	72
-797	684	71
-805	646	83
-824	596	92
-842	584	96
-849	599	100
-842	596	100
-833	588	92
-837	588	88
-840	600	97
-840	591	92
-832	632	70
-820	615	79
-832	595	80
-829	553	100
-847	523	126
-852	532	152
-860	551	163
-860	531	184
4095	4095	4095
2098	141	85
