Activity Name: stand/
UserID: 4936
StartTime: 0
x	y	z
-980	63	111
-972	67	112
-980	57	104
-984	54	110
-973	51	112
-969	52	113
-976	44	103
-980	48	99
-977	56	103
-973	65	115
-972	63	120
-976	65	127
-993	64	145
-996	72	184
-985	80	238
-985	105	303
-983	86	304
-977	-33	217
-961	-153	159
-884	-305	151
-753	-303	156
-863	-273	99
-861	-311	100
-888	-268	92
-893	-268	67
-919	-272	75
-905	-225	-24
-968	-212	-74
-969	-221	-56
-978	-225	-89
-973	-244	-151
-1025	-324	-228
-1064	-361	-232
-1185	-468	-221
-1177	-538	-105
-1045	-584	-166
-889	-612	-119
-753	-661	-45
-605	-810	-9
-477	-773	17
-375	-825	-40
-301	-881	-116
-137	-848	-141
-29	-781	-159
46	-680	-132
108	-714	-77
131	-845	-8
152	-831	96
147	-793	136
168	-792	176
159	-879	179
182	-952	192
196	-1053	295
185	-996	383
176	-836	480
159	-829	519
107	-784	582
59	-784	636
56	-794	620
102	-789	566
152	-813	552
136	-772	567
126	-738	583
153	-833	472
176	-909	380
204	-885	406
236	-877	454
292	-914	428
326	-941	385
380	-941	399
384	-1003	376
386	-944	559
271	-552	772
372	-485	1016
526	-493	759
598	-231	652
600	-273	719
454	-372	775
377	-404	825
403	-408	851
540	-343	755
687	-418	499
707	-548	383
711	-561	377
737	-586	385
751	-653	254
707	-671	159
699	-660	134
688	-672	56
679	-705	47
671	-725	-2
683	-649	62
668	-719	44
664	-682	35
674	-704	31
655	-724	-8
664	-728	3
657	-713	6
648	-724	-2
647	-717	-5
638	-740	-5
639	-744	-18
638	-738	-24
630	-737	-41
635	-740	-40
625	-733	-40
639	-746	-61
636	-737	-71
625	-760	-49
623	-746	-72
630	-724	-64
623	-757	-8
620	-727	-66
615	-752	-64
639	-789	-24
675	-728	20
695	-793	76
664	-885	76
585	-930	-36
584	-829	-173
651	-722	-239
583	-689	-303
568	-650	-290
609	-621	-249
592	-621	-228
616	-601	-208
654	-600	-189
688	-608	-169
731	-637	-157
726	-634	-175
728	-625	-188
727	-612	-178
736	-601	-172
719	-584	-164
743	-569	-146
753	-586	-162
744	-616	-173
747	-605	-181
755	-605	-178
752	-605	-173
755	-601	-168
751	-589	-178
747	-596	-180
748	-588	-188
744	-588	-177
747	-594	-184
748	-585	-181
744	-586	-183
750	-591	-193
742	-596	-189
748	-597	-189
752	-596	-177
748	-596	-183
744	-596	-196
742	-589	-200
748	-585	-196
750	-592	-192
750	-592	-191
752	-592	-189
748	-584	-199
748	-585	-208
750	-583	-197
748	-585	-196
748	-596	-199
748	-589	-196
752	-592	-192
745	-596	-196
739	-580	-194
739	-578	-197
739	-597	-197
745	-599	-200
747	-592	-189
751	-589	-192
747	-585	-194
743	-585	-204
750	-585	-196
743	-588	-188
745	-584	-185
745	-588	-196
747	-591	-199
752	-589	-193
743	-580	-186
747	-584	-178
748	-585	-192
753	-584	-196
748	-584	-202
752	-592	-197
743	-588	-191
744	-594	-197
748	-586	-209
760	-569	-228
768	-569	-232
751	-625	-201
718	-632	-154
719	-626	-135
702	-610	-148
704	-634	-148
703	-631	-129
696	-645	-112
695	-653	-116
691	-633	-136
688	-624	-168
687	-647	-181
672	-697	-173
683	-709	-89
705	-712	-13
726	-745	9
736	-761	-49
735	-688	-136
729	-585	-216
731	-528	-253
732	-484	-291
720	-496	-328
731	-522	-359
752	-538	-354
760	-562	-346
764	-556	-330
750	-548	-328
744	-554	-336
748	-548	-336
743	-527	-327
742	-514	-317
739	-503	-305
752	-520	-292
755	-552	-282
751	-561	-288
755	-551	-288
755	-548	-282
752	-541	-289
752	-541	-285
759	-540	-289
752	-540	-295
755	-538	-285
759	-537	-282
759	-537	-289
755	-525	-288
756	-537	-292
766	-537	-288
761	-525	-288
759	-528	-286
764	-525	-288
767	-524	-292
760	-525	-288
755	-529	-285
760	-528	-280
764	-529	-288
764	-537	-298
760	-532	-301
758	-529	-295
767	-541	-290
767	-536	-296
760	-536	-290
755	-532	-293
755	-533	-293
761	-536	-295
764	-535	-298
760	-528	-303
752	-536	-296
755	-533	-288
763	-536	-289
755	-546	-289
760	-544	-288
755	-536	-290
759	-543	-295
761	-537	-297
756	-533	-292
755	-532	-296
763	-532	-296
761	-530	-287
768	-525	-280
771	-528	-287
767	-525	-292
769	-527	-282
767	-536	-272
766	-532	-280
771	-525	-289
766	-525	-288
760	-513	-285
760	-529	-279
758	-532	-270
764	-533	-276
771	-537	-284
771	-528	-288
775	-516	-281
772	-519	-276
771	-520	-281
766	-528	-276
764	-528	-273
766	-532	-272
764	-528	-276
760	-530	-282
760	-525	-281
763	-520	-272
764	-522	-269
767	-540	-274
764	-535	-280
771	-528	-290
772	-527	-282
761	-524	-274
767	-525	-272
769	-528	-281
766	-520	-276
771	-519	-268
771	-529	-269
764	-527	-273
766	-516	-281
780	-516	-281
775	-525	-276
774	-533	-271
777	-529	-265
777	-520	-272
774	-524	-282
776	-514	-286
775	-517	-274
769	-524	-271
771	-528	-276
774	-527	-276
775	-521	-272
779	-516	-264
774	-509	-272
774	-509	-285
779	-516	-279
783	-511	-271
776	-514	-271
780	-509	-272
777	-509	-282
776	-512	-285
780	-505	-285
777	-506	-296
776	-509	-288
776	-525	-276
771	-520	-274
770	-509	-281
771	-513	-292
771	-511	-298
775	-503	-295
766	-504	-288
772	-516	-273
780	-514	-269
775	-506	-268
780	-497	-287
783	-519	-308
780	-529	-305
769	-520	-296
761	-513	-285
766	-514	-290
760	-521	-300
760	-532	-296
752	-533	-294
753	-537	-285
761	-532	-281
760	-530	-282
759	-528	-298
760	-532	-293
760	-527	-289
755	-529	-300
750	-544	-305
755	-543	-301
755	-516	-298
744	-509	-320
728	-517	-377
750	-498	-410
695	-464	-500
649	-464	-544
635	-431	-569
615	-412	-569
591	-373	-612
606	-345	-681
617	-341	-680
540	-290	-817
551	-289	-874
516	-241	-877
532	-217	-804
526	-197	-769
524	-208	-776
520	-232	-817
542	-262	-817
547	-260	-805
571	-258	-781
582	-244	-783
588	-241	-784
587	-232	-775
590	-232	-756
593	-228	-761
593	-229	-776
599	-241	-753
611	-242	-748
622	-240	-743
624	-228	-737
627	-215	-735
612	-217	-728
622	-208	-733
636	-215	-720
646	-217	-724
646	-210	-733
639	-205	-733
639	-191	-730
635	-191	-737
630	-186	-733
630	-189	-730
627	-209	-725
632	-207	-724
639	-204	-727
639	-200	-733
639	-193	-730
638	-189	-729
636	-186	-730
635	-193	-736
633	-201	-741
638	-201	-738
632	-199	-733
632	-192	-740
630	-199	-744
631	-193	-737
633	-197	-733
630	-199	-728
633	-199	-727
639	-196	-729
636	-192	-729
638	-193	-729
639	-189	-724
633	-192	-725
630	-196	-728
632	-205	-724
636	-200	-735
643	-199	-740
643	-186	-738
638	-193	-729
636	-193	-717
632	-205	-717
638	-200	-729
647	-200	-730
646	-200	-733
637	-196	-730
636	-193	-720
633	-192	-717
639	-193	-721
633	-199	-733
643	-204	-729
646	-188	-727
639	-180	-729
635	-189	-729
639	-192	-736
639	-200	-744
643	-199	-738
635	-193	-730
633	-197	-733
636	-191	-730
636	-189	-729
638	-191	-737
632	-196	-738
630	-193	-735
632	-197	-730
636	-200	-735
632	-193	-743
636	-191	-738
631	-192	-729
633	-193	-729
638	-199	-732
638	-194	-733
636	-192	-737
636	-192	-744
635	-193	-730
638	-186	-725
638	-191	-733
636	-185	-727
636	-191	-727
638	-189	-724
633	-191	-737
635	-189	-737
632	-194	-729
646	-193	-740
639	-192	-729
636	-193	-730
639	-189	-736
632	-185	-735
638	-185	-730
638	-184	-729
639	-194	-737
639	-193	-737
633	-185	-735
638	-183	-729
632	-185	-717
636	-189	-727
643	-188	-737
639	-191	-753
646	-193	-744
639	-191	-735
638	-185	-727
636	-180	-721
636	-186	-727
643	-184	-733
639	-177	-729
644	-185	-729
644	-193	-737
643	-192	-729
647	-183	-733
635	-183	-733
632	-192	-728
632	-189	-729
639	-185	-736
643	-184	-746
644	-191	-751
632	-193	-729
632	-196	-729
633	-189	-737
638	-185	-730
639	-192	-737
643	-193	-735
638	-191	-737
636	-185	-730
638	-186	-727
641	-191	-728
638	-200	-736
635	-199	-735
639	-192	-736
651	-189	-730
643	-186	-729
643	-186	-738
643	-189	-737
643	-193	-729
639	-189	-720
643	-189	-727
644	-185	-729
636	-188	-729
636	-188	-720
647	-189	-724
646	-193	-727
648	-186	-728
643	-185	-724
638	-189	-714
643	-191	-729
646	-186	-733
648	-181	-732
646	-191	-729
643	-185	-727
646	-180	-729
643	-186	-722
647	-180	-724
646	-181	-732
643	-186	-733
646	-185	-727
647	-185	-732
647	-185	-736
646	-180	-733
639	-185	-728
639	-181	-728
643	-185	-730
643	-180	-729
639	-178	-730
643	-180	-732
647	-180	-737
640	-177	-736
648	-183	-729
648	-177	-737
641	-180	-736
644	-181	-730
643	-177	-728
643	-177	-724
647	-177	-729
646	-184	-736
647	-180	-728
646	-183	-714
646	-178	-717
639	-173	-735
639	-173	-736
643	-180	-729
647	-180	-728
649	-180	-738
649	-176	-737
647	-173	-728
643	-173	-725
643	-172	-724
643	-178	-722
647	-177	-729
648	-181	-734
649	-180	-729
643	-180	-729
636	-178	-719
636	-180	-727
647	-173	-737
646	-178	-735
646	-189	-728
647	-180	-725
639	-180	-729
646	-178	-729
647	-176	-724
646	-173	-729
646	-169	-730
646	-180	-733
647	-180	-729
647	-180	-729
643	-180	-735
636	-176	-725
643	-181	-717
638	-177	-730
639	-173	-744
643	-177	-738
646	-180	-732
639	-176	-735
638	-183	-733
649	-178	-736
647	-177	-737
636	-180	-735
633	-175	-729
639	-177	-729
643	-180	-728
646	-184	-729
648	-185	-740
647	-185	-733
639	-189	-725
636	-189	-729
639	-188	-733
637	-192	-733
633	-189	-737
632	-193	-736
638	-189	-729
636	-191	-730
643	-188	-732
638	-188	-733
644	-180	-729
646	-185	-727
641	-189	-724
639	-185	-727
646	-188	-729
643	-186	-729
636	-193	-722
631	-196	-717
644	-193	-717
647	-186	-729
648	-192	-730
651	-205	-720
638	-225	-722
633	-232	-736
632	-228	-741
636	-185	-743
628	-151	-749
628	-132	-740
633	-129	-724
638	-132	-728
633	-145	-744
638	-164	-760
643	-189	-744
632	-185	-737
628	-181	-733
623	-173	-738
624	-184	-740
620	-197	-753
624	-207	-761
630	-217	-761
625	-221	-738
624	-205	-733
631	-173	-746
667	-161	-765
707	-149	-761
696	-153	-772
632	-168	-754
584	-164	-730
584	-170	-705
583	-169	-708
583	-165	-720
611	-180	-724
643	-200	-722
664	-196	-720
671	-178	-722
679	-165	-713
679	-152	-709
673	-145	-722
660	-122	-719
652	-132	-720
649	-149	-724
655	-169	-730
662	-170	-717
660	-153	-709
649	-146	-728
649	-144	-724
654	-154	-722
643	-180	-729
599	-274	-797
579	-317	-777
547	-391	-695
543	-444	-592
572	-488	-466
577	-594	-377
563	-720	-264
558	-813	-138
481	-781	-55
396	-761	73
416	-917	161
430	-932	159
487	-953	145
483	-938	80
440	-952	31
419	-1028	63
385	-1009	95
391	-925	102
361	-817	-7
388	-789	-52
382	-748	-132
478	-831	-33
320	-832	-66
283	-978	-255
368	-965	-268
411	-855	-298
412	-815	-369
415	-771	-493
412	-735	-544
423	-697	-580
436	-656	-584
451	-632	-562
462	-614	-556
475	-600	-554
503	-605	-537
515	-616	-551
515	-609	-564
521	-613	-573
523	-589	-580
527	-584	-573
524	-586	-570
534	-588	-569
531	-592	-556
536	-594	-564
536	-585	-561
532	-584	-554
529	-583	-552
528	-592	-580
531	-577	-568
531	-573	-557
510	-592	-544
479	-621	-568
403	-665	-537
335	-644	-420
363	-628	-351
319	-703	-345
294	-817	-316
152	-969	-361
63	-978	-338
96	-924	-237
71	-949	-161
14	-976	-137
28	-936	-80
14	-874	28
47	-889	56
71	-808	40
78	-769	94
-25	-836	79
-193	-898	59
-420	-1058	41
-546	-1177	115
-541	-1016	159
-509	-1137	159
-420	-970	161
-281	-802	199
-253	-807	207
-324	-801	144
-370	-863	87
-385	-924	88
-330	-889	119
-372	-887	127
-372	-845	132
-477	-824	102
-525	-801	57
-637	-784	-1
-665	-788	-18
-692	-685	11
-648	-705	63
-617	-709	65
-616	-754	110
-621	-736	126
-662	-751	116
-692	-757	51
-665	-701	83
-663	-671	96
-680	-697	72
-626	-756	94
-594	-834	112
-530	-793	103
-482	-724	78
-488	-698	59
-532	-708	70
-564	-764	102
-580	-781	102
-584	-782	92
-576	-751	86
-601	-816	78
-576	-845	54
-525	-930	31
-491	-953	32
-448	-983	103
-439	-944	176
-381	-820	351
-285	-577	480
-273	-561	580
-381	-557	624
-458	-508	734
-453	-496	808
-401	-432	780
-420	-313	783
-464	-377	791
-489	-385	915
-553	-463	976
-527	-381	854
-576	-562	1014
-560	-692	1039
-436	-705	1072
-356	-672	966
-223	-631	908
-157	-641	812
-88	-602	710
32	-508	668
168	-434	668
231	-498	571
220	-653	614
216	-615	538
271	-584	444
143	-925	540
127	-807	432
223	-788	393
367	-783	271
404	-912	249
287	-980	376
300	-893	478
312	-868	511
303	-879	441
292	-872	412
308	-860	416
304	-841	294
311	-937	364
384	-849	344
423	-769	291
446	-804	292
463	-840	268
411	-861	271
398	-888	192
368	-820	355
401	-925	302
420	-824	243
407	-841	297
375	-797	396
329	-829	425
321	-869	351
380	-936	304
423	-833	283
455	-882	310
497	-850	278
481	-825	337
472	-810	415
408	-825	139
449	-825	51
471	-916	79
476	-889	203
455	-805	255
460	-922	211
528	-959	136
536	-690	198
496	-616	-5
479	-586	-197
455	-631	-304
480	-697	-329
483	-791	-319
508	-865	-305
495	-928	-316
462	-921	-340
440	-872	-330
423	-836	-324
399	-802	-312
396	-800	-320
401	-800	-324
408	-816	-333
403	-813	-325
407	-816	-324
399	-828	-320
391	-836	-314
398	-832	-314
400	-817	-308
404	-810	-313
412	-815	-324
400	-820	-324
403	-825	-314
403	-820	-305
391	-825	-320
399	-818	-317
396	-810	-320
392	-813	-324
392	-831	-328
391	-825	-329
392	-823	-327
391	-817	-320
390	-823	-323
387	-829	-337
391	-825	-336
393	-809	-341
392	-815	-336
391	-821	-353
390	-810	-340
391	-796	-345
391	-808	-356
395	-825	-356
398	-820	-346
398	-817	-356
400	-818	-356
396	-817	-353
400	-826	-345
390	-823	-340
398	-824	-345
391	-817	-349
388	-808	-353
393	-793	-349
396	-793	-345
399	-808	-333
406	-832	-335
411	-845	-333
419	-863	-345
435	-863	-337
460	-881	-346
472	-871	-354
515	-864	-349
547	-865	-341
588	-842	-340
620	-796	-337
632	-708	-288
639	-637	-234
624	-541	-173
606	-456	-105
579	-402	-17
601	-455	19
630	-503	67
663	-601	-4
703	-696	35
721	-769	-20
736	-799	64
707	-761	44
657	-756	-47
639	-737	-101
636	-740	75
608	-720	15
595	-728	-66
611	-733	-56
620	-800	35
620	-788	-97
620	-807	-15
616	-792	-5
587	-773	-52
593	-791	-32
588	-784	-36
583	-757	-80
590	-793	-31
572	-778	-34
576	-765	-56
584	-765	-89
592	-760	-82
584	-773	-61
583	-777	-73
576	-784	-80
575	-759	-93
568	-772	-103
574	-789	-81
563	-783	-80
563	-792	-89
579	-796	-79
568	-756	-109
574	-784	-89
592	-746	-80
588	-733	-144
600	-761	-100
592	-781	-116
587	-765	-104
587	-772	-82
577	-778	-103
582	-740	-98
577	-743	-77
569	-720	-133
579	-725	-146
615	-752	-132
614	-716	-160
604	-679	-196
614	-692	-168
639	-656	-231
679	-568	-410
750	-724	-289
751	-616	-324
724	-557	-410
721	-573	-337
729	-605	-313
716	-621	-320
703	-596	-392
703	-631	-317
711	-601	-356
700	-596	-392
683	-589	-356
695	-644	-322
681	-616	-327
675	-610	-346
684	-589	-372
684	-716	-234
647	-612	-266
617	-695	-258
671	-677	-247
636	-616	-260
664	-655	-249
684	-682	-215
656	-592	-353
632	-669	-237
712	-708	-170
636	-628	-173
628	-685	-250
723	-656	-205
707	-609	-223
671	-676	-172
718	-679	-96
715	-730	-143
638	-649	-407
639	-748	-360
688	-753	-151
627	-841	119
625	-840	233
636	-811	284
614	-685	327
504	-564	375
440	-538	476
431	-626	624
383	-528	630
393	-552	759
415	-565	787
406	-617	671
371	-591	723
352	-557	787
332	-601	747
335	-666	719
348	-677	718
339	-744	712
347	-681	723
310	-634	720
300	-712	697
299	-730	705
287	-722	704
264	-741	691
259	-690	728
238	-717	723
216	-711	755
196	-717	751
185	-724	739
172	-685	734
174	-573	822
151	-488	915
137	-503	894
99	-673	849
127	-688	711
191	-620	657
201	-657	761
195	-476	831
190	-532	935
199	-713	864
232	-644	742
209	-599	753
204	-596	755
187	-556	775
184	-665	775
224	-743	799
219	-704	724
236	-729	728
208	-687	723
176	-717	719
152	-789	737
168	-761	695
161	-769	666
169	-732	716
185	-759	668
183	-737	764
161	-732	720
158	-765	784
156	-676	696
147	-653	799
150	-524	816
172	-481	729
153	-616	788
156	-676	807
119	-676	711
127	-717	742
143	-727	707
184	-658	675
187	-703	702
167	-676	732
148	-701	675
166	-656	679
145	-697	774
108	-800	723
71	-789	675
76	-824	615
83	-813	686
86	-802	647
76	-802	649
48	-737	655
27	-712	608
-5	-713	656
-50	-656	595
-52	-692	559
-8	-575	643
27	-561	700
-47	-783	748
-185	-816	671
-308	-769	784
-398	-775	870
-426	-697	812
-410	-617	734
-424	-642	743
-441	-570	723
-490	-740	895
-472	-665	792
-444	-569	728
-401	-545	815
-389	-544	830
-413	-584	771
-450	-532	774
-537	-521	847
-564	-493	785
-562	-412	636
-552	-532	582
-511	-562	627
-562	-596	643
-660	-580	463
-776	-660	-138
-664	-936	-672
-509	-985	-528
-519	-612	-269
-512	-397	-434
-543	-480	-658
-621	-656	-676
-417	-697	-808
-260	-381	-577
-249	-429	-431
-269	-317	-416
-415	-196	-208
-533	-412	-170
-832	-1016	-231
-852	-973	-168
-881	-855	-77
-821	-647	-64
-628	-628	-137
-701	-753	-113
-847	-669	-80
-840	-482	-33
-676	-548	-52
-680	-655	-104
-647	-656	-87
-674	-657	-58
-753	-647	-72
-765	-601	-114
-751	-564	-105
-720	-569	-97
-712	-592	-92
-706	-621	-93
-682	-623	-98
-681	-689	-100
-692	-685	-103
-692	-653	-98
-665	-641	-98
-642	-660	-96
-634	-672	-96
-644	-677	-96
-655	-669	-92
-658	-672	-92
-644	-682	-96
-639	-676	-84
-641	-676	-84
-637	-698	-84
-632	-698	-77
-625	-701	-84
-618	-705	-80
-628	-705	-76
-636	-697	-72
-637	-701	-73
-633	-692	-77
-630	-700	-80
-631	-697	-74
-621	-696	-76
-624	-698	-77
-626	-693	-79
-625	-702	-65
-632	-695	-72
-633	-701	-73
-629	-701	-73
-626	-697	-77
-628	-703	-76
-633	-698	-77
-628	-701	-80
-629	-696	-80
-637	-695	-72
-631	-696	-73
-634	-705	-72
-625	-708	-77
-629	-701	-72
-628	-701	-68
-628	-701	-74
-633	-698	-77
-633	-696	-77
-633	-696	-69
-633	-696	-68
-637	-688	-71
-632	-696	-77
-632	-701	-73
-629	-690	-74
-631	-692	-71
-632	-698	-76
-633	-698	-72
-633	-697	-73
-628	-701	-73
-625	-698	-76
-625	-700	-74
-624	-697	-73
-625	-704	-73
-634	-701	-72
-631	-701	-76
-633	-701	-73
-634	-695	-72
-634	-700	-82
-634	-700	-72
-631	-696	-80
-630	-697	-79
-631	-696	-72
-633	-695	-72
-632	-698	-72
-632	-697	-68
-631	-701	-65
-626	-701	-64
-628	-700	-66
-626	-697	-58
-625	-705	-64
-624	-706	-68
-628	-705	-66
-625	-705	-64
-628	-703	-64
-632	-698	-66
-631	-690	-66
-633	-689	-65
-636	-693	-68
-633	-696	-65
-637	-701	-64
-631	-697	-72
-639	-706	-64
-633	-705	-64
-637	-705	-64
-641	-680	-72
-656	-673	-63
-656	-652	-74
-669	-648	-82
-673	-660	-72
-666	-665	-76
-658	-666	-77
-656	-680	-72
-647	-679	-71
-642	-688	-64
-644	-697	-65
-634	-703	-61
-626	-693	-61
-630	-704	-56
-628	-712	-52
-634	-693	-55
-637	-704	-57
-641	-709	-61
-648	-714	-72
-644	-697	-48
-618	-664	-61
-626	-663	-72
-648	-680	-66
-647	-681	-68
-639	-693	-68
-634	-689	-64
-637	-693	-64
-644	-696	-71
-641	-685	-68
-640	-685	-64
-637	-700	-65
-644	-685	-64
-642	-688	-58
-639	-705	-41
-634	-708	-52
-648	-672	-72
-658	-666	-50
-648	-690	-65
-639	-712	-55
-642	-712	-63
-650	-682	-31
-665	-612	-10
-666	-690	-37
-658	-680	-47
-650	-675	-25
-648	-679	-28
-642	-708	-18
-639	-701	-29
-644	-687	-25
-645	-689	-29
-647	-690	-33
-649	-680	-32
-656	-677	-31
-649	-684	-34
-644	-690	-36
-641	-687	-34
-644	-693	-28
-648	-688	-36
-647	-689	-29
-652	-687	-31
-653	-680	-33
-655	-688	-33
-652	-680	-39
-653	-680	-32
-655	-680	-34
-653	-681	-36
-656	-679	-37
-648	-685	-37
-653	-685	-33
-653	-679	-37
-652	-681	-36
-647	-692	-37
-648	-685	-40
-652	-688	-36
-653	-688	-36
-648	-682	-39
-653	-685	-40
-648	-680	-40
-649	-685	-40
-649	-689	-32
-645	-689	-34
-648	-687	-42
-648	-689	-39
-653	-687	-42
-648	-685	-36
-649	-685	-34
-650	-682	-36
-648	-679	-39
-653	-685	-41
-653	-687	-36
-656	-680	-33
-656	-676	-36
-656	-681	-32
-653	-684	-39
-655	-680	-33
-653	-685	-37
-655	-689	-39
-652	-684	-40
-648	-688	-40
-653	-677	-33
-653	-682	-34
-653	-682	-39
-653	-685	-36
-653	-684	-39
-655	-680	-36
-656	-680	-40
-655	-685	-39
-650	-682	-39
-649	-685	-41
-649	-687	-36
-650	-681	-40
-653	-684	-40
-649	-679	-40
-647	-684	-37
-653	-679	-36
-652	-688	-33
-644	-690	-37
-641	-689	-32
-647	-690	-40
-644	-689	-37
-641	-690	-37
-648	-692	-40
-648	-689	-36
-648	-688	-40
-653	-687	-41
-655	-688	-36
-653	-682	-39
-650	-681	-41
-648	-689	-42
-648	-687	-42
-653	-681	-41
-648	-685	-41
-644	-689	-36
-642	-690	-40
-647	-689	-39
-648	-692	-36
-644	-687	-40
-647	-689	-40
-649	-689	-40
-648	-684	-45
-649	-684	-36
-653	-684	-39
-648	-685	-34
-648	-688	-45
-655	-692	-39
-653	-681	-39
-648	-688	-40
-648	-687	-36
-645	-689	-36
-642	-697	-39
-639	-689	-40
-644	-690	-36
-648	-688	-39
-644	-684	-40
-641	-685	-40
-648	-687	-41
-648	-688	-36
-650	-684	-37
-649	-685	-40
-649	-689	-40
-644	-689	-36
-647	-689	-39
-647	-688	-32
-644	-693	-36
-641	-690	-36
-638	-692	-34
-640	-696	-36
-637	-698	-36
-644	-692	-41
-641	-696	-36
-640	-692	-36
-641	-690	-40
-645	-692	-39
-648	-690	-41
-644	-685	-44
-647	-687	-39
-644	-692	-42
-647	-685	-37
-645	-689	-40
-650	-692	-45
-648	-689	-41
-653	-684	-40
-644	-689	-40
-642	-687	-40
-649	-689	-36
-645	-685	-36
-645	-687	-37
-644	-688	-37
-645	-692	-37
-642	-696	-40
-647	-696	-33
-648	-690	-41
-648	-688	-41
-644	-690	-33
-645	-688	-32
-647	-690	-37
-644	-689	-36
-647	-682	-40
-648	-689	-40
-645	-688	-40
-645	-692	-34
-645	-695	-40
-647	-689	-31
-642	-685	-41
-641	-691	-40
-642	-692	-40
-644	-688	-36
-645	-692	-40
-644	-689	-40
-645	-692	-42
-641	-692	-44
-647	-689	-40
-644	-692	-41
-645	-693	-40
-645	-688	-34
-640	-692	-37
-641	-695	-36
-637	-697	-39
-641	-695	-41
-637	-690	-36
-644	-693	-40
-642	-681	-40
-642	-696	-45
-644	-692	-39
-642	-692	-37
-637	-692	-40
-641	-689	-45
-642	-695	-45
-642	-693	-44
-648	-687	-44
-648	-692	-33
-644	-689	-42
-634	-688	-37
-642	-701	-20
-637	-712	-24
-634	-704	-32
-637	-703	-26
-637	-685	-32
-636	-701	-16
-633	-709	-25
-632	-706	-23
-637	-692	-20
-649	-689	-20
-644	-692	-17
-637	-689	-18
-637	-696	-13
-636	-697	-5
-637	-709	15
-637	-721	16
-640	-697	27
-637	-697	30
-642	-693	35
-640	-705	25
-633	-701	28
-641	-692	35
-644	-693	33
-639	-695	24
-629	-701	24
-633	-697	12
-631	-709	7
-649	-703	34
-653	-689	17
-649	-697	31
-642	-712	39
-641	-700	23
-650	-708	35
-644	-756	48
-660	-700	71
-663	-672	39
-648	-656	19
-615	-669	40
-625	-664	44
-660	-680	67
-653	-706	88
-642	-684	64
-642	-704	63
-648	-692	78
-655	-697	79
-653	-696	73
-664	-672	79
-655	-695	86
-650	-672	83
-656	-705	83
-648	-697	60
-650	-708	87
-644	-672	91
-644	-692	96
-652	-690	99
-644	-697	89
-663	-677	103
-664	-674	113
-665	-697	100
-666	-706	108
-669	-692	96
-676	-666	80
-673	-644	99
-674	-628	88
-657	-644	112
-648	-697	89
-656	-688	108
-673	-653	134
-674	-650	118
-665	-671	119
-665	-672	124
-665	-660	140
-659	-665	180
-672	-680	139
-664	-684	140
-656	-664	159
-653	-626	140
-656	-633	139
-656	-676	143
-656	-680	139
-671	-711	135
-673	-712	144
-668	-672	137
-657	-676	123
-665	-656	127
-660	-671	147
-656	-680	143
-656	-708	153
-657	-680	146
-650	-673	152
-641	-680	136
-653	-681	159
-671	-657	142
-680	-660	159
-677	-677	143
-658	-685	120
-645	-681	97
-653	-681	89
-672	-669	113
-679	-680	124
-660	-669	88
-656	-671	83
-680	-689	103
-684	-677	99
-665	-645	83
-676	-671	94
-684	-639	67
-668	-660	59
-652	-666	94
-666	-674	54
-681	-656	67
-676	-671	142
-673	-676	80
-656	-692	67
-652	-698	59
-649	-677	87
-671	-689	67
-668	-684	84
-671	-666	102
-665	-672	79
-660	-672	92
-661	-676	88
-663	-669	96
-653	-685	99
-657	-669	88
-660	-685	86
-669	-674	103
-673	-682	103
-660	-682	92
-650	-681	83
-656	-679	102
-666	-669	108
-680	-688	124
-673	-695	127
-669	-688	120
-653	-688	113
-664	-609	135
-661	-653	161
-665	-685	150
-674	-656	156
-665	-672	143
-661	-657	126
-665	-644	127
-680	-655	143
-679	-653	142
-680	-657	152
-669	-660	131
-663	-664	131
-663	-669	131
-661	-665	120
-664	-665	151
-672	-680	151
-668	-679	161
-665	-681	144
-661	-689	112
-667	-682	143
-706	-692	159
-729	-658	112
-701	-618	56
-649	-576	4
-664	-609	-8
-697	-656	64
-711	-644	79
-701	-640	80
-705	-610	78
-714	-640	83
-680	-601	67
-689	-641	48
-692	-647	136
-684	-692	167
-672	-669	151
-671	-664	159
-680	-669	143
-681	-663	152
-688	-669	156
-680	-665	152
-681	-642	115
-692	-632	140
-695	-644	176
-697	-653	185
-689	-616	156
-685	-676	201
-692	-596	203
-689	-634	216
-689	-668	231
-680	-637	235
-685	-620	223
-693	-641	214
-687	-601	216
-695	-656	228
-685	-647	211
-682	-628	153
-685	-637	169
-681	-649	176
-685	-660	179
-680	-657	176
-687	-637	163
-681	-644	179
-689	-629	152
-680	-669	150
-672	-665	140
-669	-649	159
-677	-652	140
-676	-664	140
-680	-644	143
-692	-635	126
-680	-663	131
-674	-682	121
-673	-656	111
-672	-677	167
-664	-653	158
-672	-658	139
-676	-656	158
-674	-660	135
-689	-642	136
-685	-642	158
-677	-661	131
-665	-665	139
-674	-649	120
-685	-660	143
-679	-657	135
-669	-666	140
-669	-680	140
-669	-653	124
-676	-665	103
-690	-656	115
-692	-642	113
-688	-653	120
-674	-650	124
-680	-647	100
-676	-666	113
-679	-660	120
-685	-668	115
-676	-672	110
-669	-661	119
-680	-660	119
-695	-636	96
-687	-654	135
-671	-671	127
-672	-664	108
-674	-660	115
-674	-663	116
-669	-671	104
-676	-656	143
-674	-656	152
-681	-665	140
-671	-661	131
-665	-671	145
-672	-676	159
-673	-647	150
-672	-674	132
-673	-669	155
-674	-652	176
-705	-644	168
-708	-628	195
-701	-653	199
-666	-623	143
-682	-628	87
-697	-636	162
-703	-636	228
-704	-645	152
-688	-663	142
-682	-653	167
-674	-653	166
-669	-656	145
-658	-657	191
-660	-685	195
-689	-616	196
-697	-618	196
-701	-624	199
-696	-637	198
-676	-631	179
-676	-655	176
-676	-657	200
-676	-648	193
-685	-640	185
-680	-637	187
-688	-628	176
-685	-674	184
-680	-663	169
-680	-648	174
-677	-648	184
-668	-642	185
-672	-655	168
-677	-663	152
-684	-655	169
-697	-637	163
-692	-637	164
-685	-644	167
-676	-648	172
-668	-656	168
-684	-649	176
-682	-666	188
-676	-657	187
-665	-673	174
-676	-661	195
-682	-647	209
-681	-639	156
-674	-664	179
-666	-648	158
-680	-703	230
-689	-655	216
-681	-621	156
-700	-621	127
-713	-623	131
-708	-604	78
-696	-642	96
-680	-656	79
-704	-601	62
-689	-639	172
-698	-625	134
-695	-644	155
-686	-621	163
-681	-668	207
-674	-669	182
-660	-681	192
-680	-621	190
-680	-615	233
-668	-623	217
-656	-660	212
-664	-685	193
-660	-680	231
-674	-665	231
-692	-664	230
-689	-633	215
-682	-660	235
-657	-672	280
-653	-637	262
-682	-644	246
-682	-636	248
-681	-621	224
-692	-616	216
-689	-615	236
-697	-624	206
-677	-648	252
-673	-628	214
-688	-629	251
-698	-609	220
-700	-624	228
-677	-636	240
-689	-634	236
-690	-613	233
-689	-633	230
-688	-618	209
-695	-626	236
-708	-612	232
-700	-622	227
-696	-632	214
-696	-616	231
-704	-615	216
-697	-624	216
-700	-628	232
-703	-615	223
-685	-639	224
-692	-617	222
-697	-625	220
-689	-617	230
-701	-624	231
-690	-633	224
-696	-628	207
-692	-633	224
-703	-618	233
-692	-628	233
-692	-618	209
-689	-632	224
-692	-624	222
-692	-647	232
-697	-621	215
-692	-634	224
-698	-617	220
-700	-626	223
-690	-621	225
-689	-628	224
-692	-628	222
-695	-621	228
-690	-633	233
-684	-637	216
-684	-645	220
-687	-636	230
-696	-621	238
-695	-616	217
-689	-625	224
-680	-641	224
-682	-639	230
-685	-630	235
-697	-616	224
-700	-603	217
-692	-623	227
-685	-660	263
-693	-621	234
-689	-640	248
-681	-637	243
-685	-636	246
-690	-645	265
-697	-597	240
-704	-592	214
-692	-621	233
-680	-633	248
-690	-626	238
-697	-618	230
-697	-620	235
-697	-613	231
-704	-609	240
-708	-618	231
-705	-625	233
-700	-626	230
-696	-617	224
-697	-624	220
-708	-609	192
-695	-620	223
-698	-601	199
-704	-625	215
-705	-629	217
-701	-621	220
-700	-616	208
-695	-628	208
-692	-626	215
-701	-616	212
-695	-628	220
-697	-616	203
-697	-628	207
-697	-624	224
-697	-624	208
-685	-640	216
-687	-625	215
-689	-629	215
-693	-628	204
-698	-623	208
-698	-640	217
-689	-672	239
-717	-543	163
-717	-648	188
-701	-620	184
-696	-624	212
-705	-621	199
-697	-636	193
-692	-626	188
-695	-625	185
-704	-621	199
-700	-624	211
-698	-633	195
-700	-624	184
-705	-616	192
-705	-628	192
-696	-633	195
-692	-631	187
-690	-633	184
-704	-620	195
-701	-628	195
-701	-631	193
-697	-631	183
-704	-633	168
-698	-621	156
-697	-641	156
-701	-618	142
-708	-625	147
-704	-632	156
-711	-626	160
-705	-625	182
-697	-616	167
-692	-637	179
-692	-628	167
-704	-615	182
-697	-633	172
-695	-645	167
-695	-632	151
-693	-641	172
-697	-620	156
-690	-621	167
-696	-628	142
-697	-637	152
-692	-641	174
-689	-653	147
-690	-637	148
-697	-621	167
-696	-631	150
-695	-648	176
-674	-648	161
-653	-633	152
-647	-641	143
-674	-658	158
-712	-653	168
-725	-641	147
-721	-633	156
-688	-655	155
-660	-672	135
-676	-658	127
-687	-640	140
-692	-644	140
-684	-644	140
-680	-645	137
-685	-653	140
-682	-649	143
-679	-658	140
-676	-667	144
-674	-665	139
-676	-660	145
-680	-660	144
-677	-669	143
-676	-653	140
-666	-655	142
-666	-672	140
-665	-673	137
-674	-673	143
-676	-660	143
-681	-665	145
-688	-663	152
-685	-656	156
-685	-649	144
-682	-648	144
-685	-644	151
-690	-642	152
-695	-644	153
-695	-641	156
-695	-644	156
-685	-648	160
-679	-640	159
-672	-637	156
-685	-652	156
-689	-660	176
-680	-648	175
-676	-656	172
-677	-655	176
-676	-653	180
-672	-653	187
-669	-660	185
-672	-656	184
-680	-649	184
-680	-648	179
-680	-642	179
-682	-640	185
-689	-642	187
-688	-645	183
-685	-648	188
-680	-634	182
-680	-639	184
-687	-637	188
-688	-645	188
-680	-641	184
-687	-640	187
-689	-644	177
-688	-637	180
-688	-641	180
-687	-644	185
-687	-640	188
-690	-633	183
-687	-640	183
-680	-642	188
-672	-648	182
-676	-656	184
-677	-665	184
-674	-656	188
-674	-649	179
-682	-648	176
-688	-642	177
-682	-640	177
-684	-648	184
-680	-652	179
-677	-653	179
-680	-650	179
-673	-652	179
-681	-649	176
-685	-645	184
-685	-642	177
-688	-652	176
-680	-647	176
-684	-640	176
-684	-653	183
-680	-657	179
-674	-653	183
-669	-656	188
-669	-658	188
-671	-653	183
-672	-652	179
-676	-656	184
-676	-656	182
-679	-653	182
-677	-656	184
-677	-658	188
-672	-664	185
-677	-656	176
-676	-653	179
-680	-648	175
-685	-644	179
-685	-648	176
-684	-645	172
-685	-644	169
-685	-647	172
-687	-642	172
-685	-647	175
-680	-648	167
-689	-639	172
-682	-648	176
-685	-653	172
-682	-650	176
-685	-653	177
-680	-648	176
-680	-649	174
-687	-656	174
-679	-653	172
-672	-649	182
-679	-655	176
-676	-650	176
-674	-656	172
-674	-656	176
-680	-648	174
-674	-653	176
-676	-658	175
-673	-656	174
-676	-650	176
-676	-653	176
-676	-658	174
-679	-653	176
-680	-655	172
-682	-649	175
-676	-660	174
-692	-640	175
-688	-642	176
-681	-649	177
-688	-649	176
-688	-639	179
-680	-647	179
-681	-649	183
-676	-653	179
-682	-642	172
-684	-644	174
-685	-653	179
-681	-647	182
-681	-648	182
-680	-648	179
-673	-656	183
-677	-656	190
-677	-650	184
-679	-650	188
-676	-656	192
-680	-641	190
-684	-642	190
-676	-648	195
-676	-650	195
-679	-652	191
-682	-650	192
-676	-658	199
-680	-645	196
-673	-655	195
-674	-650	199
-681	-639	201
-681	-644	198
-676	-648	193
-685	-641	195
-669	-660	195
-679	-656	204
-680	-644	184
-677	-644	184
-680	-656	198
-666	-668	195
-673	-633	176
-679	-653	192
-689	-648	188
-676	-648	192
-676	-658	182
-680	-656	193
-679	-647	184
-680	-653	192
-680	-650	193
-674	-650	192
-674	-652	184
-672	-660	183
-669	-657	196
-676	-647	192
-674	-656	199
-669	-665	188
-674	-650	191
-681	-653	192
-672	-653	188
-672	-648	192
-674	-658	191
-672	-652	190
-663	-665	193
-672	-655	191
-672	-663	192
-672	-657	188
-674	-656	192
-676	-648	192
-672	-658	188
-673	-663	192
-674	-658	198
-674	-655	188
-676	-652	185
-676	-657	192
-674	-649	184
-671	-669	192
-663	-661	183
-676	-645	187
-681	-653	195
-674	-658	183
-664	-664	180
-671	-660	190
-672	-653	188
-669	-660	191
-672	-665	193
-669	-666	182
-669	-666	164
-676	-656	176
-673	-653	179
-669	-656	183
-677	-656	177
-673	-660	180
-682	-650	172
-674	-660	176
-676	-652	172
-676	-653	172
-674	-653	171
-681	-656	185
-672	-653	175
-672	-648	174
-673	-653	179
-680	-657	183
-676	-656	182
-676	-650	179
-679	-650	185
-676	-656	185
-672	-656	179
-672	-657	177
-676	-650	176
-672	-664	185
-666	-665	172
-684	-634	188
-685	-641	192
-682	-647	188
-680	-648	184
-681	-648	187
-680	-648	184
-682	-647	182
-680	-647	177
-687	-640	183
-680	-653	183
-680	-648	191
-682	-644	184
-679	-649	182
-685	-644	187
-682	-648	185
-680	-647	179
-682	-647	188
-680	-648	185
-672	-656	182
-673	-655	184
-677	-656	184
-676	-656	184
-681	-647	188
-685	-652	184
-672	-653	176
-677	-650	182
-672	-656	195
-680	-644	191
-677	-656	188
-677	-656	187
-676	-648	190
-672	-660	185
-676	-657	187
-676	-656	182
-673	-655	179
-677	-653	182
-677	-650	188
-679	-648	188
-674	-660	188
-672	-653	184
-676	-656	183
-680	-650	188
-682	-652	176
-669	-661	167
-676	-650	171
-676	-661	172
-676	-653	176
-681	-652	182
-679	-655	166
-674	-660	174
-681	-649	176
-680	-648	176
-682	-639	175
-681	-652	184
-680	-649	179
-680	-650	182
-682	-640	175
-679	-657	184
-682	-636	175
-685	-655	184
-680	-655	172
-680	-642	183
-679	-653	180
-676	-655	176
-678	-656	180
-684	-655	179
-689	-641	177
-676	-650	184
-680	-644	184
-697	-621	179
-687	-637	204
-664	-680	195
-657	-679	182
-680	-639	196
-688	-647	199
-679	-650	184
-672	-653	179
-676	-656	185
-678	-657	188
-681	-657	179
-681	-644	176
-681	-644	175
-680	-644	167
-672	-660	167
-676	-649	172
-685	-644	174
-672	-660	172
-676	-648	166
-685	-644	163
-685	-641	167
-680	-656	171
-676	-650	164
-676	-655	174
-674	-655	176
-674	-656	168
-680	-649	177
-680	-649	182
-677	-649	188
-677	-653	179
-669	-656	179
-676	-653	182
-672	-650	176
-672	-655	184
-673	-658	180
-673	-653	179
-674	-649	180
-674	-655	177
-674	-655	176
-676	-655	176
-680	-653	179
-677	-648	176
-680	-649	172
-685	-650	176
-680	-655	176
-676	-655	176
-680	-655	176
-679	-653	172
-682	-653	176
-680	-652	175
-680	-655	171
-677	-650	172
-674	-653	180
-673	-656	179
-673	-657	177
-672	-656	182
-674	-656	176
-673	-656	168
-676	-652	175
-676	-656	175
-674	-656	176
-673	-653	176
-674	-650	176
-676	-652	176
-673	-653	175
-679	-650	172
-680	-649	172
-677	-648	172
-677	-653	179
-679	-656	172
-679	-653	172
-676	-658	176
-673	-656	167
-679	-656	171
-682	-652	171
-682	-652	172
-677	-650	172
-677	-648	170
-679	-649	176
-676	-653	172
-676	-656	176
-676	-660	176
-676	-656	176
-674	-653	172
-672	-660	177
-676	-658	182
-672	-656	175
-680	-653	175
-677	-657	176
-677	-648	172
-681	-647	177
-680	-653	168
-676	-649	167
-679	-653	175
-676	-653	180
-676	-652	174
-676	-655	180
-674	-658	175
-669	-655	177
-669	-655	177
-676	-653	176
-676	-656	179
-676	-656	176
-674	-650	175
-674	-652	176
-676	-653	179
-681	-648	183
-673	-658	176
-673	-655	179
-672	-653	180
-672	-656	177
-680	-655	179
-676	-655	176
-672	-656	177
-676	-655	176
-673	-653	175
-676	-653	175
-676	-655	178
-676	-656	179
-680	-655	176
-675	-656	176
-674	-660	176
-672	-652	174
-672	-655	172
-672	-657	174
-676	-653	172
-676	-653	179
-679	-656	172
-677	-655	168
-682	-656	171
-682	-652	175
-680	-655	172
-680	-655	176
-674	-656	175
-679	-653	176
-677	-653	172
-677	-656	172
-674	-655	174
-674	-657	176
-672	-655	176
-676	-656	177
-680	-657	179
-679	-656	176
-669	-653	176
-674	-655	176
-676	-653	180
-681	-650	174
-674	-653	174
-676	-657	182
-674	-656	176
-674	-656	171
-674	-656	177
-676	-653	177
-679	-656	179
-672	-660	179
-674	-656	177
-672	-655	176
-672	-656	179
-676	-653	183
-676	-656	182
-676	-650	176
-677	-653	179
-676	-657	175
-676	-656	176
-679	-658	175
-677	-660	179
-676	-654	179
-672	-657	168
-674	-658	175
-672	-656	172
-674	-656	175
-677	-653	169
-676	-657	171
-680	-653	175
-680	-653	174
-680	-656	172
-679	-656	175
-688	-650	179
-674	-655	182
-672	-655	177
-677	-658	172
-674	-655	176
-677	-653	176
-680	-653	172
-676	-658	171
-676	-656	174
-676	-657	176
-671	-656	182
-672	-656	179
-673	-653	176
-674	-653	179
-676	-653	176
-676	-653	182
-672	-653	176
-673	-656	172
-674	-660	176
-676	-656	177
-674	-655	175
-672	-656	174
-672	-653	176
-673	-657	175
-669	-656	179
-674	-658	176
-672	-656	175
-672	-656	183
-674	-660	180
-676	-656	174
-676	-653	180
-676	-656	171
-672	-656	180
-676	-656	176
-676	-648	176
-675	-650	176
-677	-656	179
-676	-655	175
-677	-656	175
-672	-656	179
-673	-653	176
-676	-653	174
-673	-653	176
-676	-653	179
-676	-656	179
-676	-649	176
-676	-653	176
-672	-661	177
-674	-658	179
-674	-656	176
-673	-653	182
-672	-660	179
-673	-656	179
-674	-657	176
-672	-656	175
-668	-663	179
-672	-658	172
-673	-658	179
-671	-655	177
-673	-658	179
-676	-653	176
-673	-656	172
-673	-660	179
-669	-657	175
-668	-656	172
-672	-660	171
-666	-653	172
-678	-657	174
-676	-657	177
-680	-655	176
-680	-656	176
-674	-650	177
-674	-650	174
-674	-655	176
-676	-653	174
-673	-653	179
-672	-656	176
-674	-657	176
-671	-656	175
-676	-658	172
-672	-656	175
-672	-660	175
-673	-656	175
-669	-656	175
-672	-660	177
-676	-663	179
-672	-657	179
-676	-660	179
-672	-657	175
-672	-660	175
-673	-660	180
-673	-656	180
-674	-658	176
-676	-665	176
-673	-660	176
-666	-658	176
-672	-661	174
-672	-660	180
-673	-657	188
-669	-656	176
-669	-658	172
-669	-660	174
-673	-658	182
-672	-656	179
-669	-656	176
-672	-657	175
-672	-655	176
-672	-660	169
-674	-656	175
-669	-657	176
-669	-661	176
-672	-660	174
-669	-656	171
-672	-665	174
-669	-660	179
-669	-655	176
-672	-660	176
-672	-661	174
-672	-658	174
-680	-660	175
-677	-653	175
-673	-658	179
-673	-658	175
-671	-658	175
-669	-663	182
-668	-658	174
-669	-660	172
-668	-657	172
-669	-656	177
-669	-653	176
-669	-657	167
-672	-661	176
-676	-660	174
-674	-655	176
-676	-658	172
-676	-656	168
-672	-656	179
-672	-657	182
-672	-658	179
-669	-660	172
-673	-665	172
-669	-660	176
-665	-660	179
-669	-658	175
-676	-660	172
-672	-656	172
-676	-655	177
-677	-656	179
-677	-656	176
-673	-656	175
-676	-656	174
-673	-653	176
-672	-657	171
-672	-660	179
-672	-660	180
-672	-656	176
-680	-656	176
-672	-657	176
-671	-656	176
-672	-658	175
-674	-658	176
-672	-659	176
-673	-656	176
-679	-655	176
-679	-656	183
-671	-656	174
-676	-653	176
-680	-647	172
-676	-655	169
-676	-656	176
-676	-656	171
-676	-656	168
-676	-655	168
-676	-655	167
-680	-653	172
-680	-656	171
-674	-653	172
-680	-653	172
-676	-655	174
-680	-656	175
-674	-658	174
-676	-658	176
-676	-653	172
-676	-653	174
-672	-657	176
-680	-653	176
-674	-656	177
-674	-656	174
-672	-656	174
-676	-650	176
-674	-655	174
-678	-655	176
-674	-656	176
-672	-658	182
-677	-656	179
-676	-653	176
-673	-658	172
-669	-649	175
-676	-656	172
-676	-658	176
-673	-660	176
-673	-658	168
-676	-655	174
-674	-657	172
-672	-655	168
-679	-655	172
-671	-656	171
-672	-656	174
-676	-658	179
-674	-653	174
-674	-656	176
-677	-660	172
-673	-653	172
-676	-651	174
-672	-658	171
-672	-657	171
-672	-657	172
-676	-656	174
-677	-647	167
-676	-653	171
-679	-650	176
-680	-657	172
-672	-657	179
-676	-656	183
-669	-656	175
-673	-658	184
-672	-657	183
-669	-655	183
-674	-653	177
-676	-657	180
-673	-653	177
-676	-656	184
-676	-655	183
-677	-653	188
-691	-649	187
-680	-653	188
-673	-652	188
-676	-653	185
-672	-648	187
-673	-653	188
-669	-653	188
-674	-650	192
-677	-648	190
-676	-648	191
-677	-656	183
-668	-658	179
-676	-655	176
-677	-656	184
-680	-653	183
-676	-652	187
-672	-656	184
-673	-660	183
-671	-653	179
-669	-652	177
-672	-657	171
-673	-655	167
-676	-656	176
-679	-657	179
-676	-653	176
-679	-655	172
-680	-653	177
-676	-656	176
-672	-657	172
-673	-656	169
-674	-658	179
-674	-655	176
-676	-655	179
-676	-652	184
-680	-653	183
-680	-653	176
-684	-653	179
-676	-653	183
-681	-649	180
-679	-645	179
-679	-652	183
-674	-655	182
-674	-655	188
-676	-650	187
-671	-656	180
-674	-655	179
-673	-655	184
-676	-655	184
-672	-656	183
-676	-656	182
-673	-650	176
-674	-655	183
-673	-656	179
-679	-655	182
-676	-653	177
-676	-655	179
-674	-649	183
-674	-653	179
-676	-653	179
-672	-652	179
-674	-653	179
-677	-649	179
-672	-656	179
-679	-649	182
-673	-650	176
-677	-652	183
-679	-656	182
-679	-653	179
-680	-655	179
-679	-657	188
-674	-655	184
-674	-649	176
-677	-658	176
-673	-656	188
-673	-660	183
-677	-655	188
-676	-655	187
-672	-656	188
-671	-664	191
-672	-650	182
-673	-656	183
-673	-657	182
-674	-656	185
-672	-658	184
-676	-655	184
-676	-656	183
-681	-657	179
-676	-656	177
-674	-656	187
-681	-652	179
-672	-656	183
-672	-660	182
-671	-663	180
-669	-661	188
-674	-655	179
-671	-656	174
-673	-656	184
-676	-653	184
-674	-656	184
-672	-653	179
-672	-656	179
-672	-658	179
-671	-656	182
-671	-655	179
-672	-655	182
-672	-656	184
-669	-658	176
-671	-656	182
-676	-653	179
-680	-653	179
-674	-656	183
-679	-653	179
-677	-655	179
-676	-657	182
-673	-660	184
-673	-656	176
-669	-657	179
-673	-653	183
-676	-651	183
-676	-649	179
-676	-656	179
-679	-653	176
-676	-653	177
-676	-655	184
-676	-657	177
-677	-652	175
-676	-653	176
-680	-656	179
-680	-656	174
-680	-653	176
-680	-653	175
-676	-656	179
-680	-649	180
-676	-653	179
-669	-653	176
-676	-655	179
-673	-657	177
-673	-653	182
-679	-655	182
-674	-660	179
-676	-653	177
-676	-656	183
-674	-657	184
-676	-657	179
-679	-656	184
-674	-656	183
-676	-653	179
-680	-653	179
-676	-656	176
-676	-656	179
-673	-657	178
-672	-649	180
-676	-649	184
-672	-656	179
-676	-658	180
-671	-656	180
-672	-663	188
-676	-658	180
-676	-655	184
-676	-658	179
-674	-656	177
-676	-653	182
-676	-648	175
-676	-656	174
-679	-656	180
-676	-657	176
-679	-657	179
-681	-653	184
-673	-657	182
-669	-660	184
-676	-656	180
-676	-657	184
-674	-656	184
-673	-658	183
-671	-656	183
-676	-656	184
-673	-657	184
-676	-660	179
-672	-657	184
-669	-658	188
-665	-663	179
-669	-664	184
-666	-660	188
-665	-664	179
-666	-664	184
-671	-660	183
-669	-660	188
-668	-664	184
-671	-657	182
-672	-664	177
-672	-664	185
-670	-660	188
-672	-658	183
-672	-661	184
-669	-661	184
-669	-657	184
-668	-657	184
-669	-660	184
-671	-660	182
-676	-660	182
-669	-656	182
-672	-660	184
-676	-658	179
-672	-656	182
-674	-660	179
-672	-653	179
-671	-656	182
-672	-656	176
-672	-656	174
-672	-660	179
-669	-660	182
-671	-656	174
-672	-660	184
-671	-660	183
-672	-664	184
-671	-664	184
-672	-658	176
-674	-656	177
-673	-657	180
-672	-660	184
-672	-649	183
-672	-656	177
-672	-657	179
-673	-653	177
-674	-656	176
-672	-653	174
-677	-656	183
-680	-653	176
-679	-652	179
-674	-650	179
-676	-653	174
-672	-661	179
-669	-655	182
-671	-656	184
-674	-661	182
-668	-663	179
-672	-660	179
-671	-657	179
-673	-656	179
-672	-660	179
-674	-653	182
-673	-656	179
-672	-653	180
-669	-656	184
-674	-658	179
-677	-656	183
-672	-658	179
-672	-655	184
-673	-657	184
-666	-660	177
-668	-661	179
-671	-653	182
-671	-660	182
-669	-660	182
-669	-660	179
-672	-656	187
-671	-660	183
-672	-660	182
-669	-663	183
-672	-660	190
-672	-658	183
-669	-663	182
-673	-653	177
-669	-658	187
-671	-663	179
-672	-660	184
-672	-658	182
-672	-657	177
-672	-658	179
-669	-660	179
-674	-653	180
-671	-661	176
-672	-657	179
-676	-660	179
-669	-656	184
-671	-658	177
-671	-661	175
-676	-656	179
-671	-663	177
-671	-660	175
-674	-660	183
-676	-656	172
-671	-653	175
-669	-656	175
-676	-656	174
-672	-660	176
-669	-664	179
-669	-665	179
-669	-658	176
-669	-660	179
-669	-666	176
-670	-658	175
-669	-658	172
-676	-660	174
-671	-656	175
-671	-657	172
-673	-657	167
-677	-653	167
-672	-656	172
-672	-660	169
-674	-660	176
-674	-656	168
-674	-656	172
-676	-656	168
-676	-657	166
-676	-655	169
-677	-656	175
-676	-658	169
-674	-660	166
-672	-660	168
-677	-663	169
-676	-655	172
-672	-666	175
-676	-656	172
-676	-657	175
-676	-655	175
-672	-657	176
-669	-660	177
-676	-660	182
-666	-655	176
-669	-660	182
-669	-660	184
-665	-663	184
-663	-663	177
-671	-663	172
-672	-660	179
-671	-656	177
-669	-661	182
-672	-656	183
-672	-653	176
-676	-658	176
-672	-656	182
-671	-657	179
-674	-652	182
-672	-658	176
-671	-660	182
-671	-655	180
-672	-653	179
-676	-653	175
-680	-655	180
-680	-647	182
-680	-650	169
-682	-649	172
-684	-653	172
-688	-648	172
-682	-648	174
-679	-647	164
-679	-652	167
-680	-648	167
-682	-647	163
-685	-648	168
-677	-650	167
-679	-653	169
-680	-648	172
-680	-649	168
-679	-653	163
-676	-648	169
-677	-649	168
-676	-650	163
-673	-657	167
-676	-657	172
-673	-663	169
-672	-660	163
-672	-657	160
-673	-656	160
-676	-657	163
-674	-660	166
-672	-661	167
-671	-664	161
-673	-666	166
-669	-666	159
-666	-665	167
-669	-668	167
-666	-672	161
-666	-658	163
-665	-664	168
-671	-666	171
-664	-660	168
-663	-668	172
-668	-665	167
-665	-664	168
-669	-660	176
-666	-664	168
-669	-664	172
-671	-664	174
-668	-660	176
-669	-658	176
-669	-669	177
-664	-658	172
-665	-664	172
-665	-666	166
-669	-660	172
-666	-661	167
-672	-660	167
-669	-663	166
-669	-653	168
-676	-656	169
-680	-653	171
-674	-657	168
-679	-653	167
-679	-653	169
-672	-655	172
-679	-653	172
-672	-653	172
-674	-658	171
-672	-663	175
-669	-660	172
-672	-661	171
-671	-664	167
-672	-660	171
-673	-663	172
-671	-658	167
-674	-656	172
-676	-656	172
-669	-664	175
-669	-656	166
-672	-657	167
-674	-656	168
-666	-657	175
-672	-660	174
-671	-665	172
-668	-660	168
-671	-660	172
-669	-666	168
-672	-658	171
-669	-661	168
-669	-663	169
-669	-660	167
-673	-660	168
-669	-660	167
-672	-661	167
-666	-665	163
-671	-663	166
-673	-660	176
-672	-664	172
-672	-665	169
-672	-660	172
-672	-663	168
-671	-661	175
-673	-660	169
-666	-660	167
-668	-665	172
-669	-664	168
-669	-661	164
-669	-666	167
-672	-660	172
-672	-657	172
-669	-665	167
-671	-660	168
-673	-657	172
-672	-657	167
-669	-663	171
-672	-657	167
-673	-664	163
-672	-661	164
-671	-657	167
-672	-658	167
-668	-663	163
-672	-665	169
-672	-665	167
-671	-660	167
-666	-663	168
-672	-666	169
-669	-661	163
-671	-658	167
-673	-663	164
-674	-663	163
-677	-661	161
-688	-658	168
-673	-658	163
-673	-658	166
-673	-660	167
-674	-656	167
-673	-660	164
-672	-660	168
-672	-664	169
-669	-660	167
-672	-653	167
-669	-669	179
-680	-669	163
-687	-664	193
-696	-650	184
-705	-621	199
-703	-650	179
-704	-656	185
-717	-666	199
-714	-673	193
-744	-633	200
-730	-596	199
-705	-584	152
-721	-597	120
-647	-673	111
-777	-682	87
-722	-703	3
-756	-831	-56
-672	-804	-20
-632	-655	-77
-658	-616	-52
-663	-564	67
-604	-592	79
-576	-708	76
-601	-722	63
-605	-696	64
-618	-714	120
-610	-717	127
-575	-745	147
-557	-797	192
-578	-784	159
-633	-788	147
-644	-733	137
-601	-700	144
-570	-743	167
-561	-797	183
-516	-802	172
-472	-861	143
-352	-792	131
-151	-744	88
-1	-775	1
103	-737	-64
12	-897	-48
-193	-1033	118
-349	-1053	136
-482	-1077	190
-492	-1288	216
-304	-1077	142
-186	-1053	127
-125	-978	97
-116	-937	124
-26	-772	3
24	-1007	11
142	-978	100
143	-937	199
131	-900	182
131	-909	116
100	-937	163
132	-996	132
174	-944	78
176	-936	89
166	-937	120
166	-991	160
159	-929	140
167	-944	104
161	-961	102
169	-949	102
184	-952	83
168	-944	103
124	-936	126
88	-938	159
127	-975	116
153	-964	115
159	-952	113
156	-953	96
158	-967	100
152	-956	102
143	-944	115
147	-953	108
147	-960	112
138	-964	124
121	-957	118
129	-960	106
126	-957	102
123	-949	105
126	-945	112
127	-951	103
123	-953	115
124	-953	112
120	-977	113
120	-959	104
120	-948	103
112	-956	112
113	-961	105
110	-957	96
102	-953	100
103	-938	83
108	-968	86
110	-980	84
111	-968	83
103	-961	78
100	-961	76
104	-956	71
96	-961	71
94	-957	71
96	-961	75
95	-957	79
99	-959	65
94	-961	70
94	-957	68
96	-964	71
105	-961	65
105	-951	56
91	-952	80
89	-959	73
86	-978	86
81	-965	71
70	-953	83
64	-962	96
65	-953	87
60	-957	89
63	-948	81
75	-957	79
71	-968	67
78	-968	57
88	-964	56
82	-968	63
87	-959	51
80	-961	57
88	-948	35
92	-968	44
91	-961	50
92	-961	33
84	-957	28
81	-964	41
91	-967	36
88	-969	28
86	-945	27
87	-962	31
99	-961	24
96	-968	16
87	-957	33
75	-954	43
80	-961	27
79	-967	31
81	-964	39
97	-957	30
103	-951	32
86	-953	51
86	-961	44
88	-968	48
91	-968	44
88	-957	28
78	-954	33
81	-967	35
81	-954	28
78	-961	31
81	-962	35
83	-961	40
88	-957	32
90	-961	25
88	-964	24
87	-964	27
88	-961	31
79	-964	28
86	-968	28
86	-964	24
87	-957	24
84	-959	23
83	-957	30
89	-964	28
83	-964	23
80	-967	30
88	-961	23
86	-967	25
87	-957	35
88	-961	27
83	-961	31
87	-960	31
88	-959	30
83	-961	28
94	-961	24
95	-957	28
96	-964	17
89	-956	22
86	-961	35
91	-957	27
95	-951	24
89	-960	23
94	-961	24
92	-964	24
92	-953	17
94	-953	12
91	-957	14
92	-961	11
92	-961	3
92	-964	6
91	-962	3
92	-961	7
92	-960	15
92	-956	7
95	-957	8
99	-960	3
94	-960	4
94	-961	7
94	-964	4
83	-968	12
83	-962	4
88	-964	3
96	-960	7
95	-964	8
89	-964	8
79	-954	6
80	-964	12
79	-968	22
71	-959	24
92	-954	12
79	-962	19
87	-969	12
83	-953	14
88	-962	15
94	-960	18
92	-959	19
94	-957	23
97	-961	19
95	-957	15
94	-954	15
92	-957	15
92	-961	15
92	-962	19
92	-961	15
89	-953	16
89	-957	16
89	-961	14
92	-957	12
96	-957	6
92	-959	8
91	-964	8
94	-953	19
92	-961	19
89	-954	14
89	-959	14
86	-956	9
92	-964	9
89	-962	15
89	-962	14
89	-956	7
88	-953	11
95	-962	11
92	-961	8
94	-960	7
92	-957	11
92	-964	8
96	-959	14
94	-964	15
94	-957	12
100	-961	12
97	-957	12
97	-956	12
96	-960	9
96	-961	4
94	-964	8
92	-964	7
92	-961	7
96	-962	15
94	-962	9
96	-967	8
89	-957	6
92	-961	15
96	-959	9
94	-957	12
92	-961	15
92	-957	12
95	-961	12
92	-959	11
96	-959	11
99	-954	12
94	-957	12
96	-960	14
96	-961	12
95	-961	12
100	-957	15
99	-957	12
99	-959	12
103	-962	17
99	-960	9
103	-954	12
108	-952	8
103	-947	8
94	-959	12
88	-961	12
96	-961	11
94	-957	7
92	-961	12
94	-961	9
96	-962	3
92	-964	8
95	-961	8
99	-961	6
99	-959	4
97	-960	4
92	-960	12
96	-957	4
96	-959	9
88	-954	7
88	-957	7
91	-962	7
92	-961	7
92	-967	9
97	-962	8
95	-962	12
99	-964	9
97	-961	4
99	-959	8
99	-959	3
99	-957	7
100	-961	8
95	-961	12
95	-960	14
96	-964	12
92	-954	11
92	-960	12
96	-961	11
92	-961	14
94	-960	17
94	-956	12
92	-961	10
92	-957	15
100	-957	12
103	-960	12
100	-957	17
99	-964	12
99	-960	15
99	-964	16
96	-964	14
94	-956	15
96	-964	14
95	-964	15
96	-952	7
89	-957	15
94	-957	12
94	-960	15
94	-956	20
94	-961	7
97	-961	12
99	-961	14
96	-964	12
94	-960	4
102	-957	14
99	-961	12
94	-957	0
91	-957	4
92	-959	12
99	-956	4
94	-959	4
99	-957	7
100	-962	11
99	-961	12
97	-960	11
99	-961	6
103	-962	8
99	-961	7
97	-962	6
99	-959	7
102	-961	11
96	-960	3
99	-960	-1
99	-965	4
97	-960	3
99	-957	-2
99	-960	-1
100	-957	-4
102	-957	4
100	-960	6
96	-964	6
99	-962	-1
99	-959	1
97	-960	3
103	-961	7
97	-960	3
99	-957	3
95	-956	-1
94	-961	1
97	-961	3
99	-957	3
97	-959	1
102	-961	-1
96	-961	-4
102	-961	1
94	-957	3
92	-957	7
99	-961	4
100	-960	3
96	-963	7
97	-962	8
96	-961	6
94	-960	7
100	-959	3
97	-959	-2
99	-957	-1
92	-959	3
92	-953	-4
95	-959	0
94	-964	3
92	-962	8
94	-962	4
95	-960	1
96	-960	-2
97	-957	-2
99	-960	-4
94	-961	3
96	-957	-1
99	-960	-7
88	-961	-7
95	-962	-4
80	-961	-4
88	-965	-4
91	-959	-2
92	-964	-2
88	-968	-4
94	-961	-9
96	-961	-4
99	-961	0
92	-956	3
96	-962	-1
94	-961	-5
89	-957	0
92	-961	-4
92	-961	7
88	-957	6
89	-961	1
86	-964	3
88	-954	-1
92	-963	8
94	-964	3
94	-961	6
94	-957	3
95	-965	4
102	-961	11
96	-962	8
92	-959	8
94	-960	9
94	-961	6
92	-957	6
91	-959	6
89	-961	8
92	-961	1
88	-960	4
94	-957	3
94	-960	7
95	-962	6
100	-962	3
99	-961	7
100	-961	6
97	-957	6
102	-960	12
99	-964	8
97	-956	4
96	-957	7
95	-961	1
97	-962	11
99	-961	9
102	-957	7
95	-957	3
95	-951	-1
97	-960	7
103	-957	4
99	-960	7
95	-959	7
96	-957	7
92	-967	7
97	-957	3
99	-957	0
102	-954	7
97	-957	-1
103	-961	7
99	-962	7
99	-960	-2
95	-959	-1
96	-962	7
96	-957	8
94	-961	3
96	-967	-1
99	-960	7
96	-957	1
96	-959	1
92	-957	-2
91	-959	1
96	-957	-2
95	-961	-2
97	-959	-4
95	-961	0
94	-964	1
99	-962	-1
94	-959	0
99	-959	3
100	-962	-4
96	-961	-4
96	-957	-8
97	-960	-1
96	-961	-2
99	-960	1
99	-961	-4
97	-961	-5
100	-961	-4
100	-961	-4
96	-953	-5
95	-957	7
99	-957	4
103	-961	0
97	-959	-4
92	-954	-4
103	-953	-1
99	-956	-5
99	-960	-1
96	-960	-2
99	-960	-4
99	-960	-1
96	-957	-1
99	-960	-2
99	-963	1
99	-961	1
99	-961	1
97	-961	3
99	-961	6
99	-957	-2
96	-961	3
95	-961	3
92	-961	3
94	-961	8
95	-961	3
88	-960	4
92	-964	7
91	-960	7
92	-964	7
89	-960	9
97	-961	7
95	-953	7
96	-961	7
95	-959	12
97	-957	14
94	-961	15
97	-957	12
92	-961	15
92	-956	12
96	-961	15
92	-961	12
95	-961	16
91	-968	16
97	-973	17
97	-960	19
96	-964	31
89	-962	25
99	-957	11
92	-957	12
83	-970	11
75	-959	20
73	-928	-8
51	-951	43
15	-932	103
-61	-919	126
-129	-836	108
-167	-781	137
-146	-743	134
-144	-729	115
-173	-741	60
-228	-848	44
-221	-937	95
-277	-1056	120
-418	-913	185
-436	-952	240
-605	-1010	79
-661	-946	49
-716	-887	158
-786	-737	356
-839	-476	575
-776	-386	607
-800	-424	478
-817	-391	620
-704	-362	520
-679	-423	475
-655	-336	483
-743	-314	535
-817	-261	625
-916	-199	681
-925	-165	755
-904	-128	703
-921	-181	668
-881	-199	716
-817	-193	752
-724	-218	800
-644	-271	816
-592	-313	831
-549	-349	854
-484	-391	891
-434	-397	903
-349	-456	935
-279	-472	919
-207	-481	903
-161	-447	851
-106	-474	847
-50	-449	847
-26	-441	855
39	-373	875
83	-404	897
112	-441	889
112	-460	892
135	-434	863
163	-402	816
187	-448	827
163	-516	856
180	-594	908
176	-591	899
176	-521	944
156	-480	945
135	-468	960
137	-461	984
120	-441	1016
124	-418	1038
136	-392	1031
147	-340	993
108	-316	990
140	-308	988
176	-305	910
231	-333	908
228	-441	943
312	-497	979
284	-428	1027
284	-389	990
323	-439	891
339	-388	875
312	-303	918
295	-290	977
316	-327	929
356	-365	851
372	-362	755
377	-369	820
355	-372	895
334	-528	963
326	-497	1000
302	-554	959
283	-524	870
284	-500	824
310	-519	855
328	-537	854
348	-567	824
359	-580	774
396	-573	740
403	-581	743
399	-594	750
391	-648	758
406	-637	726
396	-615	692
395	-636	681
395	-658	695
383	-668	691
391	-656	689
393	-665	700
422	-685	702
431	-664	663
415	-676	684
412	-647	702
411	-629	684
415	-642	691
432	-645	688
435	-640	718
435	-620	700
425	-604	695
441	-593	691
444	-596	708
444	-580	707
447	-569	696
464	-589	704
455	-602	707
444	-580	712
447	-573	700
455	-584	724
456	-591	737
448	-589	736
444	-581	719
444	-576	720
454	-567	724
455	-564	729
454	-572	739
455	-559	727
463	-556	734
463	-560	739
463	-573	728
463	-559	711
465	-560	716
463	-565	728
470	-567	732
478	-568	726
475	-569	711
465	-553	718
467	-557	716
473	-569	719
476	-577	719
473	-569	723
470	-567	713
481	-561	707
480	-564	703
487	-575	704
480	-576	704
483	-580	697
480	-576	704
483	-576	702
476	-584	702
472	-593	688
467	-585	686
471	-589	691
467	-593	699
457	-592	695
452	-589	696
460	-589	702
467	-589	707
471	-584	707
467	-591	703
468	-589	700
471	-592	700
467	-584	697
476	-591	696
470	-593	703
467	-584	696
471	-594	688
472	-591	688
476	-592	691
478	-592	688
476	-596	688
479	-594	691
476	-592	686
480	-589	688
473	-592	686
472	-593	678
473	-596	680
473	-599	684
480	-602	695
476	-601	684
476	-593	686
472	-592	687
471	-592	691
472	-592	688
467	-591	691
471	-602	696
467	-594	689
467	-593	689
470	-599	691
472	-601	687
471	-589	680
470	-594	691
475	-596	696
470	-589	688
472	-599	691
468	-594	688
463	-589	684
465	-596	688
470	-597	688
468	-600	694
472	-589	689
468	-596	689
472	-596	689
492	-586	689
473	-604	689
472	-600	686
472	-605	684
464	-605	681
468	-595	686
472	-596	681
473	-605	683
476	-597	679
478	-601	678
480	-604	678
488	-607	684
480	-610	680
476	-607	671
480	-604	672
480	-605	671
476	-602	675
476	-605	681
476	-597	684
480	-609	687
480	-610	679
480	-600	673
478	-597	670
480	-601	672
472	-599	671
465	-600	678
480	-609	687
472	-612	686
475	-604	679
472	-600	663
478	-600	663
472	-601	664
476	-599	670
476	-609	672
479	-607	679
484	-604	679
481	-600	675
479	-604	680
476	-602	680
480	-601	672
478	-596	672
472	-596	675
473	-601	679
481	-602	671
476	-602	671
475	-609	665
478	-605	671
481	-602	667
483	-616	664
480	-607	667
472	-609	663
481	-605	664
480	-608	660
483	-615	659
479	-616	664
480	-617	675
480	-618	660
476	-613	663
480	-610	659
478	-609	662
486	-618	664
484	-610	660
486	-610	664
486	-609	663
480	-612	670
483	-616	665
480	-616	662
480	-625	664
480	-610	663
486	-615	664
483	-613	660
484	-616	664
483	-616	659
481	-610	659
483	-607	660
488	-616	664
486	-609	655
487	-609	665
492	-608	659
481	-609	663
483	-609	668
483	-610	665
489	-616	664
484	-608	667
480	-609	656
484	-610	652
488	-610	663
486	-609	656
488	-608	662
487	-608	665
487	-610	663
481	-605	665
483	-609	668
484	-605	670
486	-605	657
494	-608	664
489	-605	657
492	-601	659
491	-604	655
496	-612	655
494	-610	656
496	-612	655
499	-613	654
496	-609	647
492	-612	656
492	-613	652
494	-618	646
492	-616	647
491	-609	644
496	-616	646
491	-615	643
495	-616	649
495	-617	654
488	-616	647
486	-616	643
488	-628	652
487	-617	647
483	-624	643
483	-625	644
483	-623	652
486	-616	646
484	-617	649
487	-616	655
491	-616	647
488	-612	647
487	-616	643
486	-618	654
491	-616	647
488	-617	646
492	-620	644
489	-628	651
491	-621	643
492	-624	649
492	-623	652
492	-621	644
487	-623	647
484	-616	639
481	-624	643
478	-616	649
484	-625	651
488	-621	643
483	-621	651
487	-624	647
487	-620	647
481	-623	638
486	-626	647
487	-625	647
487	-620	646
488	-624	646
487	-624	639
487	-633	647
487	-624	647
487	-633	647
483	-631	639
483	-628	643
483	-625	633
488	-631	646
479	-628	643
483	-628	632
479	-628	639
486	-634	646
480	-628	641
487	-632	638
488	-624	638
487	-625	638
483	-626	638
487	-623	639
492	-621	639
491	-620	636
487	-624	638
488	-621	641
492	-626	643
487	-628	635
488	-625	635
487	-623	638
486	-626	633
492	-626	639
491	-629	636
492	-626	636
492	-625	644
483	-624	638
484	-625	639
489	-629	638
492	-625	633
487	-628	633
487	-626	638
487	-623	643
491	-628	632
483	-629	639
484	-631	639
488	-624	633
491	-628	639
481	-634	644
486	-626	636
488	-626	638
483	-625	639
486	-621	636
484	-633	643
487	-623	636
486	-626	639
491	-633	633
484	-631	632
486	-639	639
488	-625	651
494	-621	636
499	-625	639
496	-625	638
492	-628	638
491	-624	635
491	-621	632
495	-616	632
499	-616	646
495	-615	635
489	-625	639
502	-621	638
494	-612	651
492	-616	647
485	-615	643
481	-620	656
486	-616	647
486	-621	636
480	-617	636
491	-617	639
492	-625	638
492	-625	639
483	-618	647
483	-632	644
470	-628	648
454	-620	673
420	-626	742
444	-629	728
476	-625	708
523	-632	670
564	-633	572
596	-637	531
588	-588	515
545	-581	507
535	-600	496
536	-628	487
559	-639	518
551	-628	569
523	-601	639
487	-569	704
478	-591	751
504	-648	712
547	-676	639
560	-676	575
543	-666	571
531	-640	604
527	-616	628
531	-604	608
545	-531	579
531	-529	585
496	-552	568
448	-589	615
388	-644	638
364	-664	633
342	-644	591
299	-640	601
291	-628	614
264	-769	684
276	-832	719
232	-911	807
223	-924	865
262	-732	814
260	-701	662
263	-705	532
239	-727	489
172	-690	543
124	-690	703
132	-730	812
217	-760	835
295	-776	796
348	-719	689
339	-672	579
279	-735	519
209	-721	540
192	-711	569
163	-681	572
153	-672	572
134	-696	587
116	-672	537
54	-591	529
-33	-605	515
-127	-737	508
-225	-1079	527
-290	-1010	536
-290	-983	534
-378	-815	568
-381	-817	551
-525	-749	492
-581	-817	542
-660	-769	510
-628	-744	504
-626	-636	472
-625	-650	452
-628	-621	428
-656	-592	446
-626	-621	452
-672	-625	487
-649	-631	499
-624	-605	475
-624	-616	467
-607	-605	443
-625	-599	451
-621	-601	423
-612	-596	420
-604	-616	419
-599	-605	425
-602	-594	422
-609	-576	430
-624	-561	433
-641	-567	433
-648	-559	423
-657	-529	432
-725	-490	350
-832	-442	320
-832	-437	262
-888	-490	247
-865	-464	278
-869	-474	224
-888	-471	231
-879	-416	224
-887	-386	212
-897	-352	206
-898	-336	179
-897	-321	168
-890	-304	166
-885	-296	160
-881	-296	158
-885	-304	160
-889	-319	176
-885	-328	190
-874	-343	185
-868	-352	184
-866	-367	185
-872	-382	190
-874	-399	192
-881	-408	195
-882	-399	192
-877	-369	182
-879	-349	167
-881	-329	161
-890	-322	167
-906	-317	174
-912	-309	175
-904	-296	167
-900	-289	164
-893	-285	161
-893	-303	164
-887	-328	166
-872	-345	172
-868	-356	177
-873	-365	184
-881	-370	179
-892	-360	184
-887	-340	179
-890	-329	176
-890	-333	169
-900	-325	167
-888	-319	161
-889	-329	167
-887	-343	167
-884	-345	176
-887	-346	167
-881	-335	159
-884	-320	158
-893	-324	156
-902	-322	156
-900	-328	161
-903	-328	176
-904	-325	172
-905	-325	164
-901	-324	166
-893	-335	168
-889	-336	160
-888	-341	166
-889	-345	169
-885	-345	182
-889	-336	175
-890	-330	166
-885	-328	166
-888	-335	174
-889	-338	180
-897	-345	184
-884	-336	180
-889	-408	192
-901	-530	312
-906	-720	343
-1000	-824	407
-1100	-793	430
-1031	-720	396
-857	-685	368
-497	-624	227
-272	-545	39
-280	-522	163
-95	-133	-74
-328	-248	81
-530	-260	99
-936	-449	167
-1241	-724	151
-1188	-589	201
-1055	-537	220
-988	-389	259
-961	-197	225
-985	-229	184
-993	-164	147
-973	-167	158
-946	-208	140
-930	-145	147
-904	-200	115
-888	-245	89
-880	-200	126
-892	-247	127
-885	-343	102
-961	-421	118
-1005	-418	177
-884	-505	208
-777	-516	255
-863	-434	323
-788	-487	288
-776	-569	328
-648	-541	292
-621	-512	300
-674	-576	336
-708	-592	350
-717	-601	315
-724	-591	315
-724	-584	318
-701	-634	276
-681	-682	240
-669	-616	289
-669	-577	319
-656	-583	275
-661	-625	252
-666	-658	255
-664	-633	268
-680	-633	254
-672	-624	278
-711	-674	254
-720	-640	304
-693	-605	291
-690	-580	280
-709	-541	252
-752	-637	259
-727	-596	327
-724	-541	321
-735	-537	287
-737	-551	302
-733	-548	329
-720	-537	334
-737	-504	336
-672	-488	280
-664	-616	248
-679	-593	264
-836	-564	271
-800	-377	244
-820	-337	169
-1044	-223	-7
-1062	-82	-49
-1004	12	-4
-1073	192	39
-1121	68	-61
-1018	134	-24
-925	179	51
-1009	112	43
-1017	78	79
-1005	62	195
-904	16	283
-903	113	273
-845	163	376
-856	176	427
-866	209	455
-810	167	526
-762	126	496
-743	92	454
-816	62	264
-840	-1	67
-856	7	-196
-1085	36	-381
-1284	58	-370
-1010	335	-295
-938	-25	-485
-738	36	-569
-701	116	-575
-781	139	-528
-848	187	-493
-930	255	-466
-932	273	-481
-856	307	-505
-752	316	-511
-718	272	-503
-815	241	-484
-848	207	-433
-881	227	-335
-994	177	-257
-1058	103	-241
-993	54	-313
-900	67	-368
-842	59	-394
-823	39	-367
-861	81	-305
-941	71	-284
-965	23	-300
-961	-4	-321
-948	24	-324
-929	47	-329
-909	79	-340
-893	107	-362
-905	96	-365
-903	76	-353
-912	83	-344
-904	83	-349
-904	86	-349
-904	95	-352
-909	100	-346
-911	103	-359
-898	100	-362
-893	103	-361
-898	92	-346
-900	88	-346
-892	81	-349
-901	84	-359
-909	76	-353
-913	76	-354
-912	75	-353
-909	84	-351
-904	87	-357
-898	88	-356
-898	87	-356
-904	79	-359
-900	79	-362
-900	88	-362
-904	95	-356
-904	78	-360
-913	79	-360
-904	76	-360
-897	79	-360
-897	81	-353
-900	83	-360
-900	71	-353
-906	75	-354
-903	68	-359
-898	63	-360
-904	67	-359
-901	63	-360
-905	65	-362
-905	76	-356
-908	80	-360
-909	81	-351
-913	79	-353
-909	83	-348
-905	76	-353
-904	63	-340
-905	60	-344
-904	59	-340
-900	64	-336
-905	60	-340
-914	70	-344
-912	86	-340
-909	87	-340
-912	72	-340
-909	68	-343
-912	71	-341
-909	78	-337
-909	76	-337
-906	71	-333
-908	70	-340
-905	71	-340
-909	63	-333
-909	71	-328
-912	72	-332
-909	67	-329
-914	64	-336
-906	65	-336
-912	73	-332
-914	70	-329
-911	63	-338
-904	62	-346
-904	60	-345
-905	60	-340
-917	67	-337
-914	67	-336
-912	64	-341
-912	72	-343
-911	76	-340
-906	57	-340
-904	63	-338
-911	63	-337
-909	65	-340
-912	67	-338
-912	64	-335
-912	68	-336
-909	71	-337
-914	71	-336
-909	76	-341
-905	73	-336
-912	65	-336
-916	63	-343
-913	65	-345
-909	67	-338
-909	72	-332
-909	76	-333
-909	75	-333
-909	78	-337
-898	79	-337
-903	71	-336
-904	65	-340
-903	63	-340
-920	63	-328
-909	62	-333
-905	56	-333
-904	56	-336
-913	57	-338
-916	60	-338
-916	56	-336
-912	54	-336
-912	64	-343
-911	68	-349
-912	67	-345
-913	68	-348
-908	67	-345
-906	72	-356
-898	75	-360
-900	76	-369
-900	79	-365
-892	79	-369
-885	87	-377
-889	88	-377
-884	89	-386
-889	87	-377
-893	86	-381
-897	83	-383
-900	89	-389
-900	89	-392
-898	95	-392
-889	100	-393
-876	104	-404
-872	105	-407
-879	102	-413
-881	97	-416
-884	102	-416
-880	108	-420
-871	105	-423
-869	108	-423
-872	107	-427
-877	103	-425
-888	108	-429
-871	112	-433
-871	119	-433
-868	112	-436
-868	99	-426
-877	99	-426
-873	99	-433
-871	102	-439
-873	104	-437
-877	100	-433
-866	103	-434
-865	103	-433
-865	102	-441
-866	91	-449
4095	4095	4095
358	549	85
