Activity Name: walk/
UserID: 25231
StartTime: 0
x	y	z
404	-623	-551
504	-680	-633
521	-705	-754
511	-744	-855
508	-624	-882
527	-656	-985
367	-583	-821
332	-548	-597
352	-500	-477
375	-556	-525
382	-601	-605
443	-737	-815
435	-737	-744
356	-748	-800
280	-745	-749
215	-701	-840
243	-612	-653
329	-501	-536
364	-562	-472
379	-629	-482
524	-751	-609
566	-877	-737
555	-956	-772
529	-908	-692
524	-832	-637
268	-877	-397
155	-570	-177
-90	-336	115
-324	-356	275
-442	-482	153
-993	-512	131
-1333	-500	108
-1799	-444	63
-1736	-693	209
-1096	-452	139
-733	-480	143
-538	-452	153
-672	-561	115
-834	-449	143
-1012	-511	280
-1137	-445	247
-1181	-381	143
-1463	-573	20
-1628	-479	81
-975	-226	92
-792	-164	41
-748	-380	-129
-848	-418	-226
-800	-528	-298
-663	-564	-180
-740	-625	-205
-716	-680	-242
-748	-736	-247
-644	-479	-151
-689	-484	-218
-784	-244	-61
-1128	-193	159
-1229	-465	175
-1170	-665	204
-973	-618	163
-1108	-703	131
-1088	-625	72
-1186	-544	-2
-1089	-217	115
-957	-229	94
-975	-218	32
-1009	-237	7
-919	-121	129
-832	-105	156
-912	-292	136
-916	-301	243
-1124	-420	184
-1045	-306	88
-928	-333	120
-866	-392	139
-788	-554	196
-857	-761	116
-1405	-845	137
-1431	-600	156
-1416	-457	119
-1175	-309	150
-897	-333	159
-721	-247	136
-785	-216	152
-1125	-180	175
-1023	-127	220
-897	-205	207
-945	-232	287
-1084	-255	398
-920	-244	184
-951	-288	103
-941	-541	227
-1089	-733	172
-1133	-829	135
-1200	-792	167
-997	-617	112
-1437	-516	92
-1181	-370	163
-721	-288	166
-760	-292	118
-872	-240	104
-1088	-208	187
-1015	-176	195
-961	-162	238
-1074	-157	294
-1097	-216	265
-820	-151	190
-680	-201	156
-839	-333	160
-948	-479	169
-1096	-729	166
-1073	-784	112
-1129	-874	63
-1396	-681	-29
-1460	-506	75
-932	-324	136
-801	-320	79
-833	-226	79
-914	-200	108
-1000	-153	143
-984	-186	136
-1008	-217	163
-1088	-265	259
-1156	-285	243
-848	-200	137
-845	-285	108
-925	-381	112
-989	-610	153
-1010	-729	184
-1073	-738	120
-1053	-720	135
-1487	-586	48
-1309	-392	113
-1036	-284	156
-765	-220	102
-839	-249	79
-1037	-241	118
-1058	-194	150
-900	-144	159
-855	-217	207
-936	-220	265
-1064	-292	198
-857	-229	152
-836	-354	115
-927	-456	132
-981	-538	136
-1040	-716	216
-973	-621	273
-1068	-861	145
-1544	-761	87
-1249	-408	56
-1085	-292	70
-913	-237	51
-877	-231	28
-980	-208	49
-1112	-184	75
-993	-127	143
-954	-160	115
-954	-295	231
-919	-288	241
-738	-240	192
-817	-289	152
-1068	-525	147
-1125	-647	191
-1156	-728	207
-1145	-876	94
-1096	-681	103
-1386	-596	44
-1276	-394	60
-845	-221	51
-844	-234	28
-936	-266	19
-1143	-200	27
-1137	-159	44
-1025	-239	172
-911	-218	155
-945	-247	268
-890	-258	262
-793	-248	199
-953	-272	233
-1049	-332	289
-1168	-729	321
-1156	-801	344
-1242	-740	294
-1053	-541	155
-1201	-562	36
-1152	-300	15
-964	-253	12
-953	-308	-50
-1096	-281	-47
-1218	-234	-50
-1305	-167	60
-1136	-113	88
-900	-162	204
-932	-256	177
-768	-132	252
-671	-157	240
-604	-204	252
-698	-292	155
-959	-309	224
-1453	-721	263
-1402	-605	296
-1098	-778	243
-1192	-720	70
-1234	-501	116
-828	-346	152
-749	-346	99
-913	-281	55
-1010	-209	44
-1184	-172	81
-1151	-175	144
-976	-168	169
-957	-244	227
-1017	-220	204
-724	-196	207
-612	-241	177
-621	-308	147
-1076	-664	216
-1202	-717	287
-1191	-735	248
-1169	-665	174
-1133	-633	143
-1274	-418	112
-1085	-324	118
-762	-200	96
-772	-245	51
-991	-221	64
-1114	-186	86
-1037	-173	137
-912	-237	195
-865	-264	248
-1018	-241	308
-866	-212	247
-753	-266	171
-869	-377	172
-1020	-543	199
-1081	-716	255
-1090	-753	263
-1018	-665	207
-1177	-728	147
-1399	-672	152
-1092	-296	143
-857	-232	143
-829	-253	48
-872	-264	70
-1028	-221	115
-1009	-193	135
-969	-157	179
-945	-177	228
-1007	-209	286
-994	-240	187
-857	-191	176
-789	-292	134
-912	-450	167
-976	-601	207
-1069	-769	222
-1132	-744	188
-1210	-616	176
-1341	-592	131
-1135	-354	139
-900	-325	124
-818	-324	83
-938	-208	83
-1002	-95	126
-930	-140	113
-965	-221	144
-852	-280	168
-1037	-324	270
-1113	-289	280
-880	-234	166
-879	-404	139
-932	-644	259
-912	-692	294
-936	-754	264
-1313	-729	172
-1113	-556	220
-1418	-623	86
-1314	-346	110
-856	-228	107
-861	-241	51
-933	-253	28
-1009	-217	35
-991	-177	35
-1010	-260	102
-834	-248	188
-848	-276	216
-1071	-285	207
-912	-184	207
-879	-397	142
-985	-474	118
-1032	-479	287
-993	-601	222
-1008	-625	176
-1157	-602	158
-1273	-573	96
-1226	-344	62
-968	-255	83
-784	-260	25
-865	-274	22
-977	-255	39
-1098	-169	8
-973	-200	60
-1000	-204	60
-1002	-212	126
-1079	-255	212
-850	-265	251
-756	-257	184
-941	-541	216
-1000	-580	280
-968	-769	224
-1128	-847	124
-1300	-761	184
-1401	-621	73
-1404	-490	91
-829	-264	108
-765	-272	64
-874	-241	27
-953	-180	48
-1061	-164	78
-1066	-189	91
-925	-210	214
-1109	-261	268
-1096	-255	220
-832	-208	179
-840	-256	143
-954	-458	142
-1033	-689	302
-967	-708	312
-1085	-685	166
-1149	-697	156
-1296	-601	135
-1405	-369	51
-1088	-240	76
-788	-268	24
-828	-279	12
-976	-212	51
-1021	-189	62
-933	-153	116
-901	-220	203
-944	-237	236
-1124	-231	230
-925	-173	175
-865	-360	124
-932	-490	86
-1023	-568	156
-1106	-601	271
-1097	-537	271
-1113	-567	211
-1269	-546	152
-1311	-472	124
-937	-272	115
-776	-253	84
-818	-247	46
-919	-253	56
-996	-175	79
-937	-156	110
-1076	-194	115
-960	-239	279
-1056	-296	311
-1005	-292	183
-857	-269	118
-900	-410	144
-930	-511	184
-941	-639	209
-1053	-764	207
-1263	-772	193
-1460	-597	92
-1393	-493	71
-906	-281	107
-753	-239	80
-744	-234	30
-1128	-281	59
-1135	-185	88
-1016	-199	131
-900	-272	144
-783	-253	208
-941	-301	243
-849	-231	204
-848	-317	99
-1025	-480	123
-1096	-573	271
-1049	-735	204
-1040	-852	121
-1140	-733	110
-1217	-616	55
-1177	-416	67
-909	-301	99
-810	-301	52
-897	-296	39
-976	-255	88
-1066	-160	120
-978	-156	118
-889	-241	209
-943	-249	243
-1092	-264	223
-880	-184	176
-808	-180	140
-997	-461	49
-1069	-616	84
-1072	-639	191
-1255	-801	143
-1146	-653	159
-1154	-687	47
-1173	-505	79
-861	-320	76
-754	-285	16
-672	-112	-9
-1095	-164	39
-1448	-277	-2
-1080	-170	81
-1140	-261	78
-1001	-257	120
-978	-317	123
-845	-296	112
-793	-288	104
-865	-317	123
-1056	-580	199
-1005	-604	268
-1135	-672	222
-1209	-573	236
-1140	-472	176
-1181	-349	121
-1079	-266	135
-807	-223	63
-813	-212	48
-909	-170	39
-1032	-199	14
-993	-153	48
-972	-266	103
-884	-317	184
-1133	-388	211
-964	-281	195
-818	-247	207
-788	-385	177
-890	-519	219
-1014	-578	352
-1037	-716	305
-1229	-585	249
-1197	-548	131
-1295	-541	33
-1177	-292	72
-900	-241	87
-793	-280	24
-873	-253	20
-1048	-196	71
-957	-216	96
-997	-274	135
-868	-287	278
-1053	-317	236
-1044	-228	200
-936	-244	182
-900	-359	143
-1076	-560	163
-1117	-644	227
-937	-848	203
-1055	-925	143
-1330	-687	48
-1544	-564	6
-1437	-356	76
-944	-268	39
-903	-250	3
-1033	-234	24
-1121	-172	55
-935	-111	115
-951	-213	158
-756	-239	233
-928	-346	233
-1015	-309	262
-949	-292	131
-999	-434	127
-1080	-522	143
-1084	-791	214
-1065	-921	199
-1021	-832	183
-1133	-777	79
-1480	-477	44
-1232	-312	92
-973	-260	91
-904	-266	27
-973	-255	35
-1188	-169	79
-1021	-141	119
-845	-233	175
-759	-234	184
-887	-272	201
-937	-205	185
-914	-208	160
-1020	-416	167
-1084	-592	151
-1093	-500	225
-1009	-903	115
-1064	-898	68
-1282	-713	88
-1377	-618	64
-1074	-301	120
-901	-292	78
-881	-301	39
-1204	-324	28
-1369	-176	48
-1077	-77	103
-908	-202	175
-720	-241	227
-877	-298	195
-930	-249	207
-957	-210	175
-1028	-242	174
-1149	-544	143
-1177	-576	239
-1129	-772	199
-1161	-784	172
-1065	-589	190
-1296	-520	97
-1125	-360	127
-869	-269	92
-904	-276	56
-993	-255	48
-1201	-177	73
-1162	-141	103
-1013	-212	166
-761	-248	204
-893	-305	211
-898	-231	204
-842	-194	167
-959	-344	176
-1036	-506	161
-1109	-605	246
-1081	-657	255
-1242	-869	129
-1049	-610	107
-1296	-696	41
-1130	-306	89
-912	-268	91
-770	-237	24
-845	-280	31
-925	-233	31
-1021	-196	20
-961	-176	80
-825	-289	176
-1025	-308	243
-1120	-330	224
-837	-274	220
-729	-308	196
-873	-504	156
-956	-616	160
-1076	-756	195
-1252	-738	143
-1140	-564	163
-1384	-602	24
-1288	-415	62
-775	-268	92
-730	-253	56
-863	-269	12
-904	-205	31
-932	-164	39
-964	-189	96
-1056	-265	105
-1148	-282	262
-1245	-353	263
-800	-272	185
-825	-404	135
-882	-426	166
-953	-641	193
-973	-753	195
-1188	-673	163
-1108	-585	152
-1201	-616	56
-1306	-413	67
-1021	-269	105
-781	-263	56
-807	-237	39
-973	-212	65
-1033	-192	83
-913	-180	134
-944	-253	161
-911	-285	230
-1109	-320	231
-961	-221	200
-905	-322	84
-983	-416	86
-993	-554	123
-1017	-724	144
-1032	-708	192
-1061	-740	89
-1242	-679	63
-1415	-580	57
-1177	-257	113
-936	-216	103
-916	-253	56
-961	-237	71
-984	-193	76
-832	-183	124
-932	-213	116
-993	-287	208
-1193	-303	223
-961	-239	144
-873	-313	115
-908	-410	99
-913	-482	129
-973	-676	107
-1080	-703	145
-1192	-687	153
-1337	-687	48
-1393	-516	72
-961	-290	116
-813	-289	83
-793	-281	62
-932	-242	38
-1032	-200	41
-1106	-207	51
-929	-237	135
-841	-280	231
-1104	-269	159
-993	-221	163
-808	-311	135
-852	-372	88
-973	-559	183
-1012	-593	216
-1020	-688	195
-1183	-729	143
-1192	-620	139
-1352	-441	95
-1160	-296	99
-802	-289	70
-799	-269	39
-861	-253	44
-1005	-184	63
-984	-223	81
-1050	-248	91
-961	-231	168
-1090	-285	224
-940	-263	195
-815	-241	159
-876	-381	111
-943	-505	118
-1020	-664	176
-1040	-697	171
-1135	-737	129
-1193	-692	87
-1351	-575	59
-1034	-322	87
-852	-320	56
-820	-319	23
-985	-255	9
-1088	-200	14
-967	-193	70
-968	-225	111
-927	-263	158
-1045	-296	222
-1045	-293	246
-820	-272	155
-841	-311	124
-989	-528	156
-1032	-596	207
-1047	-679	180
-1184	-664	143
-1103	-612	132
-1458	-535	71
-1264	-335	104
-776	-289	65
-777	-279	33
-864	-249	8
-964	-208	63
-983	-217	47
-869	-217	183
-1104	-237	32
-1101	-320	262
-1095	-420	252
-945	-409	171
-925	-390	96
-890	-404	156
-825	-788	28
-841	-897	72
-1175	-855	55
-1298	-650	57
-1641	-594	9
-1410	-337	76
-1065	-241	84
-817	-186	31
-800	-176	63
-765	-164	88
-765	-208	91
-785	-188	120
-852	-213	235
-1128	-327	259
-1320	-408	143
-1040	-421	151
-897	-314	158
-857	-560	9
-854	-621	59
-945	-784	156
-936	-656	143
-1265	-639	57
-1537	-633	88
-1479	-521	87
-944	-225	102
-813	-218	82
-861	-231	40
-943	-212	70
-985	-183	73
-1018	-205	105
-951	-218	155
-1360	-324	227
-1140	-260	203
-756	-293	126
-799	-405	83
-904	-495	99
-1018	-669	193
-989	-842	129
-1249	-824	111
-1121	-621	100
-1480	-528	39
-1201	-360	89
-906	-313	92
-791	-250	44
-882	-231	72
-1031	-196	103
-953	-173	126
-994	-228	112
-936	-249	216
-1122	-308	270
-917	-212	152
-788	-253	112
-900	-468	99
-976	-569	143
-1040	-655	192
-1064	-761	179
-1205	-737	144
-1304	-703	67
-1449	-545	99
-932	-317	113
-761	-311	57
-729	-255	56
-916	-228	80
-972	-200	88
-884	-181	147
-952	-215	220
-1005	-249	197
-1066	-352	263
-1112	-386	207
-936	-380	89
-943	-431	113
-797	-562	134
-858	-713	79
-953	-797	118
-1266	-634	192
-1168	-527	143
-1456	-402	87
-1200	-296	89
-793	-266	60
-789	-255	56
-865	-228	44
-1111	-201	39
-1020	-141	65
-948	-249	115
-857	-232	207
-1122	-353	233
-953	-266	200
-812	-239	159
-879	-377	103
-973	-511	103
-1092	-751	182
-1114	-733	212
-1321	-769	167
-1129	-612	147
-1261	-621	99
-1060	-292	76
-879	-253	71
-868	-258	12
-970	-234	4
-1034	-159	8
-1045	-180	96
-917	-200	183
-900	-253	184
-1037	-239	263
-951	-244	222
-823	-264	151
-817	-336	120
-932	-484	184
-980	-592	184
-1098	-705	166
-1290	-767	143
-1136	-652	172
-1429	-505	62
-1228	-335	104
-769	-295	92
-781	-264	59
-961	-228	25
-1100	-199	33
-1089	-176	56
-1008	-239	86
-936	-217	144
-1128	-289	232
-887	-229	238
-680	-266	155
-799	-301	131
-1000	-481	139
-1151	-692	239
-1058	-809	198
-1088	-690	140
-1117	-653	91
-1388	-676	55
-1073	-320	105
-861	-276	86
-765	-233	39
-825	-234	67
-951	-221	92
-985	-240	108
-1081	-229	95
-921	-277	251
-1178	-313	204
-916	-210	198
-802	-304	179
-817	-380	100
-945	-506	126
-1008	-613	179
-1012	-711	152
-961	-600	163
-1205	-757	79
-1501	-665	67
-1432	-503	79
-842	-288	91
-749	-264	63
-901	-237	78
-985	-239	78
-989	-173	144
-1020	-196	134
-952	-212	121
-1144	-285	216
-1081	-289	216
-762	-288	113
-781	-340	108
-1020	-660	164
-1028	-712	208
-993	-839	183
-1223	-820	131
-1096	-641	127
-1492	-549	83
-1229	-332	152
-808	-260	94
-812	-249	63
-853	-233	104
-905	-221	96
-922	-209	152
-984	-234	207
-865	-194	232
-1069	-237	296
-1037	-208	228
-836	-224	184
-909	-464	144
-997	-618	171
-1050	-813	195
-1012	-826	152
-1146	-784	148
-1268	-688	51
-1581	-601	76
-1089	-241	127
-865	-236	108
-810	-224	65
-861	-236	88
-898	-207	78
-794	-178	104
-930	-224	142
-1034	-212	207
-1320	-319	247
-1289	-308	211
-857	-362	115
-836	-338	120
-879	-602	76
-969	-796	105
-1032	-658	179
-1215	-725	137
-1245	-631	76
-1385	-474	123
-1088	-356	126
-784	-313	64
-841	-269	51
-1037	-208	78
-1081	-184	67
-945	-176	92
-832	-274	127
-840	-289	204
-1143	-226	216
-961	-200	132
-820	-319	88
-852	-450	15
-937	-564	15
-1049	-748	108
-1058	-753	103
-1028	-797	27
-1341	-807	-29
-1501	-577	49
-1009	-266	121
-804	-261	76
-788	-244	41
-852	-272	30
-936	-233	7
-852	-213	67
-1055	-276	80
-1089	-340	185
-1256	-392	195
-860	-265	164
-756	-337	103
-765	-424	88
-993	-681	124
-1056	-748	167
-1136	-793	97
-1177	-704	103
-1394	-634	-7
-1388	-468	75
-1066	-317	71
-759	-249	39
-769	-221	25
-884	-225	52
-911	-172	76
-909	-176	110
-983	-226	151
-973	-216	211
-1340	-345	236
-988	-290	192
-740	-320	112
-801	-375	63
-1000	-633	107
-981	-672	188
-1000	-685	212
-1201	-617	182
-1369	-609	151
-1353	-338	151
-1058	-244	131
-808	-231	104
-733	-263	64
-837	-265	59
-1031	-221	62
-913	-193	127
-1032	-224	172
-1021	-220	263
-1108	-289	278
-865	-231	180
-775	-276	116
-929	-532	163
-1009	-618	207
-1009	-748	223
-1072	-748	206
-1256	-724	172
-1274	-632	92
-1463	-532	71
-920	-221	118
-780	-250	83
-786	-245	62
-882	-269	89
-879	-210	96
-868	-200	112
-1044	-237	135
-1146	-305	246
-1264	-328	284
-1021	-244	227
-746	-290	132
-799	-353	115
-1026	-617	158
-1000	-648	222
-1122	-680	156
-1241	-612	198
-1151	-561	172
-1392	-449	103
-1117	-296	116
-769	-260	79
-752	-237	70
-909	-234	71
-1004	-183	76
-1025	-191	116
-1073	-225	120
-983	-228	206
-1194	-273	219
-1045	-228	159
-834	-208	167
-817	-349	41
-906	-458	60
-1015	-624	166
-1032	-695	175
-1236	-697	143
-1100	-634	148
-1266	-701	102
-1129	-345	95
-861	-273	115
-807	-282	35
-959	-281	19
-1162	-141	-2
-1117	-136	38
-961	-137	110
-1037	-241	156
-1077	-290	243
-784	-263	231
-629	-200	209
-625	-218	207
-957	-568	406
-1120	-735	423
-1108	-748	323
-1113	-599	245
-1202	-601	112
-1522	-617	17
-1520	-361	0
-866	-140	57
-791	-223	12
-793	-249	35
-861	-248	44
-921	-212	107
-804	-177	204
-935	-208	224
-1096	-208	284
-1229	-236	352
-1017	-336	163
-905	-377	135
-845	-383	143
-813	-584	158
-876	-692	164
-1085	-620	191
-1330	-708	143
-1370	-509	71
-1423	-448	31
-1248	-296	56
-793	-263	51
-772	-255	22
-925	-212	7
-1025	-185	30
-984	-167	89
-1000	-221	120
-856	-200	204
-1170	-317	289
-1057	-218	228
-845	-308	155
-856	-361	140
-933	-482	144
-970	-673	207
-1009	-737	235
-1037	-645	172
-1119	-685	131
-1537	-524	52
-1346	-357	62
-992	-266	67
-760	-247	39
-799	-245	44
-1016	-237	88
-1041	-189	105
-1005	-208	161
-857	-194	207
-1041	-292	240
-1104	-239	228
-936	-226	174
-856	-474	207
-945	-625	200
-976	-765	211
-937	-831	159
-1053	-743	143
-1204	-625	56
-1506	-591	19
-1197	-232	47
-900	-183	67
-818	-209	56
-881	-207	54
-895	-196	68
-866	-199	96
-884	-205	129
-945	-245	185
-1202	-296	227
-1293	-325	207
-940	-303	127
-874	-319	166
-858	-576	86
-943	-616	155
-1071	-680	289
-1133	-658	238
-1090	-624	232
-1488	-537	56
-1465	-346	92
-887	-234	75
-808	-277	32
-808	-265	39
-935	-249	76
-981	-213	103
-980	-209	124
-879	-228	206
-1156	-335	249
-1177	-271	224
-978	-191	161
-775	-377	159
-833	-488	155
-1017	-744	216
-1032	-807	216
-1181	-764	135
-1104	-655	108
-1376	-668	23
-1282	-329	107
-938	-248	126
-740	-241	52
-815	-239	57
-897	-253	87
-1009	-221	108
-1018	-208	118
-863	-180	246
-989	-272	252
-1060	-220	156
-924	-192	175
-840	-292	136
-914	-463	111
-1009	-520	169
-1007	-644	248
-1064	-672	200
-1020	-530	220
-1128	-584	95
-1369	-551	63
-1000	-257	95
-853	-276	63
-863	-274	44
-941	-260	40
-1076	-177	33
-977	-137	96
-985	-173	159
-904	-228	184
-1060	-295	279
-903	-250	224
-783	-263	160
-781	-313	123
-945	-433	167
-1013	-570	207
-1048	-689	235
-1156	-605	196
-1137	-616	91
-1404	-601	76
-1345	-401	97
-848	-249	97
-760	-260	67
-810	-245	91
-872	-241	83
-1002	-202	116
-996	-196	159
-1069	-241	150
-1066	-292	263
-1146	-295	227
-822	-232	160
-794	-343	135
-813	-450	160
-967	-609	275
-993	-666	284
-943	-639	217
-1168	-791	120
-1482	-592	79
-1468	-441	67
-1168	-255	80
-776	-242	88
-754	-244	79
-900	-240	99
-1017	-228	99
-943	-186	163
-921	-208	152
-953	-237	216
-1212	-312	312
-953	-244	240
-765	-329	167
-837	-464	171
-928	-592	176
-1013	-815	169
-984	-760	184
-1117	-660	120
-1380	-612	54
-1277	-317	118
-976	-265	123
-789	-277	105
-793	-234	86
-863	-247	94
-961	-208	94
-840	-193	145
-989	-228	131
-1068	-266	207
-1205	-327	276
-925	-287	144
-847	-311	110
-864	-473	134
-873	-609	143
-930	-749	175
-1073	-607	216
-1172	-660	185
-1480	-593	135
-1433	-404	145
-936	-205	115
-784	-228	88
-784	-249	70
-892	-225	88
-976	-209	70
-964	-189	143
-980	-263	150
-1156	-300	248
-1210	-320	233
-960	-228	179
-823	-336	107
-866	-388	110
-967	-568	163
-1016	-679	159
-1229	-719	159
-1106	-616	163
-1224	-648	86
-1271	-367	145
-969	-274	142
-772	-264	72
-800	-240	71
-873	-248	75
-1026	-196	56
-956	-172	89
-916	-221	158
-993	-292	227
-1092	-256	207
-856	-197	179
-737	-249	147
-824	-425	136
-948	-538	169
-1063	-688	233
-1231	-727	169
-1117	-513	172
-1192	-572	89
-1218	-464	102
-800	-261	88
-720	-276	67
-876	-273	62
-1007	-212	78
-1101	-173	52
-1032	-194	124
-1032	-258	97
-1009	-322	244
-1092	-305	231
-789	-212	164
-765	-263	132
-775	-330	142
-928	-596	236
-952	-628	300
-1050	-546	263
-1217	-597	214
-1393	-522	115
-1440	-458	120
-1205	-279	119
-724	-217	83
-708	-221	63
-793	-228	92
-834	-200	83
-881	-185	115
-1007	-269	131
-991	-247	275
-1277	-301	244
-984	-212	206
-697	-314	167
-722	-385	155
-797	-506	182
-976	-756	208
-1008	-741	220
-1212	-599	172
-1261	-561	83
-1384	-466	103
-1136	-296	96
-844	-208	96
-727	-212	73
-740	-207	79
-876	-221	72
-817	-189	105
-1069	-239	96
-1213	-312	156
-1293	-305	324
-1012	-405	147
-920	-413	79
-799	-386	222
-791	-593	163
-869	-810	118
-921	-629	196
-1261	-817	91
-1652	-495	129
-1424	-389	119
-968	-188	99
-868	-173	100
-849	-189	103
-928	-207	48
-953	-189	48
-949	-232	112
-857	-215	163
-1265	-484	207
-1064	-452	155
-792	-322	182
-729	-360	167
-840	-520	163
-1021	-853	187
-1017	-847	208
-1145	-804	158
-1370	-724	8
-1541	-708	9
-991	-297	95
-769	-232	80
-751	-237	38
-874	-245	76
-994	-228	83
-952	-168	145
-1032	-221	204
-989	-285	252
-1098	-298	332
-850	-217	192
-800	-260	159
-901	-416	160
-976	-724	251
-941	-690	295
-986	-615	191
-1145	-682	143
-1105	-644	118
-1496	-532	94
-1231	-317	139
-793	-249	111
-776	-225	76
-856	-242	92
-956	-244	108
-957	-212	132
-999	-249	167
-936	-196	188
-1265	-304	259
-1080	-288	192
-785	-362	126
-820	-376	134
-866	-496	143
-972	-752	175
-992	-753	188
-1137	-672	156
-1265	-633	92
-1448	-400	163
-1184	-274	176
-877	-244	167
-745	-241	88
-794	-221	97
-976	-210	71
-920	-188	105
-973	-232	103
-959	-264	207
-1213	-340	214
-996	-212	166
-850	-320	184
-893	-516	153
-945	-609	163
-968	-666	203
-981	-735	159
-1229	-740	137
-1409	-592	48
-1508	-498	73
-952	-260	119
-769	-273	100
-736	-250	56
-866	-225	87
-935	-232	72
-919	-197	119
-1050	-258	139
-911	-237	199
-1196	-324	220
-1121	-266	176
-824	-324	139
-809	-386	126
-946	-564	151
-978	-640	182
-1002	-705	182
-1245	-680	147
-1096	-535	124
-1455	-493	65
-1156	-320	131
-804	-314	60
-788	-253	51
-828	-228	67
-994	-192	62
-1042	-168	57
-980	-212	131
-917	-269	152
-1025	-301	207
-1128	-288	248
-889	-232	156
-852	-401	124
-901	-477	161
-953	-679	206
-962	-744	195
-1063	-705	175
-1199	-573	148
-1545	-586	64
-1183	-212	135
-879	-217	108
-775	-256	51
-832	-237	78
-898	-263	103
-916	-177	88
-961	-193	137
-970	-200	216
-1184	-272	227
-1248	-290	231
-889	-253	135
-852	-311	151
-900	-568	196
-980	-644	204
-1040	-705	232
-1096	-609	207
-1096	-616	198
-1501	-564	99
-1433	-385	92
-871	-205	92
-801	-240	56
-872	-244	46
-929	-217	52
-985	-206	88
-976	-183	126
-912	-228	123
-1172	-317	227
-1213	-311	240
-856	-244	107
-889	-301	116
-960	-341	99
-1069	-621	134
-1103	-738	185
-1228	-589	240
-1040	-484	207
-1260	-642	136
-1196	-285	113
-921	-221	124
-800	-274	28
-897	-284	31
-1108	-177	9
-1178	-164	12
-1020	-165	56
-834	-239	163
-904	-277	199
-1026	-231	182
-868	-160	195
-788	-289	163
-890	-357	139
-997	-450	191
-1184	-532	246
-1162	-613	224
-1009	-724	159
-1239	-733	95
-1465	-556	56
-1072	-247	102
-874	-266	78
-898	-281	-13
-1040	-265	-2
-1199	-168	24
-954	-145	83
-797	-167	163
-868	-264	107
-961	-277	251
-928	-264	263
-881	-221	182
-993	-420	168
-1042	-477	176
-1029	-495	227
-1124	-735	192
-1293	-717	190
-1212	-589	88
-1413	-573	78
-1256	-324	112
-881	-298	79
-857	-253	51
-964	-263	56
-1020	-212	63
-993	-199	96
-1012	-200	118
-848	-229	195
-1044	-279	216
-977	-205	227
-755	-233	174
-801	-320	142
-1064	-592	236
-1106	-633	296
-1109	-632	278
-1272	-706	200
-1072	-567	199
-1329	-449	83
-1161	-273	94
-797	-282	80
-772	-276	38
-842	-261	9
-1031	-201	60
-1082	-180	92
-993	-200	160
-804	-232	176
-872	-257	240
-1165	-345	284
-946	-237	248
-804	-279	119
-884	-368	124
-1002	-649	198
-1037	-744	200
-1045	-700	208
-1057	-697	150
-1218	-700	28
-1389	-372	102
-1040	-240	152
-797	-303	27
-840	-289	24
-869	-249	44
-973	-185	71
-903	-180	72
-884	-253	136
-901	-288	243
-1145	-343	227
-983	-229	200
-817	-216	191
-841	-399	102
-933	-551	124
-1074	-784	192
-1058	-701	192
-1101	-632	153
-1273	-701	-4
-1557	-644	38
-1012	-279	112
-804	-244	86
-809	-241	28
-880	-249	57
-929	-237	64
-925	-180	68
-1057	-205	112
-1016	-295	231
-1188	-317	240
-1114	-245	223
-765	-258	159
-773	-344	108
-986	-583	201
-1049	-649	246
-1025	-738	204
-1076	-697	167
-1037	-665	127
-1524	-569	46
-1313	-343	112
-816	-265	59
-776	-260	54
-839	-248	63
-877	-229	56
-964	-248	51
-1096	-200	135
-967	-228	179
-1109	-349	270
-1069	-272	195
-801	-229	158
-791	-301	86
-887	-388	70
-984	-578	152
-1008	-720	187
-1144	-688	156
-1113	-684	166
-1253	-676	91
-1322	-415	83
-1066	-245	127
-788	-234	44
-833	-250	31
-1000	-213	63
-1064	-185	81
-928	-153	108
-953	-221	156
-933	-229	198
-1000	-289	243
-873	-213	220
-893	-308	143
-970	-416	177
-1017	-528	216
-1041	-636	259
-1050	-618	284
-1087	-549	231
-1231	-556	147
-1441	-551	88
-1040	-226	108
-845	-237	75
-842	-265	48
-893	-260	63
-1026	-199	73
-994	-181	120
-960	-164	143
-893	-257	169
-1096	-281	211
-968	-232	200
-807	-237	176
-875	-434	124
-929	-548	169
-948	-570	248
-954	-708	232
-1224	-695	187
-1305	-585	83
-1495	-537	60
-1348	-345	89
-800	-257	78
-762	-260	46
-922	-225	15
-1001	-168	-1
-961	-217	73
-1017	-269	131
-909	-207	156
-1093	-305	238
-1137	-292	192
-892	-336	151
-857	-393	137
-964	-561	193
-1000	-660	206
-989	-733	230
-1216	-665	151
-1082	-541	142
-1632	-532	15
-1364	-308	63
-784	-249	43
-781	-257	8
-852	-244	-8
-986	-209	46
-1000	-192	59
-1000	-200	103
-948	-215	134
-1058	-269	184
-1065	-287	227
-834	-229	172
-820	-319	92
-957	-368	88
-1146	-416	167
-1121	-497	182
-1069	-473	195
-1113	-509	200
-1156	-546	160
-1184	-415	137
-1000	-312	127
-829	-316	100
-912	-340	55
-1007	-296	7
-1157	-185	1
-1021	-168	15
-1021	-263	99
-901	-184	199
-1050	-196	228
-799	-197	152
-653	-180	161
-809	-300	199
-980	-351	195
-1217	-840	168
-1109	-612	240
-1161	-784	151
-1257	-663	38
-1416	-612	31
-1044	-268	152
-873	-268	110
-930	-237	47
-980	-217	48
-1012	-177	95
-914	-161	131
-1000	-169	134
-975	-245	240
-1140	-250	255
-1072	-244	243
-769	-194	187
-840	-282	145
-1064	-441	140
-1108	-584	190
-1000	-719	208
-1108	-740	158
-1032	-658	161
-1456	-618	46
-1309	-404	126
-836	-281	108
-813	-256	60
-973	-257	54
-1021	-223	83
-1056	-186	100
-1050	-204	126
-925	-205	188
-1173	-288	204
-1029	-233	201
-769	-221	167
-823	-281	120
-945	-386	134
-1128	-625	230
-1064	-656	254
-1165	-728	135
-1117	-666	119
-1354	-612	112
-1192	-321	121
-928	-266	112
-833	-269	32
-914	-260	19
-1021	-184	51
-999	-208	44
-944	-168	67
-913	-223	171
-1122	-244	198
-973	-215	232
-761	-196	203
-797	-321	112
-961	-437	115
-1082	-602	151
-1056	-708	238
-1088	-725	185
-1129	-621	123
-1383	-623	75
-1367	-473	121
-865	-317	89
-788	-289	65
-889	-253	12
-953	-231	20
-986	-172	55
-1016	-175	87
-1020	-228	108
-1093	-287	225
-1119	-288	240
-797	-234	182
-801	-296	143
-961	-434	151
-1028	-577	182
-1044	-642	223
-960	-505	192
-999	-644	140
-1506	-716	92
-1401	-468	132
-1122	-284	140
-776	-240	60
-812	-237	31
-970	-228	80
-1021	-210	44
-912	-173	135
-1009	-216	116
-973	-232	145
-1177	-269	198
-964	-244	203
-772	-311	115
-845	-373	124
-967	-519	233
-1040	-658	255
-1066	-729	214
-1129	-568	152
-1329	-656	76
-1266	-364	113
-975	-271	112
-754	-229	59
-792	-240	33
-872	-234	43
-1032	-225	67
-969	-175	102
-916	-169	198
-1074	-242	215
-1229	-289	208
-876	-191	216
-797	-292	167
-929	-413	177
-976	-517	204
-1065	-748	211
-1048	-690	174
-1121	-692	124
-1308	-725	-16
-1442	-597	9
-924	-231	86
-793	-231	51
-900	-252	33
-964	-255	39
-1034	-213	56
-1068	-201	71
-967	-200	136
-996	-328	212
-1093	-295	156
-977	-168	144
-823	-253	167
-850	-314	135
-1021	-408	147
-1017	-463	191
-1044	-592	164
-1273	-657	147
-1143	-561	169
-1295	-608	134
-1172	-359	159
-789	-296	136
-797	-276	110
-996	-264	71
-1052	-191	70
-1088	-165	56
-1089	-186	55
-935	-237	102
-1124	-268	179
-1000	-253	192
-738	-260	177
-781	-292	164
-932	-328	135
-1082	-575	259
-1028	-657	240
-1177	-730	195
-1101	-644	187
-1233	-621	108
-1320	-370	124
-1055	-264	120
-831	-249	35
-872	-249	7
-1000	-169	51
-1004	-160	60
-863	-161	97
-889	-257	185
-884	-289	224
-1169	-295	249
-970	-225	217
-879	-399	174
-961	-533	158
-1010	-552	212
-975	-679	199
-1021	-633	211
-1143	-615	153
-1234	-576	108
-1337	-525	99
-1025	-277	99
-884	-268	80
-893	-225	39
-945	-217	47
-1087	-169	71
-985	-138	91
-1079	-199	87
-1018	-276	247
-1177	-288	232
-836	-202	198
-772	-252	164
-877	-335	147
-953	-433	204
-1076	-548	211
-1108	-633	231
-1172	-714	192
-1312	-697	87
-1377	-552	112
-1000	-314	110
-882	-305	64
-884	-255	40
-936	-232	67
-948	-239	140
-989	-168	100
-1111	-209	97
-808	-173	199
-936	-274	63
-993	-296	167
-1096	-272	86
-1111	-348	150
-1081	-618	215
-876	-714	195
-900	-712	163
-1069	-765	254
-1247	-729	152
-1484	-349	179
-1472	-204	139
-1030	-197	115
-832	-210	52
-817	-244	67
-941	-189	46
-1044	-180	64
-888	-152	153
-908	-253	184
-791	-212	216
-1160	-481	292
-1182	-388	200
-1074	-458	91
-1100	-567	137
-935	-720	152
-882	-836	148
-989	-840	124
-1213	-538	156
-1381	-557	52
-1165	-360	83
-975	-317	63
-953	-269	44
-1025	-229	31
-1097	-180	27
-1060	-122	83
-1106	-185	121
-772	-249	244
-865	-317	248
-921	-221	170
-904	-177	143
-938	-213	152
-1050	-525	172
-1128	-680	220
-1017	-712	216
-1144	-911	140
-1173	-813	163
-1520	-552	81
-1455	-221	112
-970	-173	88
-881	-232	39
-938	-191	63
-1040	-173	60
-984	-159	65
-826	-208	99
-767	-269	216
-1002	-297	227
-1000	-241	184
-912	-297	156
-968	-441	108
-985	-583	159
-848	-744	92
-840	-832	54
-1576	-1168	-45
-1933	-624	118
-1576	-484	94
-1351	-322	-13
-953	-234	7
-748	-212	25
-900	-260	9
-1057	-159	17
-1000	-160	35
-749	-215	68
-1279	-360	150
-1149	-313	12
-784	-409	48
-738	-385	-61
-901	-520	49
-1042	-698	30
-1169	-914	-7
-1045	-921	-8
-1137	-985	-36
-1245	-660	-9
-1023	-493	-13
-815	-344	-12
-805	-296	-73
-944	-265	-65
-1169	-162	-40
-1028	-144	19
-895	-217	131
-842	-210	195
-1021	-324	199
-903	-337	268
-712	-292	195
-890	-460	143
-999	-541	190
-1012	-776	246
-1000	-784	191
-1226	-761	140
-1421	-613	22
-1512	-538	8
-921	-247	94
-767	-263	56
-869	-261	-25
-973	-241	6
-1025	-196	15
-937	-160	54
-999	-241	108
-1063	-300	243
-1090	-324	287
-889	-224	264
-705	-281	183
-817	-364	187
-1130	-616	313
-1185	-663	326
-1188	-666	224
-1125	-613	184
-1184	-642	99
-1252	-410	102
-964	-258	92
-760	-265	22
-828	-264	-8
-1016	-209	24
-1072	-184	35
-955	-141	81
-997	-213	195
-992	-256	227
-980	-269	291
-788	-200	236
-720	-233	184
-874	-336	211
-1056	-537	241
-1143	-693	294
-1096	-693	231
-985	-572	159
-1221	-657	71
-1424	-567	71
-956	-264	103
-805	-266	65
-857	-260	19
-948	-239	56
-1040	-212	79
-944	-168	118
-1066	-205	126
-948	-292	184
-1121	-321	231
-824	-223	193
-704	-260	166
-904	-457	148
-1108	-621	190
-1181	-672	287
-1053	-674	307
-956	-592	232
-1289	-688	112
-1415	-521	137
-1313	-360	140
-888	-205	67
-825	-217	62
-922	-272	67
-1000	-226	112
-932	-157	113
-1069	-242	136
-868	-200	243
-1071	-292	217
-929	-221	220
-751	-269	143
-831	-330	159
-1113	-653	231
-1178	-665	321
-1109	-668	327
-1130	-793	96
-1057	-661	80
-1425	-492	39
-1114	-253	73
-797	-225	63
-852	-252	8
-946	-285	-2
-1042	-176	46
-938	-168	63
-961	-241	147
-941	-253	216
-1079	-305	248
-865	-223	219
-744	-212	180
-863	-378	159
-973	-532	188
-1092	-717	272
-1095	-684	262
-1258	-687	185
-1269	-589	73
-1386	-528	78
-908	-253	102
-740	-269	52
-825	-265	49
-946	-241	56
-1040	-225	56
-1079	-164	88
-1097	-218	152
-1032	-285	249
-1127	-300	236
-936	-212	225
-663	-269	158
-762	-336	120
-1098	-573	169
-1124	-533	225
-1058	-572	187
-1133	-591	145
-1069	-607	176
-1357	-488	175
-1197	-272	188
-783	-233	147
-724	-240	120
-852	-260	115
-972	-237	108
-1069	-202	120
-1170	-234	111
-1064	-245	147
-1232	-292	232
-1023	-218	225
-645	-266	135
-674	-287	126
-829	-281	140
-1305	-404	199
-1472	-500	275
-1218	-561	255
-994	-521	216
-1047	-461	200
-1100	-320	91
-1069	-266	99
-925	-221	43
-912	-221	19
-884	-185	23
-901	-175	44
-936	-196	71
-999	-265	153
-769	-224	220
-1060	-313	259
-1064	-239	214
-921	-280	159
-970	-409	120
-1025	-460	113
-1048	-553	199
-1041	-645	199
-1213	-665	192
-1073	-576	167
-1287	-610	92
-1140	-296	115
-920	-292	81
-865	-272	67
-973	-252	79
-1096	-196	62
-1121	-202	71
-1058	-215	103
-848	-200	244
-993	-234	236
-985	-183	216
-785	-180	204
-786	-295	142
-928	-308	80
-1080	-345	110
-1208	-596	167
-1145	-648	147
-985	-607	187
-1095	-641	112
-1256	-353	107
-1036	-285	111
-897	-296	63
-964	-260	-9
-1053	-216	3
-1136	-205	14
-1065	-233	29
-1072	-242	25
-856	-293	204
-996	-305	214
-824	-176	155
-761	-196	127
-898	-311	123
-1034	-328	81
-1113	-440	150
-1129	-696	185
-1210	-720	179
-1041	-588	124
-1200	-644	71
-1116	-349	92
-930	-288	79
-856	-260	60
-1016	-245	-16
-1069	-157	-13
-1056	-154	19
-1056	-184	71
-941	-244	135
-904	-304	180
-1039	-308	201
-824	-199	216
-808	-247	184
-1044	-519	147
-1136	-608	215
-1073	-533	300
-1089	-752	120
-1181	-778	56
-1292	-665	24
-1401	-535	14
-868	-241	94
-784	-265	64
-829	-272	8
-980	-242	20
-986	-173	39
-900	-194	124
-986	-212	135
-1053	-281	183
-1185	-301	263
-1050	-281	280
-756	-273	179
-800	-368	137
-961	-554	231
-976	-616	248
-985	-739	204
-1256	-706	136
-1184	-562	131
-1380	-524	88
-1200	-333	104
-796	-249	92
-781	-247	56
-831	-232	46
-968	-208	60
-1048	-196	79
-1007	-212	140
-927	-226	161
-1132	-319	275
-1028	-292	275
-847	-241	185
-911	-378	160
-948	-464	210
-1000	-625	248
-968	-689	236
-1185	-626	195
-1149	-578	167
-1356	-549	99
-1221	-272	99
-961	-207	118
-815	-266	39
-852	-260	56
-930	-232	89
-1047	-193	88
-908	-148	156
-828	-232	145
-941	-252	211
-1081	-304	255
-920	-217	179
-880	-301	143
-985	-476	126
-1005	-531	188
-965	-733	199
-1037	-680	163
-1156	-560	120
-1412	-609	31
-1450	-450	63
-928	-277	88
-832	-276	62
-922	-237	33
-989	-220	56
-1049	-177	64
-985	-202	103
-936	-239	150
-993	-281	244
-1145	-263	228
-884	-184	193
-850	-281	159
-887	-410	140
-1044	-620	204
-1026	-623	241
-1025	-664	168
-1177	-703	135
-1377	-628	76
-1368	-489	84
-1133	-311	96
-767	-228	79
-797	-223	41
-968	-258	76
-1058	-213	55
-1028	-177	111
-1008	-234	147
-836	-201	215
-1201	-300	227
-1042	-200	220
-809	-284	179
-856	-380	159
-957	-506	190
-1000	-593	286
-980	-605	259
-1138	-618	217
-1162	-536	159
-1365	-388	112
-1076	-265	124
-864	-282	89
-804	-257	46
-884	-239	63
-1073	-178	99
-1010	-153	96
-980	-202	169
-825	-170	227
-996	-296	167
-992	-288	158
-839	-260	132
-879	-428	139
-912	-508	135
-953	-592	163
-1039	-682	192
-1276	-669	137
-1224	-584	88
-1415	-549	65
-993	-260	108
-824	-260	84
-752	-260	56
-889	-260	48
-957	-221	46
-1001	-151	88
-1173	-221	115
-936	-228	248
-1057	-305	214
-985	-248	212
-781	-232	145
-825	-334	153
-969	-609	199
-994	-548	273
-985	-634	223
-1069	-616	172
-1124	-621	168
-1434	-516	83
-1248	-345	103
-719	-282	76
-690	-279	39
-765	-276	49
-1008	-208	76
-1117	-172	55
-1137	-167	92
-885	-184	204
-1133	-336	214
-1037	-276	211
-828	-205	184
-724	-316	161
-813	-415	180
-1037	-532	275
-1081	-513	307
-1345	-453	260
-1117	-381	211
-1221	-441	135
-1053	-304	131
-839	-250	105
-709	-231	51
-799	-228	56
-1113	-159	55
-1200	-154	63
-1112	-153	120
-936	-228	155
-821	-260	220
-853	-281	195
-781	-217	171
-776	-218	126
-973	-429	144
-1053	-488	175
-1349	-504	275
-1050	-288	209
-912	-540	147
-991	-552	91
-1154	-538	57
-1004	-241	44
-912	-245	44
-818	-208	31
-938	-186	35
-1119	-119	19
-1209	-185	36
-1081	-191	175
-1089	-316	247
-865	-255	273
-538	-225	174
-573	-253	227
-897	-554	243
-1133	-769	224
-1161	-836	224
-1128	-797	120
-1210	-793	30
-1414	-536	51
-1151	-336	75
-872	-260	81
-762	-208	44
-817	-223	49
-980	-239	71
-948	-185	92
-980	-242	188
-933	-237	236
-1104	-328	222
-1100	-274	195
-921	-336	176
-850	-423	88
-857	-552	112
-916	-722	179
-961	-721	166
-1026	-617	150
-1269	-653	78
-1453	-621	92
-1124	-301	104
-857	-257	111
-770	-271	56
-889	-217	67
-921	-208	68
-912	-180	63
-922	-171	126
-941	-252	172
-1169	-301	265
-1288	-320	260
-840	-255	184
-781	-271	119
-857	-466	70
-893	-604	89
-991	-761	159
-1005	-621	115
-1168	-653	83
-1380	-649	27
-1421	-557	75
-864	-290	137
-756	-279	83
-865	-263	76
-932	-266	76
-1032	-217	86
-1025	-144	151
-1060	-208	147
-1048	-272	224
-1140	-281	231
-781	-225	172
-749	-272	140
-813	-356	118
-962	-554	199
-992	-636	264
-1025	-591	244
-1168	-655	216
-1145	-517	176
-1469	-484	62
-1249	-317	115
-749	-248	46
-801	-221	-4
-994	-181	31
-1005	-170	30
-967	-207	48
-954	-260	104
-892	-265	163
-1261	-300	228
-1159	-272	211
-804	-261	140
-856	-372	103
-941	-473	120
-996	-639	199
-993	-708	214
-1218	-569	206
-1108	-497	172
-1405	-456	129
-1213	-282	143
-961	-226	120
-820	-232	59
-857	-221	79
-976	-205	38
-984	-210	47
-871	-197	84
-991	-228	161
-1120	-239	216
-993	-253	222
-815	-261	179
-866	-433	148
-911	-500	199
-938	-537	239
-1028	-676	199
-1229	-681	174
-1184	-532	84
-1423	-564	27
-1071	-292	110
-872	-269	92
-807	-253	56
-836	-193	56
-880	-194	88
-964	-199	103
-1012	-234	127
-845	-229	225
-1096	-328	239
-1241	-288	246
-848	-255	177
-802	-336	159
-912	-487	159
-940	-532	203
-980	-648	179
-1112	-581	183
-1181	-580	192
-1337	-548	81
-1288	-429	112
-840	-264	111
-767	-272	81
-813	-269	55
-1008	-215	79
-1069	-204	65
-1005	-175	124
-1049	-207	140
-1071	-244	219
-1137	-250	223
-948	-212	220
-744	-257	131
-788	-376	120
-993	-615	200
-991	-568	247
-1284	-708	193
-1274	-600	216
-1164	-537	156
-1261	-468	87
-1049	-325	103
-869	-217	62
-889	-200	40
-941	-157	33
-1033	-164	7
-984	-191	51
-945	-285	152
-772	-263	201
-1153	-308	228
-1069	-277	177
-921	-260	153
-948	-514	158
-994	-513	223
-935	-673	207
-980	-692	190
-1215	-597	187
-1210	-504	144
-1416	-520	63
-1177	-263	92
-913	-201	86
-883	-217	56
-919	-207	44
-911	-200	87
-911	-221	88
-895	-217	92
-855	-245	195
-1069	-292	207
-1108	-260	176
-882	-225	135
-849	-306	148
-905	-508	135
-909	-538	176
-968	-626	216
-1012	-537	209
-1178	-521	198
-1325	-576	119
-1413	-541	81
-1032	-188	110
-877	-208	88
-882	-248	55
-882	-231	62
-906	-237	70
-970	-220	88
-1001	-237	96
-925	-282	264
-1229	-313	136
-953	-196	228
-820	-344	236
-856	-490	156
-921	-529	179
-970	-616	182
-1188	-682	124
-1209	-601	144
-1332	-597	57
-1264	-452	83
-1005	-288	110
-735	-272	87
-816	-290	46
-999	-208	94
-1000	-196	96
-909	-185	92
-1017	-205	97
-964	-232	115
-1213	-333	259
-996	-290	200
-724	-280	119
-788	-377	120
-956	-552	198
-978	-618	243
-1012	-679	255
-1156	-485	217
-1177	-473	124
-1398	-348	88
-1129	-218	126
-765	-232	44
-746	-225	28
-754	-233	39
-877	-237	19
-909	-211	23
-1144	-255	105
-1015	-229	167
-1114	-264	225
-1042	-308	184
-840	-288	118
-840	-445	135
-861	-532	140
-900	-596	176
-973	-648	172
-1113	-551	147
-1223	-461	118
-1416	-548	39
-1161	-209	88
-858	-199	97
-772	-264	28
-825	-260	32
-898	-207	51
-996	-170	60
-956	-185	118
-840	-237	171
-1034	-281	204
-1296	-351	208
-914	-269	161
-820	-365	167
-836	-498	103
-912	-564	108
-1009	-724	176
-1138	-681	163
-1263	-580	176
-1264	-509	83
-1373	-474	78
-921	-257	126
-788	-281	102
-804	-237	60
-863	-228	67
-932	-225	76
-927	-164	126
-1071	-225	120
-1090	-284	201
-1268	-327	249
-793	-224	182
-708	-272	156
-727	-333	132
-961	-577	174
-1012	-613	231
-1160	-647	198
-1332	-546	216
-1076	-433	176
-1338	-541	60
-1133	-309	103
-765	-264	67
-770	-264	28
-887	-217	35
-953	-165	15
-1040	-194	15
-1056	-233	123
-936	-260	111
-1181	-333	207
-1201	-357	252
-793	-288	176
-800	-372	142
-840	-421	144
-961	-537	211
-989	-615	235
-1352	-577	179
-1121	-357	201
-1311	-500	68
-1296	-354	52
-1060	-232	94
-800	-237	59
-793	-213	42
-807	-202	46
-824	-188	36
-906	-255	44
-1058	-249	104
-989	-274	156
-1364	-361	244
-1197	-319	212
-776	-287	147
-749	-360	102
-778	-452	86
-932	-592	193
-985	-644	236
-1002	-497	188
-1124	-624	152
-1545	-489	110
-1447	-303	127
-1157	-221	88
-829	-208	51
-772	-218	41
-813	-202	68
-898	-217	76
-788	-160	137
-980	-212	153
-1048	-253	126
-1337	-353	307
-1181	-354	182
-898	-400	127
-865	-456	140
-840	-568	120
-865	-669	148
-930	-658	163
-1217	-618	108
-1266	-570	92
-1464	-456	60
-1245	-290	60
-946	-210	72
-831	-220	19
-885	-233	9
-976	-194	39
-937	-198	67
-927	-263	99
-833	-250	188
-1113	-277	214
-1080	-232	188
-865	-197	185
-876	-415	116
-973	-516	144
-1009	-656	192
-999	-703	188
-1042	-625	152
-1100	-471	135
-1252	-503	52
-1124	-375	112
-911	-316	108
-797	-305	71
-908	-248	39
-964	-236	35
-1002	-168	63
-922	-168	78
-936	-221	159
-976	-240	166
-1209	-320	211
-872	-228	140
-764	-292	144
-823	-466	112
-949	-564	159
-964	-657	228
-1008	-612	200
-1082	-532	151
-1320	-577	96
-1458	-509	70
-1072	-274	72
-847	-237	84
-773	-234	56
-853	-221	49
-893	-204	60
-866	-183	80
-903	-205	135
-980	-237	185
-1201	-288	263
-1256	-322	222
-817	-306	166
-761	-369	137
-912	-541	120
-959	-576	174
-1021	-704	147
-1018	-565	152
-1192	-625	108
-1265	-567	51
-1341	-522	65
-912	-260	118
-776	-253	96
-857	-257	56
-893	-232	87
-921	-208	88
-932	-178	108
-1076	-232	126
-1121	-269	252
-1225	-269	259
-1004	-217	193
-703	-296	182
-740	-426	175
-957	-597	240
-980	-573	279
-980	-592	212
-1168	-648	153
-1225	-608	143
-1372	-463	70
-1177	-314	80
-772	-256	60
-785	-269	35
-900	-218	44
-946	-186	39
-977	-177	44
-1065	-249	89
-952	-264	135
-1252	-320	255
-1106	-277	207
-867	-266	159
-800	-383	145
-841	-496	151
-921	-653	184
-970	-733	184
-1242	-681	102
-1217	-586	103
-1378	-561	41
-1245	-305	75
-976	-237	83
-770	-249	28
-799	-233	24
-954	-193	51
-1004	-192	51
-945	-205	113
-1017	-241	143
-941	-242	168
-1140	-386	241
-985	-320	159
-864	-445	174
-916	-565	140
-873	-570	179
-876	-714	156
-980	-668	184
-1276	-641	160
-1325	-552	121
-1450	-513	79
-1076	-196	135
-797	-205	110
-733	-234	48
-784	-250	64
-900	-240	52
-877	-228	80
-1042	-241	135
-1064	-273	262
-1329	-298	284
-968	-253	240
-736	-268	176
-752	-392	150
-888	-493	153
-1013	-665	131
-973	-724	124
-1021	-679	79
-1231	-573	75
-1469	-528	25
-1353	-441	55
-852	-311	83
-765	-272	36
-869	-193	11
-960	-185	9
-964	-180	40
-993	-201	78
-909	-239	143
-1124	-336	196
-1224	-301	240
-877	-293	143
-852	-388	136
-941	-597	174
-936	-663	163
-921	-815	72
-879	-573	80
-1124	-720	16
-1613	-525	63
-1441	-381	48
-969	-189	49
-834	-192	24
-825	-180	23
-909	-197	67
-953	-208	43
-889	-237	156
-933	-237	124
-1042	-272	159
-1281	-317	217
-1064	-420	163
-817	-357	158
-834	-452	118
-920	-697	65
-1000	-757	140
-986	-665	199
-1167	-701	91
-1376	-570	56
-1282	-378	73
-1005	-280	95
-807	-253	15
-840	-201	35
-904	-183	67
-1012	-231	24
-904	-225	44
-868	-253	108
-1017	-332	159
-1194	-282	150
-961	-330	67
-834	-397	39
-828	-561	-26
-881	-696	-60
-993	-751	62
-983	-656	79
-1121	-705	-4
-1425	-664	-33
-1400	-509	41
-962	-353	28
-810	-289	44
-848	-252	4
-884	-226	35
-905	-200	38
-900	-183	89
-1047	-244	76
-1105	-305	227
-1344	-359	175
-906	-269	148
-797	-344	104
-769	-402	63
-881	-569	100
-978	-696	132
-1055	-765	147
-1282	-749	104
-1114	-565	113
-1364	-495	78
-1133	-333	112
-781	-281	43
-789	-241	15
-928	-189	56
-953	-153	76
-951	-192	76
-1029	-253	99
-850	-234	184
-1306	-333	201
-1120	-300	164
-735	-336	135
-756	-388	62
-849	-452	70
-999	-642	152
-957	-724	180
-1360	-609	121
-1197	-471	166
-1329	-465	120
-1060	-288	116
-839	-255	92
-769	-248	46
-877	-226	33
-1050	-137	25
-1020	-152	25
-957	-164	43
-847	-287	136
-928	-309	196
-1100	-287	126
-973	-265	126
-813	-391	108
-825	-490	103
-800	-521	129
-1000	-706	163
-1037	-553	196
-1135	-584	130
-1343	-544	71
-1226	-367	91
-968	-288	115
-793	-264	111
-815	-252	35
-856	-256	52
-970	-204	92
-882	-208	144
-1036	-192	124
-1058	-269	152
-1201	-306	224
-885	-276	169
-796	-301	111
-865	-500	119
-905	-592	142
-959	-681	167
-993	-689	163
-1241	-648	120
-1304	-532	63
-1380	-505	103
-980	-263	76
-797	-265	39
-761	-303	-28
-828	-463	-122
-784	-479	-153
-721	-720	-317
-601	-832	-373
-362	-832	-434
-328	-900	-511
-328	-761	-532
-82	-610	-556
31	-602	-584
103	-625	-697
143	-642	-693
174	-677	-776
113	-728	-948
31	-772	-1100
-41	-655	-1057
-79	-644	-1064
16	-490	-700
115	-473	-653
167	-463	-606
204	-477	-645
219	-473	-658
230	-617	-919
191	-692	-1109
156	-836	-983
52	-831	-1025
24	-644	-836
156	-493	-649
223	-452	-552
321	-433	-642
403	-473	-641
425	-601	-893
393	-655	-1098
291	-642	-1204
199	-585	-1177
172	-552	-1081
193	-441	-602
223	-433	-576
239	-413	-578
259	-440	-631
300	-488	-720
328	-688	-829
352	-823	-697
255	-844	-1372
184	-759	-863
297	-738	-692
364	-450	-568
380	-349	-537
448	-500	-520
449	-576	-676
419	-788	-1100
327	-735	-1128
364	-765	-1064
248	-633	-912
188	-553	-689
191	-477	-545
183	-437	-597
204	-404	-777
192	-520	-925
200	-584	-898
139	-824	-877
88	-885	-925
-50	-705	-605
-25	-538	-497
39	-586	-484
126	-569	-592
156	-740	-721
191	-909	-901
127	-944	-970
-41	-928	-818
-71	-912	-842
-133	-994	-738
-148	-696	-281
-137	-559	-192
-421	-436	-113
-642	-321	55
-1140	-305	127
-1360	-329	43
-1736	-377	-20
-1341	-701	207
-1288	-644	104
-743	-409	99
-573	-369	135
-644	-493	123
-824	-463	152
-994	-464	192
-1114	-457	143
-1185	-455	79
-1258	-496	19
-1425	-496	7
-1288	-354	24
-770	-193	48
-693	-212	35
-776	-260	51
-863	-228	79
-921	-253	111
-1042	-244	116
-893	-249	174
-1229	-370	241
-1183	-352	280
-708	-273	167
-701	-312	107
-872	-468	164
-969	-616	255
-1057	-657	313
-1324	-610	185
-1111	-445	191
-1389	-481	-48
-1319	-313	-34
-882	-223	51
-765	-212	-24
-735	-241	-84
-761	-164	-169
-832	-113	-122
-965	-141	-20
-1016	-153	67
-1421	-282	17
-1332	-484	95
-1226	-560	124
-765	-176	184
-656	-377	43
-765	-409	129
-877	-525	185
-964	-677	259
-1069	-502	195
-1224	-568	169
-1645	-520	-32
-1591	-389	-17
-868	-129	152
-765	-197	64
-804	-261	14
-914	-253	81
-975	-226	111
-852	-160	147
-793	-253	147
-1087	-266	280
-1162	-272	265
-989	-228	188
-1018	-476	123
-1145	-740	110
-1087	-711	135
-960	-861	39
-909	-865	6
-1108	-625	71
-1380	-554	47
-1249	-244	145
-967	-177	152
-818	-244	88
-840	-279	63
-877	-274	91
-890	-249	127
-793	-236	168
-880	-248	179
-1097	-273	199
-1185	-313	176
-887	-250	179
-775	-248	184
-887	-544	71
-925	-631	83
-1044	-737	163
-1081	-626	161
-1053	-569	118
-1312	-584	51
-1481	-541	67
-996	-223	140
-808	-232	121
-805	-233	71
-842	-216	95
-937	-220	135
-917	-167	151
-1016	-264	156
-965	-241	230
-1269	-352	216
-941	-264	163
-840	-356	169
-842	-448	124
-968	-685	92
-983	-720	140
-1069	-720	140
-1217	-680	124
-1332	-493	83
-1424	-476	105
-1175	-308	155
-781	-241	115
-761	-233	95
-925	-215	112
-1000	-212	150
-1031	-164	145
-1085	-253	158
-1056	-186	248
-1149	-292	248
-872	-241	222
-753	-303	95
-888	-464	127
-1071	-689	166
-1008	-775	192
-951	-888	89
-1185	-705	108
-1151	-527	161
-1330	-409	79
-1081	-241	137
-879	-241	143
-778	-229	92
-785	-228	97
-921	-213	115
-929	-202	142
-1018	-282	179
-845	-207	268
-1105	-266	252
-1129	-282	176
-945	-269	192
-820	-463	184
-831	-584	206
-914	-761	200
-996	-761	156
-1085	-625	177
-1096	-552	72
-1266	-536	3
-1249	-357	38
-994	-241	91
-800	-237	103
-757	-237	8
-793	-208	38
-941	-225	124
-914	-217	147
-925	-240	198
-941	-221	263
-1151	-362	263
-1074	-404	199
-904	-436	188
-810	-653	207
-793	-744	188
-948	-569	233
-1080	-495	187
-1282	-484	132
-1300	-388	19
-1469	-497	-66
-1144	-226	-32
-868	-217	9
-732	-249	-49
-794	-241	-28
-821	-221	44
-866	-177	243
-932	-216	184
-941	-237	291
-1242	-345	255
-1364	-376	204
-1119	-421	110
-999	-554	28
-877	-717	-57
-872	-772	-32
-919	-697	51
-1061	-668	31
-1034	-557	112
-1409	-580	163
-1386	-437	251
-936	-353	204
-881	-255	176
-999	-161	182
-1010	-146	145
-941	-111	105
-837	-208	176
-778	-304	198
-1351	-344	300
-1316	-322	182
-866	-378	134
-845	-532	120
-855	-625	188
-865	-632	287
-892	-717	231
-1196	-834	99
-1111	-679	99
-1501	-701	-4
-1444	-242	40
-1095	-200	56
-897	-228	-17
-957	-244	14
-1063	-159	24
-978	-161	44
-833	-143	104
-665	-244	217
-848	-249	224
-1129	-272	278
-1002	-199	230
-1005	-569	264
-1040	-569	288
-994	-650	310
-953	-863	184
-1165	-797	108
-1151	-554	44
-1457	-693	-45
-1120	-244	63
-852	-232	54
-773	-247	3
-852	-273	-2
-911	-265	47
-916	-236	72
-968	-221	102
-865	-200	216
-1072	-309	220
-1215	-345	227
-885	-303	175
-801	-391	156
-853	-597	115
-929	-735	99
-962	-837	136
-1167	-733	30
-1165	-625	48
-1412	-626	-103
-1348	-468	-37
-829	-273	28
-717	-247	-10
-740	-237	-28
-833	-153	76
-892	-232	88
-1037	-260	126
-993	-233	167
-1193	-394	232
-1281	-336	177
-1121	-369	144
-733	-359	115
-700	-385	60
-868	-584	46
-1021	-697	91
-1289	-784	68
-1127	-681	86
-1079	-616	33
-1314	-464	8
-1056	-335	57
-720	-260	-5
-733	-212	-18
-789	-205	32
-972	-200	96
-952	-199	96
-1081	-220	144
-978	-221	268
-1164	-354	163
-961	-290	152
-776	-297	147
-764	-413	64
-824	-456	103
-975	-641	220
-1034	-704	198
-1114	-656	112
-1256	-644	12
-1392	-573	-16
-968	-317	65
-761	-293	87
-761	-272	7
-848	-248	1
-994	-217	47
-948	-214	99
-1124	-273	119
-1012	-320	231
-1151	-329	211
-868	-269	135
-772	-290	99
-788	-357	60
-913	-514	96
-976	-578	121
-1053	-756	78
-1213	-769	64
-1330	-607	19
-1450	-549	8
-1213	-368	64
-737	-287	68
-720	-261	19
-889	-212	32
-953	-248	17
-972	-160	102
-1133	-204	99
-919	-194	175
-1121	-388	195
-1025	-305	193
-813	-303	124
-881	-381	92
-1036	-552	127
-1005	-577	185
-954	-717	178
-1104	-669	131
-1098	-609	136
-1370	-615	39
-1341	-456	51
-1138	-322	39
-848	-217	46
-866	-265	25
-1009	-232	-10
-1098	-189	9
-1073	-210	111
-861	-177	190
-898	-192	209
-961	-234	262
-817	-197	247
-865	-280	184
-1073	-447	135
-1201	-432	276
-1104	-575	305
-983	-663	227
-1069	-669	171
-1181	-634	136
-1312	-384	94
-1053	-281	103
-848	-330	19
-921	-288	23
-1001	-273	24
-1069	-191	17
-940	-169	52
-889	-218	142
-861	-205	207
-1056	-280	231
-920	-191	220
-780	-236	184
-932	-441	124
-1085	-561	147
-1090	-685	199
-984	-749	127
-1025	-727	60
-1106	-665	19
-1394	-647	-20
-1041	-314	83
-840	-274	76
-836	-225	33
-936	-242	47
-1010	-208	48
-993	-185	65
-1056	-228	126
-925	-249	220
-1044	-301	224
-897	-217	224
-797	-258	147
-836	-313	124
-1028	-601	176
-993	-564	215
-977	-732	115
-1156	-751	72
-1306	-632	49
-1559	-581	40
-1369	-317	115
-868	-253	108
-804	-244	60
-825	-265	57
-871	-240	57
-901	-209	39
-1012	-269	62
-911	-225	152
-1296	-385	174
-1236	-295	166
-847	-359	131
-804	-420	92
-845	-527	63
-973	-708	110
-976	-772	121
-1184	-733	63
-1104	-615	55
-1464	-552	-1
-1237	-389	31
-932	-301	56
-749	-248	25
-810	-237	4
-957	-202	25
-1017	-205	22
-1037	-273	103
-900	-239	156
-1009	-295	153
-1146	-296	200
-928	-296	179
-817	-389	92
-864	-449	83
-936	-520	100
-975	-716	168
-1023	-621	171
-1111	-581	105
-1316	-633	48
-1281	-344	96
-993	-292	79
-793	-293	41
-788	-239	16
-897	-245	16
-1047	-221	27
-961	-202	63
-852	-269	147
-941	-322	179
-1153	-373	192
-928	-260	152
-808	-353	156
-861	-553	135
-925	-618	151
-961	-848	96
-1005	-840	54
-1197	-778	65
-1368	-621	-26
-1450	-525	-32
-889	-298	64
-759	-288	43
-849	-245	20
-880	-213	56
-881	-185	79
-913	-194	99
-1052	-228	135
-1052	-288	201
-1271	-388	227
-1153	-373	191
-754	-313	132
-760	-392	65
-953	-629	51
-1009	-690	137
-1045	-645	161
-1207	-625	92
-1109	-588	88
-1409	-554	44
-1239	-372	76
-800	-264	62
-761	-263	17
-868	-240	28
-935	-217	44
-1018	-196	64
-1088	-253	127
-948	-221	207
-1116	-333	255
-1072	-265	241
-740	-301	126
-765	-367	88
-884	-509	81
-1069	-656	175
-1010	-746	168
-1231	-804	92
-1081	-618	120
-1263	-572	31
-1194	-352	83
-909	-287	96
-764	-281	27
-836	-272	22
-968	-220	42
-976	-218	32
-885	-212	47
-952	-266	124
-956	-260	179
-1156	-312	188
-911	-245	169
-832	-424	51
-946	-522	75
-1001	-644	92
-913	-709	131
-941	-711	97
-1156	-621	78
-1337	-605	15
-1292	-360	51
-1032	-276	57
-844	-269	32
-840	-248	-1
-912	-221	15
-989	-173	9
-936	-172	44
-919	-232	150
-962	-257	182
-1104	-346	187
-912	-240	152
-850	-301	115
-1007	-576	96
-1032	-608	155
-981	-655	156
-988	-756	59
-1209	-767	64
-1399	-642	-8
-1458	-508	-17
-912	-288	48
-793	-298	19
-813	-253	3
-941	-240	14
-1045	-204	6
-964	-168	43
-954	-232	64
-984	-310	172
-1188	-378	192
-1039	-264	176
-804	-325	135
-837	-413	108
-961	-648	135
-1025	-797	121
-1116	-714	118
-1145	-685	107
-1082	-608	31
-1407	-497	40
-1151	-341	71
-776	-282	24
-800	-244	27
-889	-218	38
-994	-186	22
-953	-173	55
-977	-264	86
-845	-272	191
-1146	-305	196
-1064	-237	159
-920	-281	156
-900	-493	119
-921	-564	142
-937	-730	152
-985	-737	147
-1191	-695	105
-1192	-589	75
-1385	-600	38
-1087	-322	80
-857	-309	70
-794	-240	19
-845	-212	27
-978	-232	41
-928	-224	49
-1025	-217	63
-857	-253	192
-1133	-377	232
-1040	-260	219
-853	-284	203
-793	-468	169
-831	-561	179
-865	-658	183
-1009	-832	156
-1128	-711	115
-1232	-656	7
-1480	-649	-45
-1357	-436	-13
-776	-266	9
-784	-285	-32
-996	-228	-40
-1136	-191	-50
-993	-136	38
-972	-249	86
-730	-248	131
-874	-391	248
-960	-400	294
-877	-375	263
-882	-441	254
-983	-553	271
-989	-666	255
-988	-703	227
-1215	-576	143
-1210	-537	124
-1329	-495	-34
-1266	-303	-40
-853	-202	-31
-799	-257	-44
-864	-269	-49
-1032	-146	-29
-1074	-136	-20
-1176	-297	153
-919	-263	236
-869	-317	204
-928	-276	268
-845	-196	206
-960	-261	150
-1077	-360	96
-1362	-546	152
-1369	-661	151
-1240	-644	183
-1016	-575	203
-1117	-429	163
-1175	-365	115
-1217	-260	107
-1000	-253	38
-949	-196	12
-845	-185	-20
-778	-185	6
-829	-192	15
-978	-245	124
-881	-305	172
-1149	-360	227
-1231	-311	152
-1081	-250	134
-930	-341	63
-970	-426	28
-1017	-672	4
-1000	-733	67
-936	-656	119
-1117	-692	80
-1137	-559	99
-1261	-464	124
-1097	-313	161
-834	-284	115
-872	-292	88
-956	-289	47
-1018	-196	70
-965	-180	51
-1016	-253	96
-913	-244	161
-1207	-340	188
-964	-274	154
-769	-224	137
-857	-385	62
-951	-520	89
-1069	-560	214
-1044	-685	179
-1178	-672	124
-1081	-567	124
-1224	-528	35
-1192	-336	48
-925	-249	62
-829	-297	1
-868	-232	-17
-1033	-207	-9
-1097	-186	4
-964	-161	36
-968	-240	71
-902	-269	176
-1042	-328	191
-881	-232	177
-778	-264	143
-914	-428	73
-1040	-537	120
-1082	-557	232
-1021	-537	224
-1209	-601	227
-1108	-418	224
-1103	-468	206
-1069	-304	92
-932	-274	75
-840	-184	78
-912	-177	51
-968	-199	79
-985	-236	95
-944	-255	100
-933	-207	127
-973	-228	236
-992	-306	118
-893	-256	86
-932	-415	48
-996	-532	39
-983	-576	124
-927	-756	63
-1001	-658	56
-1274	-616	14
-1476	-624	-32
-1085	-308	51
-839	-305	39
-761	-292	17
-952	-263	31
-1041	-201	15
-1007	-193	7
-1053	-192	20
-919	-232	83
-1152	-329	134
-1076	-276	188
-749	-292	116
-740	-293	108
-944	-468	73
-1036	-612	120
-1058	-724	147
-1154	-772	88
-1117	-601	115
-1445	-633	-24
-1325	-444	67
-817	-319	18
-756	-241	-2
-793	-237	-4
-957	-221	-9
-1023	-199	-8
-1089	-208	76
-940	-200	152
-1133	-344	188
-1073	-245	204
-868	-217	166
-761	-317	97
-852	-400	60
-1049	-541	118
-1063	-637	108
-1055	-672	124
-1049	-637	120
-1192	-677	75
-1327	-420	83
-1101	-324	56
-788	-263	30
-794	-229	15
-848	-240	-16
-1063	-185	-23
-1041	-167	1
-996	-264	76
-832	-305	158
-1117	-288	188
-959	-164	188
-801	-231	161
-802	-368	96
-916	-440	68
-1063	-576	120
-1007	-639	132
-1218	-663	143
-1201	-615	108
-1369	-560	57
-1062	-362	68
-865	-308	80
-812	-196	56
-865	-217	14
-941	-196	22
-1050	-153	24
-980	-197	78
-857	-248	120
-959	-288	158
-948	-229	220
-836	-237	190
-855	-327	127
-981	-466	148
-983	-522	159
-945	-737	127
-1005	-689	104
-1168	-632	81
-1385	-713	4
-1449	-559	7
-953	-292	56
-831	-268	39
-873	-260	-13
-936	-217	-16
-992	-144	-1
-879	-152	54
-1048	-293	74
-981	-308	188
-1172	-353	220
-921	-247	164
-848	-336	126
-928	-541	96
-986	-569	142
-980	-628	140
-1007	-652	159
-1193	-701	126
-1273	-586	55
-1397	-538	31
-1293	-373	60
-808	-258	36
-802	-272	3
-978	-244	-10
-1040	-183	-25
-1162	-189	-8
-945	-193	103
-900	-242	207
-1061	-239	120
-1084	-248	248
-804	-316	278
-823	-369	115
-906	-431	192
-930	-543	216
-914	-746	134
-1209	-801	124
-1274	-641	118
-1487	-501	-2
-1264	-335	41
-880	-272	31
-909	-264	-2
-946	-218	-8
-1097	-135	-5
-1025	-168	44
-865	-295	72
-705	-271	163
-856	-322	231
-1100	-285	152
-1053	-264	134
-1017	-409	140
-983	-498	158
-905	-700	160
-960	-689	198
-991	-537	204
-1172	-647	137
-1433	-656	123
-1273	-274	96
-1028	-197	60
-770	-232	19
-820	-249	6
-897	-201	8
-1012	-216	15
-852	-201	110
-976	-255	134
-1031	-258	211
-1015	-315	192
-873	-271	159
-833	-308	86
-973	-505	127
-973	-560	166
-983	-687	126
-1156	-669	102
-1209	-615	65
-1396	-584	7
-1337	-404	44
-816	-287	46
-733	-301	28
-857	-260	18
-991	-228	11
-1143	-209	28
-1085	-196	76
-925	-204	134
-1103	-353	220
-1120	-282	260
-733	-266	199
-708	-297	153
-784	-391	145
-1042	-593	192
-1081	-656	241
-1088	-609	163
-1128	-633	160
-1341	-600	63
-1432	-434	38
-1201	-229	57
-781	-271	0
-752	-277	-20
-868	-193	-13
-1032	-196	-24
-976	-168	89
-1128	-247	96
-933	-188	190
-1124	-375	224
-1081	-301	255
-856	-340	164
-837	-377	124
-936	-505	64
-937	-615	67
-957	-737	92
-1157	-661	115
-1073	-584	104
-1458	-585	22
-1341	-445	60
-1074	-308	76
-817	-217	36
-849	-225	14
-973	-200	27
-1041	-207	22
-993	-229	88
-853	-177	153
-906	-218	167
-1156	-288	216
-945	-276	158
-825	-468	102
-877	-545	92
-970	-673	108
-960	-733	134
-1012	-732	143
-1127	-541	132
-1209	-637	31
-1277	-354	79
-945	-272	67
-713	-241	31
-786	-266	26
-911	-220	23
-1008	-181	-18
-956	-217	31
-981	-320	121
-904	-292	188
-1151	-372	223
-920	-272	193
-757	-333	151
-744	-455	120
-879	-573	120
-1028	-690	192
-1026	-720	179
-1228	-682	127
-1194	-551	62
-1449	-558	31
-1025	-289	68
-816	-292	48
-743	-253	22
-797	-239	44
-840	-194	59
-992	-200	88
-1026	-178	92
-905	-247	227
-1156	-354	216
-1060	-308	207
-808	-313	176
-692	-321	124
-784	-505	75
-928	-616	135
-1037	-729	192
-973	-564	198
-1057	-610	97
-1544	-532	113
-1444	-400	113
-872	-208	95
-737	-241	139
-773	-255	56
-911	-226	76
-921	-231	81
-900	-284	115
-961	-279	129
-1088	-281	174
-1257	-349	190
-937	-324	174
-839	-377	102
-841	-412	126
-853	-596	142
-865	-641	140
-993	-580	182
-1204	-661	108
-1492	-583	35
-1583	-472	47
-1344	-300	60
-825	-242	47
-804	-236	25
-879	-212	25
-952	-191	20
-954	-209	28
-964	-253	99
-833	-229	176
-1325	-359	201
-1180	-265	224
-857	-436	120
-840	-463	131
-897	-560	99
-974	-711	124
-1012	-762	136
-1082	-593	120
-1154	-589	44
-1457	-424	55
-1194	-296	52
-914	-264	54
-879	-193	22
-874	-168	-40
-1161	-202	-1
-936	-196	56
-786	-290	105
-705	-237	184
-1082	-288	131
-1193	-281	216
-946	-381	158
-809	-441	159
-804	-552	126
-861	-656	156
-978	-688	158
-1074	-615	158
-1151	-564	124
-1261	-537	28
-1289	-364	51
-980	-258	62
-788	-224	51
-761	-212	17
-839	-194	44
-927	-209	11
-865	-208	52
-1008	-287	83
-1021	-272	160
-1356	-417	88
-1025	-509	23
-817	-601	33
-628	-727	54
-708	-765	89
-936	-708	96
-1122	-650	-2
-1409	-720	-159
-1384	-557	-359
-1361	-375	-322
-769	-388	-169
-648	-400	-218
-621	-490	-98
-648	-439	-36
-729	-506	-16
-800	-365	191
-1073	-449	273
-1120	-288	268
-1249	-281	160
-1165	-205	156
-898	-377	39
-912	-431	-8
-996	-480	-73
-961	-544	-52
-968	-660	7
-1160	-720	22
-1106	-666	135
-1271	-692	137
-1196	-484	207
-865	-352	188
-797	-305	159
-884	-281	88
-1005	-249	86
-1068	-228	76
-1049	-229	88
-1041	-264	67
-1122	-317	179
-1145	-281	177
-813	-280	169
-765	-292	156
-825	-373	129
-1000	-653	195
-1032	-706	206
-976	-605	179
-1095	-597	127
-1037	-501	113
-1388	-479	59
-1327	-360	51
-917	-221	14
-881	-226	25
-847	-193	7
-872	-207	14
-933	-208	-1
-922	-255	55
-895	-287	65
-1137	-408	176
-1184	-415	207
-1005	-370	153
-881	-413	220
-884	-511	239
-826	-648	169
-914	-738	156
-1096	-557	81
-1081	-480	44
-1009	-506	-20
-1140	-490	-95
-1104	-320	-80
-1034	-292	-170
-962	-277	-167
-970	-338	-236
-981	-285	-177
-1005	-266	-153
-1034	-320	-57
-1114	-432	-1
-956	-557	43
-937	-682	31
-927	-800	-89
-823	-841	-197
-628	-829	-296
-276	-724	-421
-224	-668	-463
-125	-600	-586
-80	-639	-709
-68	-650	-881
-40	-585	-863
-2	-629	-866
57	-532	-956
63	-564	-866
142	-569	-809
207	-522	-749
283	-544	-848
291	-584	-871
311	-548	-800
313	-616	-823
312	-601	-868
321	-672	-881
276	-616	-921
204	-519	-650
176	-513	-776
132	-527	-852
158	-511	-800
263	-548	-756
318	-561	-786
271	-561	-745
255	-544	-778
344	-560	-833
348	-556	-935
304	-557	-1047
295	-528	-993
272	-436	-967
252	-409	-1060
199	-359	-986
211	-381	-786
254	-375	-765
310	-397	-806
313	-415	-832
295	-528	-1117
231	-586	-938
224	-744	-999
99	-733	-809
71	-727	-820
156	-607	-650
224	-608	-570
339	-647	-541
376	-749	-561
396	-756	-545
408	-784	-665
455	-784	-749
320	-719	-840
319	-713	-761
334	-679	-743
312	-580	-912
255	-543	-832
311	-541	-652
368	-557	-685
379	-592	-777
376	-616	-720
407	-648	-708
435	-673	-741
423	-698	-692
443	-738	-776
416	-730	-762
311	-733	-673
243	-729	-592
223	-772	-577
248	-760	-564
320	-793	-572
374	-714	-637
355	-692	-657
327	-716	-676
332	-725	-687
345	-724	-704
316	-740	-689
321	-752	-680
348	-761	-640
367	-743	-671
368	-735	-697
358	-744	-665
368	-753	-652
376	-740	-653
387	-708	-656
409	-682	-656
417	-663	-656
441	-665	-668
449	-657	-639
462	-644	-653
475	-633	-671
489	-628	-669
465	-637	-685
476	-633	-690
480	-632	-689
519	-609	-684
526	-596	-669
559	-552	-664
568	-497	-692
563	-424	-800
547	-445	-793
527	-484	-769
556	-516	-770
547	-549	-776
515	-665	-583
553	-688	-538
550	-680	-639
524	-656	-656
528	-650	-639
486	-681	-624
455	-709	-602
420	-705	-626
393	-676	-665
359	-688	-668
353	-701	-661
368	-658	-623
455	-624	-665
492	-600	-705
551	-633	-744
571	-616	-653
608	-578	-648
627	-516	-762
607	-525	-736
615	-532	-659
608	-556	-661
518	-569	-655
452	-573	-637
404	-617	-633
384	-749	-671
398	-793	-679
387	-717	-729
355	-673	-673
403	-740	-593
444	-776	-578
480	-743	-585
504	-676	-610
521	-656	-674
591	-472	-591
636	-420	-701
631	-380	-733
646	-359	-836
671	-412	-914
560	-485	-872
539	-465	-858
543	-487	-783
566	-492	-760
558	-519	-753
487	-631	-800
399	-626	-653
425	-656	-677
391	-705	-685
297	-781	-756
303	-793	-657
326	-783	-592
382	-720	-570
396	-719	-580
403	-703	-541
425	-704	-552
508	-730	-610
551	-756	-677
546	-722	-704
560	-642	-685
545	-585	-695
499	-528	-817
475	-525	-721
515	-527	-684
551	-525	-664
535	-522	-708
519	-543	-701
536	-532	-697
521	-569	-713
503	-578	-708
497	-609	-689
488	-679	-770
416	-714	-744
331	-744	-737
272	-737	-698
259	-729	-658
263	-767	-656
257	-824	-664
278	-761	-565
316	-745	-575
313	-738	-597
326	-786	-703
300	-791	-788
297	-744	-673
328	-714	-673
353	-649	-689
345	-656	-681
376	-637	-717
384	-656	-730
387	-673	-775
417	-668	-717
448	-648	-721
438	-629	-729
440	-617	-705
464	-612	-701
460	-626	-704
455	-648	-712
432	-671	-701
428	-673	-689
432	-677	-658
430	-672	-652
423	-665	-660
417	-672	-660
420	-684	-669
427	-693	-665
431	-673	-669
438	-665	-681
433	-676	-689
416	-676	-687
404	-669	-665
414	-660	-676
415	-672	-679
416	-695	-696
390	-716	-676
404	-696	-669
408	-688	-669
428	-674	-690
435	-684	-685
404	-700	-660
409	-692	-653
420	-676	-647
415	-701	-642
408	-717	-648
398	-724	-628
401	-733	-637
395	-703	-632
403	-697	-637
416	-713	-637
419	-712	-653
422	-704	-665
360	-712	-660
344	-714	-660
351	-730	-655
350	-753	-653
350	-745	-680
332	-728	-696
323	-729	-671
303	-712	-672
280	-717	-669
272	-751	-666
284	-776	-663
280	-776	-658
270	-749	-689
268	-737	-701
267	-705	-689
262	-738	-648
187	-737	-560
143	-761	-497
103	-769	-508
7	-778	-456
-58	-755	-529
-202	-761	-504
-273	-754	-456
-385	-767	-535
-597	-793	-461
-687	-761	-433
-885	-679	-392
-976	-617	-404
-1044	-561	-232
-964	-596	-151
-909	-589	-57
-772	-538	9
-784	-561	20
-927	-460	71
-953	-437	55
-882	-428	40
-954	-410	84
-1017	-425	24
-970	-388	7
-956	-386	-26
-898	-397	-23
-909	-420	-65
-1021	-298	-31
-1081	-308	15
-930	-308	60
-781	-325	40
-997	-361	23
-933	-344	87
-825	-293	96
-842	-308	87
-945	-345	71
-993	-360	54
-989	-317	55
-944	-376	87
-924	-428	86
-956	-400	71
-970	-351	78
-1168	-485	31
-985	-448	104
-793	-464	68
-848	-378	49
-1032	-479	108
-994	-433	78
-989	-412	107
-858	-407	59
-817	-378	12
-919	-353	20
-953	-336	-17
-928	-280	1
-932	-301	-10
-909	-344	6
-898	-372	59
-869	-394	88
-919	-464	71
-1092	-559	44
-1007	-514	96
-759	-561	-8
-922	-618	-53
-956	-536	-34
-825	-489	-24
-708	-545	-47
-722	-596	-57
-704	-607	-31
-711	-660	19
-700	-665	59
-745	-807	7
-791	-927	-28
-657	-1049	-97
-697	-1146	-212
-564	-1021	-164
-260	-938	-216
-218	-908	-234
-135	-906	-212
-104	-977	-292
52	-824	-196
112	-818	-237
137	-880	-296
92	-1071	-404
92	-1055	-352
107	-994	-354
140	-945	-356
268	-897	-418
359	-861	-399
423	-968	-573
351	-741	-353
376	-656	-461
303	-783	-465
313	-786	-425
383	-781	-413
440	-909	-522
435	-872	-481
447	-916	-407
462	-957	-433
419	-954	-409
406	-960	-369
414	-976	-362
382	-880	-234
328	-1021	-153
377	-1013	-18
471	-994	42
392	-925	179
412	-881	231
414	-858	252
401	-989	227
368	-929	286
300	-900	368
297	-909	364
255	-948	459
231	-952	518
200	-925	528
207	-849	600
193	-826	604
184	-793	664
188	-800	659
211	-714	683
271	-813	543
280	-753	552
312	-973	295
352	-1136	160
320	-1125	65
319	-984	31
307	-970	31
345	-908	35
415	-928	-64
452	-1084	-173
428	-1053	-180
438	-857	-81
467	-936	-88
484	-999	-64
424	-973	-89
398	-980	-36
383	-961	31
382	-997	28
408	-1050	76
424	-1028	140
480	-1039	159
415	-962	236
447	-839	246
425	-877	228
401	-845	225
379	-912	240
304	-951	348
316	-973	412
292	-936	447
280	-882	460
316	-880	407
304	-905	387
288	-906	382
289	-877	380
327	-872	396
387	-953	399
379	-960	400
412	-993	372
448	-1000	337
435	-994	288
408	-892	264
414	-872	228
435	-880	115
424	-872	46
547	-863	-136
590	-884	-205
577	-946	-225
561	-832	-322
529	-876	-404
454	-848	-484
427	-881	-592
408	-855	-535
423	-832	-509
422	-865	-458
432	-945	-498
392	-909	-434
363	-882	-361
342	-861	-324
327	-897	-361
337	-956	-418
331	-978	-400
350	-944	-417
368	-874	-471
363	-791	-524
344	-781	-513
327	-760	-560
257	-733	-650
254	-703	-665
223	-724	-703
230	-743	-708
216	-744	-761
191	-776	-817
147	-756	-777
111	-705	-687
143	-639	-717
103	-621	-788
67	-609	-873
79	-616	-909
236	-639	-788
231	-628	-808
140	-609	-885
124	-641	-861
64	-704	-823
-40	-688	-826
-82	-685	-841
-72	-737	-776
-66	-729	-784
-4	-732	-792
35	-736	-781
51	-825	-713
44	-817	-746
-15	-829	-708
-80	-712	-580
-74	-698	-561
-61	-765	-623
-73	-769	-650
-49	-833	-722
-50	-815	-712
-12	-746	-653
121	-725	-680
174	-720	-740
166	-717	-836
176	-701	-848
176	-689	-788
191	-792	-744
199	-749	-735
163	-706	-756
140	-714	-749
89	-720	-697
76	-745	-722
72	-760	-704
48	-769	-676
46	-769	-653
-8	-793	-661
-12	-789	-647
44	-778	-658
63	-754	-685
56	-761	-685
44	-762	-704
24	-772	-712
-100	-778	-644
-138	-737	-575
-74	-685	-713
-45	-671	-800
-30	-664	-840
-57	-665	-797
-89	-688	-778
-82	-729	-770
-72	-727	-769
-64	-712	-756
-49	-661	-781
-69	-693	-808
-100	-665	-808
-84	-647	-764
-24	-637	-804
-32	-644	-889
-77	-631	-945
-55	-589	-832
-39	-578	-820
-125	-593	-914
-157	-610	-863
-120	-657	-770
-130	-679	-749
-148	-706	-737
-185	-725	-751
-207	-704	-741
-237	-685	-689
-237	-690	-644
-226	-719	-648
-199	-735	-655
-168	-749	-665
-164	-791	-689
-173	-769	-697
-145	-703	-688
-124	-703	-709
-132	-720	-729
-160	-733	-772
-164	-712	-783
-153	-673	-748
-152	-657	-738
-140	-684	-740
-119	-690	-724
-104	-692	-701
-65	-665	-677
-63	-705	-724
-82	-740	-752
4	-756	-701
67	-737	-791
22	-848	-844
-58	-836	-812
-143	-804	-648
-111	-741	-592
-37	-761	-575
-25	-728	-601
-25	-836	-573
-16	-829	-528
-2	-855	-495
-128	-900	-365
-332	-820	-338
-700	-783	-89
-857	-719	48
-909	-607	146
-916	-561	96
-881	-569	72
-920	-680	99
-928	-650	96
-929	-591	86
-996	-585	71
-1095	-610	40
-1111	-589	73
-1196	-490	67
-1120	-340	12
-1087	-292	39
-916	-199	81
-889	-201	75
-937	-239	88
-989	-257	83
-1004	-264	143
-1076	-185	71
-921	-157	143
-810	-138	206
-849	-282	231
-869	-312	196
-882	-320	209
-954	-305	199
-1042	-336	267
-1023	-321	291
-1079	-378	286
-1156	-376	316
-1088	-399	332
-960	-4	64
-996	-61	8
-1186	-23	72
-1076	-40	83
-973	-42	80
-717	-52	95
-681	-148	71
-773	-197	83
-935	-200	47
-1224	-276	-40
-999	-272	54
-1060	-162	76
-1084	-298	-13
-1017	-269	41
-863	-188	152
-888	-186	248
-900	-168	323
-943	-402	382
-1010	-330	310
-1160	-272	208
-1199	-263	144
-1185	-319	71
-1026	-232	137
-884	-249	96
-921	-237	56
-968	-215	41
-1056	-168	19
-1096	-208	23
-825	-245	158
-893	-245	188
-1087	-303	251
-844	-205	312
-725	-249	291
-744	-313	350
-840	-378	352
-945	-420	355
-1065	-444	348
-1077	-365	315
-1021	-345	268
-1112	-320	193
-1164	-216	272
-1009	-221	287
-928	-224	288
-845	-185	284
-749	-136	279
-749	-196	217
-775	-241	207
-837	-336	236
-1028	-336	272
-1119	-474	270
-933	-365	227
-801	-381	263
-753	-474	280
-788	-530	286
-1104	-490	312
-1189	-452	304
-948	-391	289
-1020	-369	132
-1041	-271	131
-932	-238	145
-944	-271	110
-840	-237	102
-834	-223	127
-943	-204	123
-945	-181	184
-909	-220	232
-968	-292	326
-944	-237	316
-919	-241	307
-920	-282	321
-912	-320	312
-957	-343	344
-904	-324	327
-850	-304	344
-809	-340	340
-825	-356	352
-903	-309	284
-904	-316	294
-967	-308	200
-948	-260	161
-945	-282	60
-997	-265	7
-1017	-241	-36
-968	-253	-45
-920	-285	-32
-965	-308	24
-1012	-295	46
-1001	-260	84
-989	-337	152
-940	-340	188
-964	-271	159
-1000	-208	136
-980	-224	127
-960	-239	116
-932	-232	99
-922	-237	55
-953	-276	86
-959	-241	72
-936	-224	80
-889	-349	134
-894	-401	161
-978	-392	139
-989	-340	177
-925	-354	167
-927	-317	167
-921	-288	161
-873	-287	176
-831	-320	195
-826	-328	224
-905	-360	254
-928	-385	278
-872	-409	278
-856	-421	287
-865	-429	280
-871	-412	284
-861	-409	279
-860	-354	252
-904	-360	241
-884	-389	231
-892	-399	236
-872	-418	236
-848	-388	263
-912	-353	207
-932	-274	186
-929	-292	195
-928	-284	168
-904	-241	179
-922	-272	198
-916	-317	206
-943	-340	238
-848	-305	244
-847	-306	215
-881	-327	192
-897	-321	176
-916	-340	156
-957	-357	143
-949	-378	116
-976	-452	51
-1050	-477	25
-1076	-412	12
-1020	-285	-15
-961	-285	-16
-967	-317	15
-1008	-296	3
-996	-218	15
-944	-205	8
-881	-233	12
-839	-330	15
-879	-375	20
-932	-400	38
-968	-416	55
-993	-397	71
-965	-360	94
-948	-333	99
-887	-312	120
-944	-356	148
-897	-287	188
-840	-289	169
-866	-317	184
-952	-340	208
-976	-322	209
-968	-296	135
-938	-288	129
-1084	-332	71
-1149	-319	39
-1002	-233	48
-916	-337	52
-925	-344	43
-1009	-250	30
-1034	-266	48
-888	-303	147
-895	-391	172
-897	-348	227
-893	-317	295
-873	-313	329
-829	-301	382
-849	-280	396
-818	-293	415
-837	-317	420
-873	-312	409
-799	-333	414
-826	-381	399
-928	-338	307
-1066	-357	231
-1144	-386	207
-928	-349	147
-865	-404	135
-807	-385	88
-828	-393	118
-855	-497	204
-840	-492	230
-845	-453	280
-832	-392	329
-898	-381	280
-985	-344	236
-861	-352	248
-1025	-468	191
-1081	-450	193
-1000	-487	206
-765	-585	239
-698	-649	223
-570	-581	248
-713	-560	127
-993	-378	-9
-1197	-436	-120
-1260	-405	-121
-1052	-249	-88
-956	-205	-85
-975	-130	4
-960	-208	-39
-877	624	76
-1345	279	176
-1140	-177	-296
-1217	-273	-80
-1076	-239	-23
-800	-313	212
-720	-341	268
-724	-420	199
-729	-385	123
-868	-400	35
-1260	-285	-138
-1216	-228	-287
-1216	-304	-202
-1305	-416	-98
-1073	-409	-24
-980	-396	-125
-866	-305	-96
-794	-416	-157
-717	-465	-212
-633	-612	-391
-473	-575	-455
-480	-937	-628
-496	-759	-565
-456	-759	-589
-225	-551	-473
-162	-436	-503
-129	-509	-573
-32	-481	-557
-124	-642	-959
-560	-799	-1266
-481	-703	-820
-73	-572	-541
54	-493	-480
88	-541	-685
-247	-1020	-1204
-353	-1040	-1001
-16	-808	-586
171	-640	-544
332	-521	-573
352	-589	-692
304	-628	-813
104	-761	-1168
89	-724	-1265
159	-616	-992
176	-573	-735
227	-452	-505
240	-452	-511
227	-496	-636
185	-624	-908
183	-744	-1161
184	-900	-936
108	-889	-897
124	-696	-700
281	-503	-557
304	-532	-562
375	-564	-532
460	-625	-610
527	-697	-842
448	-744	-1064
401	-701	-885
339	-701	-986
318	-612	-697
355	-549	-504
335	-497	-548
360	-537	-660
387	-665	-740
403	-761	-765
438	-919	-752
345	-873	-809
217	-916	-698
247	-839	-577
316	-656	-352
364	-656	-413
376	-708	-401
412	-832	-445
432	-881	-541
430	-938	-648
432	-986	-775
423	-909	-709
376	-808	-769
335	-719	-633
359	-657	-466
376	-613	-437
396	-696	-498
438	-746	-513
483	-815	-597
534	-839	-594
563	-911	-745
323	-921	-596
300	-911	-692
332	-802	-481
415	-706	-418
462	-649	-421
433	-650	-495
454	-656	-505
556	-769	-592
582	-829	-677
524	-866	-777
508	-802	-633
496	-689	-685
422	-575	-644
406	-599	-576
435	-627	-569
433	-656	-592
435	-684	-576
456	-797	-618
499	-849	-564
495	-791	-589
433	-861	-541
316	-729	-615
276	-765	-676
331	-791	-621
505	-689	-493
540	-624	-541
467	-672	-503
489	-677	-536
535	-661	-537
551	-653	-601
540	-688	-697
536	-691	-793
524	-701	-807
481	-648	-689
451	-623	-609
441	-581	-625
438	-556	-532
451	-594	-529
505	-757	-665
535	-784	-584
560	-897	-749
478	-816	-609
412	-837	-697
332	-704	-580
371	-660	-511
499	-616	-492
484	-616	-519
526	-680	-505
579	-720	-530
583	-736	-605
615	-784	-761
574	-765	-833
496	-696	-733
478	-692	-752
412	-637	-473
431	-607	-468
440	-623	-468
500	-695	-461
568	-769	-466
583	-852	-479
595	-881	-445
648	-954	-545
455	-817	-520
360	-829	-626
287	-761	-526
364	-680	-509
471	-664	-463
476	-660	-477
476	-705	-450
540	-804	-505
563	-836	-561
584	-801	-711
560	-812	-736
528	-700	-751
499	-656	-648
440	-639	-445
454	-592	-465
489	-586	-484
536	-685	-504
569	-749	-596
585	-765	-593
662	-881	-601
583	-826	-663
409	-797	-712
433	-733	-588
559	-605	-447
601	-544	-424
561	-546	-445
576	-633	-455
630	-666	-473
671	-729	-585
691	-741	-680
655	-682	-656
591	-612	-637
563	-553	-639
518	-567	-476
489	-589	-487
523	-594	-536
551	-661	-557
583	-800	-620
624	-853	-554
707	-984	-645
519	-872	-642
436	-793	-687
424	-616	-456
478	-548	-397
524	-529	-369
572	-612	-424
620	-676	-410
672	-769	-514
649	-765	-530
688	-780	-629
675	-744	-618
624	-688	-633
539	-653	-594
529	-610	-476
524	-612	-464
521	-593	-458
624	-653	-471
668	-701	-527
686	-741	-505
703	-836	-615
593	-813	-520
495	-740	-649
492	-725	-471
588	-616	-360
575	-560	-392
552	-580	-416
649	-625	-400
719	-657	-388
697	-680	-516
728	-751	-549
755	-756	-656
689	-681	-620
623	-639	-676
543	-605	-468
551	-572	-425
560	-541	-469
576	-586	-448
628	-647	-464
684	-748	-490
737	-810	-553
574	-788	-516
502	-772	-624
503	-685	-532
572	-660	-506
615	-628	-408
564	-549	-441
575	-581	-424
691	-677	-466
704	-656	-516
743	-697	-561
744	-712	-623
723	-668	-640
632	-551	-677
569	-573	-576
559	-516	-420
591	-508	-456
622	-520	-481
675	-615	-497
711	-669	-557
768	-765	-576
760	-770	-640
563	-720	-616
511	-691	-629
510	-676	-490
647	-573	-410
632	-543	-389
583	-609	-431
620	-625	-372
692	-665	-468
664	-663	-500
783	-652	-521
799	-680	-616
748	-689	-673
550	-666	-624
494	-625	-453
491	-573	-377
552	-557	-445
591	-604	-504
670	-728	-564
671	-744	-588
659	-824	-665
540	-804	-554
505	-744	-697
427	-668	-537
504	-609	-511
585	-552	-437
564	-559	-488
652	-621	-433
739	-656	-464
747	-642	-549
796	-680	-660
755	-648	-757
623	-626	-738
561	-633	-680
536	-596	-449
527	-561	-431
531	-537	-444
607	-592	-433
670	-655	-525
716	-693	-509
775	-746	-645
696	-756	-573
524	-746	-648
480	-743	-586
564	-669	-482
563	-629	-440
568	-615	-472
595	-637	-464
624	-657	-442
692	-676	-495
736	-695	-569
720	-685	-634
691	-626	-623
625	-557	-644
599	-541	-529
588	-538	-479
604	-503	-472
620	-528	-496
681	-612	-479
703	-660	-519
743	-722	-569
785	-804	-575
739	-765	-621
524	-693	-616
451	-687	-636
531	-616	-461
592	-568	-432
572	-556	-456
572	-616	-468
611	-633	-450
743	-647	-544
745	-648	-568
819	-689	-724
696	-672	-753
622	-607	-754
495	-580	-509
505	-557	-377
536	-493	-493
543	-528	-506
652	-629	-573
691	-690	-637
696	-722	-607
608	-756	-719
492	-865	-637
440	-714	-557
491	-592	-473
569	-503	-457
580	-516	-429
595	-541	-487
719	-601	-541
726	-608	-618
780	-640	-761
707	-637	-800
652	-656	-825
460	-637	-616
423	-572	-481
486	-524	-512
499	-512	-569
511	-639	-649
542	-689	-698
595	-717	-600
587	-749	-764
502	-800	-697
380	-765	-680
422	-652	-516
587	-468	-436
592	-477	-464
577	-516	-458
673	-612	-573
670	-644	-655
760	-697	-701
727	-625	-756
681	-621	-753
505	-609	-672
467	-604	-500
505	-532	-452
542	-544	-552
595	-596	-557
639	-649	-644
652	-684	-612
648	-784	-672
524	-788	-552
387	-728	-681
396	-665	-537
577	-544	-410
568	-538	-424
552	-575	-460
580	-644	-463
611	-657	-471
643	-657	-617
739	-712	-650
743	-749	-674
691	-697	-724
611	-648	-792
454	-562	-481
464	-529	-452
476	-541	-497
492	-588	-520
526	-669	-564
604	-823	-576
632	-968	-562
479	-905	-609
454	-848	-630
448	-610	-548
480	-473	-457
552	-433	-413
628	-543	-456
656	-609	-480
731	-730	-571
720	-744	-640
641	-781	-817
575	-743	-776
535	-668	-772
488	-544	-500
489	-511	-436
504	-506	-511
518	-530	-497
671	-681	-580
665	-713	-559
711	-810	-634
540	-850	-512
483	-801	-689
496	-680	-543
508	-612	-505
511	-591	-440
528	-584	-448
559	-562	-461
632	-695	-524
655	-720	-580
785	-729	-722
688	-689	-820
595	-656	-717
524	-597	-688
519	-569	-537
550	-516	-500
540	-505	-512
574	-600	-506
604	-658	-578
615	-709	-578
744	-808	-701
647	-762	-612
487	-743	-816
438	-716	-601
575	-545	-450
592	-537	-420
576	-561	-449
591	-628	-436
662	-657	-490
660	-653	-490
745	-709	-561
767	-706	-698
624	-677	-712
574	-672	-657
547	-610	-441
537	-562	-464
534	-576	-476
575	-628	-440
607	-708	-497
675	-761	-473
774	-852	-649
524	-818	-600
492	-793	-733
470	-676	-520
543	-601	-458
566	-593	-409
547	-644	-432
579	-652	-426
671	-677	-505
664	-701	-549
679	-740	-652
680	-717	-658
659	-685	-680
566	-633	-601
528	-596	-508
519	-535	-448
560	-548	-466
576	-578	-472
639	-688	-528
651	-730	-500
719	-832	-652
601	-824	-519
504	-738	-660
487	-713	-569
504	-690	-533
568	-621	-432
555	-604	-458
563	-658	-429
572	-644	-440
655	-677	-504
671	-697	-497
721	-775	-525
671	-717	-679
627	-668	-631
575	-601	-676
521	-596	-577
504	-584	-471
567	-569	-477
583	-591	-493
627	-681	-509
639	-714	-520
728	-786	-569
679	-805	-660
511	-797	-514
480	-738	-660
454	-727	-557
553	-633	-447
574	-628	-468
531	-661	-477
568	-666	-466
632	-676	-445
664	-687	-537
711	-708	-498
728	-648	-660
691	-612	-637
657	-620	-712
504	-576	-537
499	-538	-561
643	-479	-528
600	-456	-682
435	-525	-724
457	-697	-721
462	-893	-433
903	-898	-708
704	-808	-608
455	-633	-696
463	-596	-588
604	-711	-584
263	-527	-636
609	-679	-519
961	-610	-612
811	-727	-360
496	-705	-484
675	-772	-497
771	-728	-585
710	-687	-548
724	-625	-618
620	-685	-520
535	-626	-442
540	-528	-404
603	-602	-412
662	-657	-361
707	-696	-385
662	-720	-349
761	-855	-474
728	-842	-495
529	-848	-509
539	-788	-490
555	-741	-449
583	-640	-373
540	-644	-356
585	-737	-346
591	-740	-306
675	-759	-418
635	-753	-372
681	-769	-468
696	-744	-617
624	-669	-656
551	-724	-592
513	-665	-496
508	-564	-445
524	-632	-433
559	-672	-433
636	-744	-520
625	-784	-481
569	-791	-553
539	-839	-545
499	-861	-616
507	-797	-567
508	-784	-473
511	-688	-353
526	-681	-360
536	-703	-351
579	-689	-416
571	-749	-388
675	-845	-533
672	-808	-596
638	-730	-637
560	-773	-623
502	-652	-439
487	-584	-441
487	-648	-392
564	-720	-466
600	-769	-541
644	-777	-527
575	-884	-749
380	-949	-594
358	-824	-557
384	-828	-592
435	-789	-461
431	-744	-449
448	-772	-402
441	-697	-417
423	-749	-404
455	-776	-397
600	-805	-498
631	-847	-544
607	-724	-577
542	-770	-501
519	-728	-472
528	-680	-484
560	-626	-448
595	-679	-433
611	-716	-440
639	-744	-441
688	-876	-496
711	-904	-554
593	-748	-489
409	-793	-711
361	-839	-548
523	-601	-498
504	-609	-448
480	-652	-428
504	-692	-484
531	-748	-504
553	-778	-552
548	-820	-669
598	-840	-769
568	-656	-721
543	-537	-744
463	-665	-616
447	-672	-496
487	-565	-488
507	-665	-471
566	-705	-468
628	-743	-490
647	-784	-498
652	-911	-557
614	-881	-608
387	-749	-671
280	-762	-605
376	-733	-532
440	-640	-513
481	-644	-476
455	-716	-464
473	-738	-461
543	-740	-449
572	-746	-445
576	-792	-468
665	-824	-572
671	-810	-648
543	-714	-676
472	-704	-672
435	-687	-505
455	-640	-457
480	-580	-441
536	-668	-449
572	-714	-461
611	-793	-505
624	-837	-484
615	-948	-639
499	-873	-601
372	-770	-649
294	-807	-564
375	-783	-520
490	-644	-455
481	-647	-441
487	-712	-429
515	-754	-439
534	-783	-469
611	-865	-472
687	-836	-591
623	-812	-685
575	-653	-688
542	-612	-672
483	-641	-541
492	-656	-464
542	-513	-458
563	-628	-432
587	-712	-450
606	-743	-487
627	-800	-497
665	-943	-610
595	-874	-608
359	-697	-656
327	-818	-578
460	-697	-505
496	-655	-456
488	-680	-421
495	-751	-393
527	-772	-385
558	-793	-453
560	-820	-464
612	-872	-541
643	-817	-633
659	-693	-676
544	-615	-637
519	-616	-552
548	-568	-457
542	-537	-455
532	-613	-447
574	-714	-503
600	-765	-522
657	-853	-528
675	-914	-645
412	-761	-656
350	-788	-660
356	-852	-577
465	-649	-456
470	-661	-448
436	-769	-431
508	-778	-429
551	-775	-432
601	-772	-389
635	-817	-448
652	-1010	-628
616	-999	-778
473	-656	-701
427	-623	-680
435	-665	-569
480	-640	-476
472	-589	-445
4095	4095	4095
852	1558	85
