Activity Name: walk/
UserID: 637
StartTime: 0
x	y	z
665	-1170	-136
566	-816	-220
564	-695	-260
536	-792	-229
392	-913	-136
308	-861	20
352	-809	20
463	-826	-63
526	-874	-42
536	-865	-49
584	-881	-49
627	-1033	14
648	-1122	92
766	-1213	71
752	-1231	-15
488	-992	-95
423	-865	-141
352	-889	-41
329	-881	99
358	-784	112
424	-634	52
504	-605	11
615	-713	64
600	-857	168
548	-897	156
577	-976	124
585	-1079	135
647	-1289	252
617	-1229	169
553	-913	88
563	-804	116
606	-941	87
497	-840	62
337	-612	48
294	-532	78
335	-617	182
376	-865	216
337	-961	262
382	-1053	203
367	-1261	347
368	-1559	312
387	-1610	192
310	-1405	-132
183	-1068	-178
215	-997	-145
217	-813	63
263	-783	88
340	-724	-18
465	-685	-69
528	-669	48
568	-831	131
575	-932	177
611	-1071	224
652	-1225	264
711	-1364	145
566	-1289	62
519	-989	-109
508	-1173	-200
396	-1261	-56
371	-1045	-221
275	-552	-168
68	-375	159
96	-618	371
353	-584	169
348	-840	496
295	-1055	560
240	-1274	355
435	-1465	480
470	-1501	531
408	-1384	359
371	-1128	211
155	-984	76
136	-783	-8
159	-505	-58
152	-305	-159
145	-249	-164
144	-476	-141
166	-720	-36
159	-1084	-72
222	-1501	-153
367	-1936	-116
639	-2048	-136
492	-1844	-380
329	-1399	-865
103	-1397	-735
-4	-1568	-336
-55	-1404	-386
-173	-1217	-116
-225	-1044	159
-288	-893	124
-340	-656	143
-401	-201	304
-392	17	284
-309	-32	222
-428	-68	176
-733	-109	39
-1636	-344	-298
-2048	-909	-572
-2048	-1005	-649
-2048	-513	-356
-2048	-365	-225
-1975	-561	-589
-1849	-824	-920
-1362	-1076	-864
-912	-954	-658
-628	-877	-506
-448	-935	-625
-517	-957	-668
-837	-988	-640
-1140	-956	-528
-1545	-957	-473
-1978	-916	-440
-2048	-879	-570
-2048	-919	-736
-2048	-615	-671
-2048	-312	-553
-1652	-252	-561
-1209	-148	-580
-840	-2	-514
-616	68	-205
-480	39	-13
-469	328	63
-514	231	-1
-1032	-143	-61
-1452	-253	-89
-2041	-656	-236
-2048	-876	-205
-2048	-516	-196
-2048	-420	-453
-1972	-589	-677
-1817	-764	-616
-1556	-776	-487
-1208	-1005	-412
-737	-1113	-458
-609	-996	-432
-778	-804	-436
-972	-818	-369
-1330	-733	-308
-1829	-573	-429
-2048	-537	-578
-2048	-464	-705
-2048	-388	-770
-2048	-221	-698
-1693	-154	-567
-1413	-57	-516
-1076	199	-511
-765	311	-288
-673	455	-253
-641	460	-358
-1245	140	-304
-1586	-113	-225
-1829	-249	-296
-1925	-381	-333
-2024	-328	-401
-1877	-426	-466
-1812	-450	-345
-1640	-452	-253
-1437	-657	-247
-1242	-938	-145
-1096	-1106	-47
-1096	-945	-137
-1113	-594	-64
-1101	-412	67
-1337	-375	-52
-1805	-439	-386
-1933	-381	-576
-1864	-224	-596
-1873	-106	-608
-1680	-84	-604
-1437	-25	-463
-1306	14	-477
-1079	19	-377
-949	-52	-192
-712	393	-226
-663	383	-221
-1000	67	-183
-1261	-98	-201
-1471	-194	-221
-1633	-400	-325
-1677	-600	-447
-1705	-564	-376
-1741	-402	-192
-1545	-396	-284
-1335	-453	-328
-1236	-744	-232
-1033	-1017	-221
-927	-1112	-220
-937	-727	-164
-1220	-633	-104
-1551	-564	-201
-1753	-292	-340
-1786	-164	-357
-1704	-196	-404
-1588	-183	-441
-1463	-135	-480
-1309	-121	-461
-1287	-96	-400
-1145	56	-305
-773	406	-89
-569	316	-68
-735	87	-74
-1200	7	-164
-1509	-88	-160
-1695	-201	-125
-1652	-367	-172
-1453	-468	-225
-1348	-304	-296
-1434	-354	-400
-1457	-559	-418
-1346	-716	-397
-1192	-842	-245
-1089	-909	-144
-1112	-865	-205
-1057	-639	-228
-1108	-552	-136
-1327	-485	-105
-1577	-292	-255
-1688	-184	-369
-1576	-157	-381
-1525	-136	-365
-1434	-121	-381
-1216	-100	-372
-1049	-74	-282
-1064	-84	-221
-953	-68	-66
-769	-57	39
-656	-63	8
-785	-136	1
-1097	-209	31
-1416	-441	15
-1473	-405	-125
-1357	-264	-79
-1220	-264	-106
-1341	-442	-282
-1298	-628	-312
-1209	-621	-180
-1137	-568	-52
-1000	-665	-57
-1049	-727	-154
-1056	-607	-240
-1040	-351	-167
-1154	-383	-100
-1400	-445	-260
-1533	-340	-377
-1498	-208	-372
-1485	-89	-328
-1513	-136	-372
-1373	-200	-361
-1272	-146	-272
-1217	-97	-222
-1064	-81	-199
-781	24	-116
-564	-49	-96
-671	-205	33
-909	-109	67
-1161	-84	-1
-1376	-154	-9
-1490	-228	-32
-1431	-253	-153
-1473	-392	-349
-1482	-597	-305
-1353	-533	-172
-1241	-471	-89
-1156	-557	-34
-970	-713	-121
-938	-808	-136
-873	-562	-130
-1026	-388	-132
-1329	-460	-208
-1585	-400	-322
-1737	-257	-424
-1585	-109	-408
-1508	-136	-330
-1413	-202	-340
-1277	-207	-344
-1208	-241	-258
-1199	-199	-173
-970	-82	-40
-714	-52	152
-621	-202	303
-661	-244	272
-881	-160	152
-1056	-89	67
-1145	-82	-49
-1248	-250	-217
-1488	-448	-343
-1605	-577	-569
-1517	-613	-463
-1369	-665	-256
-1204	-589	-228
-1113	-634	-240
-1076	-748	-292
-975	-816	-266
-904	-628	-154
-1064	-781	-225
-1354	-716	-324
-1680	-570	-402
-2004	-616	-500
-2048	-824	-528
-2037	-900	-505
-1721	-984	-429
-1328	-783	-168
-1060	-672	-8
-665	-865	255
-354	-749	726
-12	-482	833
288	-404	668
414	-249	376
335	71	273
380	131	270
511	67	100
496	302	7
480	377	-32
568	599	-177
623	892	-20
803	896	192
1020	665	335
1087	537	222
1056	511	63
1043	431	-84
972	454	-146
924	332	41
787	239	284
627	179	312
532	152	209
608	192	81
760	214	8
855	384	76
1111	495	99
1337	425	318
1238	496	254
974	488	-18
739	500	-4
656	552	191
694	535	319
760	369	228
652	262	48
507	310	-52
523	403	-49
636	499	-81
796	647	-18
968	702	158
1104	630	295
1169	519	339
1001	371	204
902	358	-68
915	271	-113
908	223	135
784	252	387
632	207	348
523	198	179
551	223	83
627	316	96
764	423	91
1075	486	92
1383	455	231
1409	524	295
1176	384	204
915	232	295
726	255	374
723	297	219
684	280	63
560	291	-26
531	419	-73
595	511	46
723	571	158
924	609	188
1092	591	291
1201	480	488
1014	415	479
787	432	185
726	424	-18
743	348	24
744	216	230
660	163	396
620	144	335
660	147	201
755	168	233
819	243	295
956	340	321
1147	339	415
1257	457	395
1175	415	312
935	188	360
812	184	446
780	254	491
739	240	352
639	217	144
552	307	15
552	408	38
600	476	163
723	508	319
956	543	483
1119	502	607
1159	435	571
963	428	263
879	388	-33
860	323	-34
854	191	175
739	137	424
588	201	412
568	184	271
607	216	167
704	179	79
864	235	112
1105	407	174
1340	585	287
1350	615	236
1112	342	40
832	252	120
720	319	303
696	287	380
646	217	270
551	232	92
547	304	-32
635	404	-47
777	560	12
902	705	161
952	732	264
1043	665	280
1009	575	204
926	462	-32
887	415	-125
854	294	31
759	132	252
616	124	335
556	137	230
627	131	201
719	224	167
920	238	127
1176	300	159
1400	344	248
1351	376	307
1057	335	161
860	265	137
780	247	327
824	246	382
803	176	280
639	183	100
519	284	-18
518	419	-8
630	576	60
819	646	156
1030	553	280
1240	480	444
1176	432	496
974	364	244
860	320	23
803	275	-32
760	217	83
662	184	248
587	121	252
588	92	199
647	132	265
796	199	311
1022	259	350
1248	360	372
1366	359	396
1155	307	279
944	167	319
822	124	495
819	184	431
767	175	259
591	199	84
480	299	1
511	424	46
597	540	195
792	515	367
1031	566	472
1303	560	491
1287	348	449
1095	175	183
902	137	79
739	219	97
620	236	179
534	207	236
568	152	209
647	152	207
729	225	259
944	216	364
1187	236	438
1303	393	494
1326	348	467
1183	-4	591
871	59	736
652	241	624
583	193	380
519	137	166
435	206	-2
447	312	-25
545	432	105
707	579	363
939	681	576
1159	647	534
1223	511	467
1041	316	192
999	209	86
903	215	238
756	195	419
553	166	492
483	150	287
547	120	184
639	182	179
764	291	236
1008	375	376
1304	387	478
1324	359	489
1049	375	254
839	337	240
775	239	460
803	206	550
859	167	398
710	156	175
537	272	-13
515	403	-77
583	574	44
704	604	216
911	551	428
1064	540	543
1134	459	571
915	409	334
839	430	60
828	432	46
848	247	220
731	115	423
543	115	391
528	105	233
604	137	300
684	238	348
902	273	374
1182	339	428
1372	353	532
1223	363	399
960	190	255
804	115	399
771	204	463
825	190	312
737	175	96
595	262	-32
576	383	-68
611	534	60
718	608	198
929	559	300
1107	505	368
1275	407	412
1055	344	279
924	340	79
867	344	82
844	177	212
702	108	408
551	127	391
551	67	264
643	105	251
707	215	303
860	270	335
1151	323	360
1340	368	503
1287	390	467
1048	171	286
807	79	368
660	175	486
670	216	448
671	179	263
600	192	105
587	295	14
655	455	73
780	582	167
944	617	191
1031	620	286
1215	478	432
1064	233	393
967	222	198
918	179	184
862	143	273
723	113	392
588	132	368
572	147	195
631	120	107
710	143	158
935	201	239
1228	280	398
1417	336	526
1296	262	380
1036	121	267
780	211	327
740	243	352
747	184	295
684	184	163
609	207	8
631	295	-57
712	415	1
847	483	182
942	531	391
1049	550	420
1187	391	496
984	217	415
881	268	160
839	244	102
792	187	272
671	124	440
545	51	439
555	67	311
683	63	239
827	140	270
1055	224	296
1292	271	368
1409	312	425
1224	300	227
961	207	231
782	225	391
726	220	479
728	187	291
664	143	70
542	239	-40
556	388	-47
670	447	119
835	449	292
999	467	372
1095	487	448
1222	337	539
1040	231	302
959	271	71
944	281	121
903	156	271
743	78	444
553	118	359
536	88	216
591	156	249
705	225	270
920	272	392
1175	375	531
1340	347	574
1139	403	288
876	319	152
713	208	364
687	179	542
763	195	443
785	163	255
655	192	63
603	327	-41
639	448	19
739	620	180
881	688	403
995	544	486
1164	376	470
1043	287	263
983	275	123
905	263	225
831	127	407
663	126	568
518	124	447
543	111	280
679	105	184
769	137	91
943	265	112
1255	344	228
1395	321	383
1196	372	209
931	398	47
790	408	164
763	271	396
791	183	472
752	150	332
614	195	152
564	327	31
631	423	44
736	483	172
851	467	331
984	448	495
1084	451	588
1057	368	574
875	279	289
864	344	44
892	320	57
864	145	295
719	96	540
593	108	464
580	84	336
619	151	340
711	163	286
911	231	287
1160	318	352
1288	307	467
1167	428	248
976	396	112
799	247	360
760	147	639
775	136	583
721	136	324
600	217	118
591	351	-21
643	460	12
711	519	159
888	492	259
1073	451	473
1264	407	555
1128	207	411
1030	209	188
967	207	156
878	208	300
688	193	440
526	152	391
524	104	243
577	108	232
652	188	254
812	212	300
1049	303	327
1217	334	399
1203	444	360
1084	423	167
880	216	220
780	176	446
811	145	588
791	79	499
697	108	262
606	217	124
639	335	80
721	457	70
801	567	51
899	583	43
952	583	126
1150	540	246
1052	311	216
983	359	118
911	273	262
871	60	558
711	41	736
551	71	604
496	86	361
615	99	140
771	49	-17
875	184	-17
1095	408	-24
1392	432	163
1475	552	168
1255	389	19
911	291	120
736	240	268
713	174	390
672	188	313
591	251	135
572	339	22
654	385	1
767	443	71
816	508	192
844	527	288
1063	480	366
1039	273	667
856	281	600
855	304	375
926	206	363
904	108	518
755	64	622
611	46	492
524	31	299
543	35	156
639	44	124
816	303	86
1145	441	199
1479	487	545
1374	356	505
1036	150	227
816	135	252
815	140	327
879	142	249
809	176	113
652	259	-24
583	327	-34
550	374	71
616	491	103
798	537	137
1055	601	289
1214	356	582
1150	280	376
1073	343	51
995	315	88
871	263	327
715	79	460
544	31	371
502	39	233
534	6	228
707	6	247
907	105	318
1132	280	463
1404	375	476
1384	144	385
1063	-18	465
944	86	496
999	-5	462
855	35	343
601	139	127
519	214	-48
543	315	-122
577	479	-141
747	579	-64
958	560	147
1169	488	284
1196	331	179
1191	188	65
1094	151	240
979	112	467
824	48	561
668	33	361
600	49	151
635	40	40
692	71	49
797	150	127
1006	257	192
1271	259	347
1297	342	300
1175	236	195
1041	65	302
1011	-31	531
942	-7	736
772	70	635
615	172	326
527	235	159
505	283	52
487	366	30
633	455	102
838	518	255
1161	335	478
1208	167	727
1048	227	518
935	268	263
950	159	236
958	-33	432
816	-31	619
627	15	510
510	44	335
526	62	199
647	47	76
875	108	102
1177	223	249
1368	335	548
1223	248	561
1041	148	344
980	113	367
1027	68	412
960	86	300
753	185	134
579	289	104
528	412	79
582	414	39
663	392	168
803	412	211
1063	350	363
1192	313	663
908	451	531
844	499	192
953	300	103
974	107	247
849	31	443
627	71	415
527	120	275
556	79	231
712	-9	145
947	79	167
1100	302	395
1275	319	608
1247	280	487
937	275	295
793	159	302
879	44	527
927	51	680
848	59	502
617	163	179
542	270	24
540	403	48
579	395	174
787	368	350
961	332	523
1193	275	670
1102	238	495
1073	183	198
1003	147	241
952	8	415
872	-52	579
707	7	544
561	55	342
552	27	224
614	24	184
727	35	249
947	168	372
1219	292	500
1380	351	529
1236	182	304
982	-8	224
880	-57	366
851	-31	535
806	7	435
695	115	192
672	167	56
691	216	56
748	239	124
817	195	295
839	327	467
867	393	575
979	321	641
945	399	364
934	431	103
1027	152	167
1078	-160	465
899	-196	675
608	-52	580
495	12	396
508	44	300
632	-17	207
878	35	231
1137	206	408
1340	275	616
1223	241	411
1020	231	230
899	137	312
903	-16	553
902	-39	603
761	51	377
591	172	183
569	283	118
568	368	168
647	350	264
846	265	399
907	176	515
1008	177	628
1023	176	716
952	184	531
971	188	211
1059	56	87
1036	-143	255
867	-208	472
678	-149	440
611	-128	284
630	-100	225
710	-116	192
864	9	208
1095	163	351
1303	147	599
1279	96	560
1054	-40	313
864	-58	255
739	-5	374
632	-64	467
521	-200	491
508	-232	368
751	-288	223
1008	-365	286
1072	-176	376
1147	-300	428
1124	-377	435
1099	-153	352
1126	-132	423
1008	-65	376
991	78	280
961	6	337
862	-113	472
700	-135	537
579	-32	417
609	-104	287
647	-140	271
718	-55	239
835	48	304
951	159	428
1156	305	472
1304	199	444
1166	-74	510
935	-9	601
824	31	628
671	-16	556
446	124	329
320	198	153
360	183	108
588	100	73
889	-18	161
1196	-25	360
1436	-225	519
1479	-609	676
1212	-601	555
1084	-433	291
953	-359	223
785	-320	323
599	-293	424
483	43	383
304	231	246
63	156	38
-388	-16	62
-749	-636	335
-1009	-663	336
-1037	-528	207
-1357	-871	99
-1733	-884	-42
-2048	-920	-260
-2048	-909	-328
-2048	-653	-319
-1981	-332	-428
-1399	-360	-495
-1261	-476	-705
-1076	-912	-961
-728	-1065	-808
-581	-932	-572
-593	-893	-464
-800	-721	-509
-968	-789	-596
-1229	-692	-439
-1744	-724	-505
-2048	-697	-732
-2048	-528	-826
-2048	-301	-797
-2048	-125	-655
-1768	-57	-530
-1336	-13	-528
-865	236	-496
-432	175	-244
-162	391	-117
-482	665	-151
-701	432	-106
-1679	-74	-252
-2009	-354	-420
-2048	-529	-313
-2048	-708	-216
-2048	-704	-452
-2048	-681	-736
-1871	-714	-600
-1602	-784	-336
-1332	-828	-125
-1002	-1087	-82
-748	-1236	-260
-781	-1255	-280
-954	-941	-210
-1377	-840	-269
-1965	-749	-468
-2048	-601	-698
-2048	-365	-941
-2048	-217	-817
-2048	-208	-704
-1816	-125	-658
-1512	-96	-602
-1204	63	-680
-769	24	-400
-623	-231	-16
-564	84	-64
-439	-226	-105
-464	-535	184
-392	-986	316
-420	-1189	369
-362	-1312	391
-257	-1480	321
-175	-1560	310
-77	-1529	134
102	-1341	115
400	-1253	71
451	-1154	112
279	-1225	24
169	-1556	-247
78	-1596	-378
-97	-1776	-431
-482	-1688	-452
-633	-1396	-338
-605	-1129	-214
-532	-953	-135
-516	-749	94
-426	-825	67
-385	-945	131
-353	-825	360
-104	-753	712
207	-1001	758
368	-1175	588
385	-1076	390
297	-1145	188
216	-1149	105
182	-973	252
231	-711	249
356	-625	131
495	-697	44
672	-554	-49
865	-697	-49
929	-1224	-154
871	-1421	-200
663	-1376	-265
452	-1088	-317
390	-922	-410
303	-909	-404
196	-1005	-282
-13	-914	184
188	-1080	185
255	-897	267
180	-924	246
92	-935	358
191	-928	407
327	-925	543
431	-980	604
304	-954	476
120	-959	346
111	-1117	179
120	-1076	-63
203	-970	-90
255	-824	-228
329	-776	-178
411	-964	25
511	-882	391
576	-993	508
673	-1204	499
687	-1265	371
521	-1424	56
308	-1192	-36
163	-1282	-17
60	-1138	65
-32	-857	220
-45	-701	383
76	-517	412
134	-670	224
7	-1069	463
-55	-664	544
67	-1217	480
139	-1392	672
19	-1288	673
-18	-1455	299
-18	-1317	334
-109	-970	219
-57	-724	49
199	-837	-29
312	-817	76
143	-738	-4
339	-825	-136
595	-981	56
630	-1274	337
655	-1509	455
531	-1465	436
339	-1172	195
332	-1177	195
171	-1437	48
0	-1088	35
-121	-608	217
24	-429	313
267	-396	334
222	-772	184
152	-1210	71
172	-1080	575
59	-1009	991
168	-1151	878
-34	-1162	670
-144	-1217	480
-234	-1073	449
-276	-829	348
-217	-688	257
-29	-776	79
236	-925	-154
543	-1104	-285
758	-887	127
628	-749	542
407	-1365	865
504	-1392	592
463	-1481	-205
271	-1073	-412
143	-1036	-121
104	-1034	-77
46	-1025	-132
-29	-893	124
-20	-568	315
-48	-602	388
-178	-916	408
-191	-996	593
-45	-1249	638
9	-1552	542
-56	-1538	262
-148	-1353	150
-288	-1156	163
-324	-887	187
-236	-741	184
-181	-829	179
24	-829	-108
415	-818	-205
564	-960	71
667	-1081	161
811	-1096	248
617	-1297	372
601	-1549	76
483	-1441	-125
300	-1349	-205
63	-1192	-49
-49	-1137	96
-65	-1108	-68
-98	-682	-144
-125	-564	-89
-154	-484	88
-322	-421	446
-362	-840	823
-225	-1186	944
-109	-1418	961
-225	-1501	728
-311	-1434	527
-295	-1341	452
-215	-994	307
-16	-778	96
134	-682	-65
201	-650	-114
247	-653	81
467	-608	398
712	-765	344
617	-872	636
883	-1370	235
847	-1572	-100
401	-1426	-57
287	-1575	-81
119	-1316	88
-57	-1085	247
3	-781	103
132	-532	-49
81	-477	-88
-25	-829	-16
-168	-957	515
-232	-916	715
-80	-1301	735
-200	-1471	711
3	-1613	348
87	-1521	271
-32	-1076	307
-81	-720	316
-49	-576	248
83	-509	8
191	-601	-74
281	-849	-121
454	-1160	168
558	-1207	487
776	-1127	391
675	-1284	528
499	-1314	208
451	-1465	63
104	-1431	120
-44	-1104	129
-16	-801	16
55	-655	-8
56	-711	134
-15	-612	321
-111	-520	551
-225	-813	859
-180	-1146	918
-23	-1140	403
-193	-1608	-77
68	-1581	-49
33	-1402	-101
-77	-1088	12
-45	-842	123
-36	-752	-68
163	-709	-330
454	-735	-162
472	-834	239
559	-1128	508
575	-1188	600
647	-1401	265
412	-1501	192
225	-1332	191
139	-1191	216
144	-1042	302
201	-880	232
248	-554	190
297	-385	209
278	-561	127
-34	-1060	-2
-167	-861	353
-77	-986	670
56	-1168	998
118	-1165	1031
105	-1332	723
94	-1365	638
-79	-912	590
-141	-584	345
-64	-537	160
48	-644	248
272	-746	355
435	-964	82
728	-852	172
806	-680	627
579	-877	963
679	-1332	536
612	-1197	147
403	-1316	3
344	-1396	-73
103	-1096	263
-13	-820	276
-26	-597	223
59	-429	208
248	-544	175
263	-1079	396
96	-1393	667
4	-1080	851
-93	-1127	828
-64	-1353	592
-61	-1226	192
46	-1111	113
-57	-1017	289
-66	-769	262
3	-618	86
126	-625	-28
243	-650	-13
273	-797	167
547	-1236	232
743	-1212	428
665	-1433	915
572	-1753	556
464	-1512	236
511	-1544	335
335	-1360	527
96	-872	672
83	-599	608
118	-473	472
79	-391	270
-116	-281	68
-360	-200	-81
-407	-136	-160
-509	-100	-138
-708	-90	-50
-1588	-97	-45
-2048	-610	-64
-2048	-769	-388
-2048	-623	-648
-2048	-639	-738
-1809	-554	-684
-1512	-541	-696
-1351	-519	-839
-1160	-562	-991
-928	-737	-1037
-640	-882	-969
-525	-912	-801
-844	-1000	-726
-1137	-1034	-525
-1768	-1093	-501
-2048	-1072	-936
-2048	-761	-1133
-2048	-136	-1081
-2048	11	-634
-1816	86	-368
-1380	-45	-349
-1089	-173	-351
-957	-180	-256
-808	-88	-216
-525	57	-180
-223	143	-121
-298	97	-29
-780	-41	102
-1560	-244	56
-2048	-489	-328
-2048	-703	-537
-2048	-825	-493
-1994	-756	-553
-1596	-708	-409
-1360	-765	-394
-1181	-1009	-456
-889	-1292	-578
-680	-1124	-672
-741	-1063	-410
-973	-981	-208
-1672	-1044	-244
-2048	-954	-653
-2048	-609	-840
-2048	-225	-740
-2041	-33	-444
-1684	-48	-247
-1399	-144	-229
-1153	-228	-296
-1088	-212	-249
-881	-109	-177
-647	87	-84
-449	246	-52
-541	105	31
-1005	-120	24
-1757	-349	-58
-2048	-557	-305
-2048	-704	-597
-2048	-879	-588
-1688	-834	-629
-1325	-840	-460
-1128	-957	-399
-943	-1149	-513
-770	-1117	-687
-848	-1092	-573
-1017	-984	-340
-1521	-986	-298
-2048	-953	-554
-2048	-701	-753
-2048	-381	-634
-2048	-157	-458
-1881	-84	-352
-1545	-202	-287
-1290	-253	-292
-1096	-221	-236
-800	-63	-176
-477	124	-32
-233	308	3
-377	212	86
-871	6	172
-1637	-176	31
-2048	-493	-261
-2048	-810	-576
-2048	-975	-650
-1672	-817	-628
-1360	-698	-476
-1316	-751	-498
-1169	-968	-672
-887	-1042	-732
-712	-1053	-671
-815	-960	-340
-1320	-968	-241
-1824	-1002	-471
-2048	-789	-701
-2048	-480	-690
-2042	-306	-396
-1881	-129	-135
-1585	-181	-109
-1309	-209	-148
-1209	-170	-202
-975	-109	-224
-601	32	-160
-301	124	-93
-359	63	39
-705	-80	161
-1239	-236	107
-1919	-559	-226
-2048	-865	-248
-1855	-857	-80
-1696	-655	-24
-1500	-689	-10
-1192	-889	-13
-1090	-1143	54
-1009	-1265	-25
-1049	-1224	-116
-1117	-909	-176
-1517	-672	-192
-1969	-610	-241
-2048	-561	-393
-1976	-474	-245
-1824	-357	-148
-1557	-207	-124
-1298	-207	-146
-1034	-297	-178
-903	-272	-168
-769	-116	-146
-473	39	-10
-343	120	76
-409	80	144
-801	-93	160
-1445	-274	86
-2048	-473	52
-2048	-586	-57
-2028	-753	-296
-1433	-793	-457
-1189	-744	-369
-1060	-732	-276
-970	-788	-244
-961	-874	-257
-980	-976	-337
-1009	-961	-375
-1146	-800	-272
-1460	-749	-231
-1794	-697	-337
-1977	-480	-400
-1808	-288	-424
-1544	-63	-185
-1329	22	-73
-1168	-178	-125
-1042	-280	-217
-1032	-210	-209
-882	-109	-104
-689	0	-52
-601	3	-32
-825	-130	36
-1261	-282	71
-1901	-473	103
-2048	-530	115
-1837	-633	-338
-1361	-728	-497
-1165	-781	-452
-1047	-746	-328
-964	-765	-234
-882	-919	-240
-778	-956	-409
-921	-1020	-440
-1056	-961	-369
-1516	-860	-328
-2037	-808	-408
-2048	-625	-545
-2048	-360	-520
-1821	-161	-333
-1585	-143	-249
-1344	-192	-185
-1117	-149	-153
-996	-61	-96
-852	-16	-5
-641	187	158
-504	321	192
-562	151	156
-1096	-61	103
-1885	-356	-136
-2048	-650	-720
-2048	-557	-1271
-1745	-578	-733
-1677	-777	-482
-1841	-719	-850
-1800	-1037	-960
-1252	-1433	-821
-820	-1530	-848
-719	-1553	-882
-1053	-1348	-791
-1565	-1165	-688
-2048	-1053	-818
-2048	-680	-893
-2048	-372	-616
-2048	-205	-336
-1970	-224	-290
-1664	-324	-413
-1401	-148	-458
-1065	124	-148
-829	97	132
-773	288	159
-809	423	-44
-984	271	-225
-1338	-217	-212
-1881	-661	-228
-2048	-868	-436
-2048	-1036	-788
-2048	-1213	-762
-2045	-1108	-732
-1684	-1143	-448
-1349	-1440	-543
-753	-1580	-829
-621	-1556	-817
-813	-1340	-586
-1344	-1113	-380
-2048	-1101	-477
-2048	-921	-828
-2048	-520	-781
-2048	-248	-583
-2048	-156	-412
-1736	-237	-378
-1485	-327	-452
-1269	-293	-492
-1084	-208	-375
-848	-58	14
-685	243	177
-522	344	95
-552	527	79
-1204	259	113
-1767	-276	7
-2048	-591	-377
-2048	-818	-568
-2048	-1077	-804
-2048	-1201	-898
-1482	-1013	-738
-1204	-916	-551
-1096	-999	-564
-948	-1093	-561
-778	-1181	-549
-783	-1074	-405
-1160	-1029	-338
-1671	-911	-417
-2048	-754	-545
-2048	-537	-592
-1872	-404	-498
-1700	-497	-317
-1684	-733	-288
-1593	-985	-415
-1409	-1056	-536
-945	-672	-292
-457	-408	64
-80	-375	399
95	-343	783
75	-305	880
-25	-370	767
-4	-535	616
120	-680	361
185	-623	215
247	-530	168
316	-596	150
423	-680	219
499	-690	387
552	-1212	371
755	-1765	327
787	-1757	225
590	-1610	-25
526	-1689	-236
331	-1530	-116
71	-1085	95
-82	-593	303
-93	-263	414
-28	-281	375
-105	-530	315
-237	-792	295
-368	-749	327
-450	-200	443
-584	-66	443
-730	-450	307
-849	-565	80
-1308	-596	33
-1842	-781	89
-1960	-852	-124
-1548	-733	-264
-1197	-634	-279
-1073	-649	-367
-1088	-693	-450
-1028	-765	-420
-953	-916	-292
-877	-1080	-223
-980	-1133	-287
-1008	-932	-336
-1194	-789	-284
-1396	-831	-265
-1625	-703	-353
-1704	-457	-428
-1597	-276	-388
-1394	-104	-185
-1245	-172	-132
-1112	-253	-168
-1071	-292	-170
-1053	-247	-248
-783	-159	-132
-533	-42	8
-509	-80	92
-849	-234	121
-1357	-441	76
-1738	-560	75
-1588	-719	-20
-1402	-633	-160
-1172	-665	-297
-1113	-711	-264
-986	-692	-144
-936	-744	-89
-962	-911	-128
-1087	-964	-276
-1167	-996	-293
-1217	-813	-256
-1489	-685	-234
-1657	-548	-272
-1633	-383	-340
-1441	-268	-287
-1223	-89	-136
-1173	-224	-111
-1225	-346	-194
-1217	-309	-221
-1169	-200	-177
-934	-72	-34
-644	23	-1
-456	8	9
-625	-173	63
-985	-429	70
-1394	-552	39
-1695	-625	12
-1773	-727	-250
-1415	-807	-543
-1201	-809	-565
-1037	-778	-437
-973	-749	-241
-937	-804	-217
-936	-820	-418
-1002	-989	-492
-996	-912	-400
-1217	-761	-258
-1445	-769	-225
-1650	-668	-272
-1729	-423	-423
-1583	-173	-325
-1401	-16	-114
-1184	-81	-129
-976	-260	-201
-898	-269	-210
-877	-183	-161
-729	-92	35
-708	-57	143
-847	-80	28
-1149	-210	-9
-1473	-420	49
-1661	-564	63
-1513	-570	-114
-1280	-552	-252
-1133	-625	-285
-1079	-698	-298
-953	-769	-239
-874	-871	-145
-945	-945	-153
-1088	-897	-234
-1103	-877	-234
-1263	-743	-261
-1569	-714	-258
-1669	-588	-308
-1594	-377	-356
-1460	-185	-282
-1265	-125	-217
-1132	-218	-185
-1064	-234	-200
-993	-200	-164
-1012	-169	-119
-897	-121	-21
-725	-42	20
-653	-77	30
-853	-349	60
-1169	-544	15
-1527	-577	7
-1501	-663	134
-1399	-681	79
-1079	-685	-353
-1074	-793	-351
-989	-770	-201
-936	-629	-74
-1056	-633	-141
-1081	-720	-292
-1020	-936	-340
-952	-861	-362
-1249	-804	-351
-1452	-676	-330
-1504	-481	-290
-1497	-361	-264
-1449	-240	-221
-1288	-189	-152
-1192	-160	-100
-1081	-175	-89
-1058	-160	-84
-853	-91	14
-697	-80	103
-650	-168	100
-769	-330	99
-1060	-420	55
-1433	-461	-2
-1448	-521	-20
-1321	-557	-116
-1049	-637	-400
-985	-839	-461
-921	-936	-343
-904	-946	-223
-985	-977	-367
-985	-964	-461
-1053	-969	-490
-1111	-889	-481
-1516	-930	-677
-1649	-893	-813
-1696	-753	-913
-1636	-613	-813
-1409	-416	-575
-1121	-293	-428
-796	-173	-336
-592	-311	-153
-530	-452	17
-409	-625	192
-367	-1007	500
-231	-1015	816
143	-1362	353
230	-1322	-121
30	-1018	-233
9	-808	-258
195	-656	-297
415	-716	-348
527	-833	-202
462	-897	-173
503	-928	-173
567	-1029	-369
630	-1138	-517
739	-1073	-330
675	-976	-487
543	-994	-466
419	-1065	-525
344	-1117	-505
271	-1121	-344
200	-1084	54
209	-965	248
407	-1036	336
508	-953	326
575	-808	396
668	-688	455
744	-545	483
887	-264	520
942	-98	358
846	-117	319
657	-114	380
601	-57	318
608	-39	262
580	56	225
555	104	188
667	120	265
785	127	425
927	76	545
1044	48	599
1103	135	566
1228	184	451
1063	140	264
945	209	12
887	102	25
838	-5	240
700	-57	390
599	-114	355
659	-151	243
816	-136	163
888	-49	231
1009	87	288
1255	-8	336
1368	-53	542
1271	-116	521
1065	-239	427
838	-185	499
720	-61	487
662	6	344
543	108	132
519	116	23
632	41	65
776	103	159
976	120	339
1180	135	502
1347	259	504
1348	183	471
1065	9	280
1006	-80	79
940	-117	115
796	-57	255
600	19	382
483	51	334
564	15	208
758	-25	199
871	-25	260
1105	-16	371
1353	-17	523
1340	-24	571
1121	56	412
940	124	247
803	63	319
783	-68	487
716	-49	441
598	17	255
543	100	103
628	212	32
780	264	147
947	176	390
1099	104	579
1195	153	630
1241	60	636
1040	-18	361
993	-76	155
936	-108	135
830	-149	272
680	-73	403
579	-23	350
599	-31	260
704	-17	198
841	-37	204
1065	-13	270
1324	16	385
1419	-21	515
1219	-72	419
944	-114	279
823	-113	316
752	-37	382
783	22	287
803	12	184
712	39	126
681	87	151
726	72	238
793	63	372
887	115	540
1032	159	625
1248	80	643
1174	-36	423
1040	-32	135
983	-64	44
915	-113	171
753	-90	368
620	-56	391
575	-40	319
600	-10	246
667	-24	227
761	-13	263
958	64	318
1219	63	417
1420	40	547
1235	19	420
1048	-77	345
924	-63	428
868	-89	608
796	-61	515
689	24	259
583	56	103
600	79	76
679	56	195
817	54	398
1011	100	630
1184	60	795
1284	-57	790
1094	-57	375
1003	-74	100
952	-162	126
851	-191	291
707	-122	399
600	-69	380
608	-61	323
686	-47	329
777	-72	326
958	-100	412
1167	-74	518
1308	-77	604
1215	-33	496
999	-153	319
832	-196	368
752	-128	540
742	-98	615
734	-52	455
659	8	267
606	24	184
647	35	248
718	14	378
847	-32	556
953	7	713
1027	55	755
1150	28	764
1039	19	504
910	76	124
956	-20	16
966	-217	230
803	-248	465
655	-129	436
633	-116	352
683	-64	319
740	-52	303
847	-127	339
1008	-141	432
1246	-97	551
1328	-77	679
1163	-293	624
880	-343	583
660	-217	529
620	-189	476
679	-160	444
684	-124	425
688	-63	371
743	-45	355
780	-49	412
761	-71	536
726	-100	625
684	-52	663
687	46	678
812	105	622
1097	31	568
1041	-113	456
960	-164	292
975	-316	393
955	-394	632
784	-232	807
655	-168	763
598	-168	579
575	-200	435
595	-237	387
691	-241	451
798	-212	564
833	-160	638
899	-88	611
908	-47	632
849	-193	756
681	-330	881
566	-340	920
544	-313	880
521	-281	839
483	-288	782
471	-298	760
440	-324	792
441	-372	862
451	-404	916
480	-424	936
491	-439	911
476	-433	892
475	-424	920
483	-396	937
487	-368	927
487	-359	862
496	-345	843
483	-290	847
536	-228	824
630	-234	800
691	-282	792
736	-257	774
727	-173	655
723	-135	502
764	-149	449
766	-138	476
760	-114	505
752	-116	520
743	-112	508
752	-100	502
783	-112	492
863	-175	504
955	-241	550
1027	-248	624
1139	-193	647
1140	-328	609
828	-393	620
620	-273	543
627	-209	459
688	-137	344
691	-105	319
685	-63	335
752	-13	328
835	63	327
894	110	366
945	57	422
1007	19	508
1095	67	592
1160	-10	519
1043	-161	334
974	-280	206
915	-271	214
854	-202	284
734	-103	336
643	-73	312
635	-137	248
707	-186	224
764	-189	300
880	-208	431
1059	-176	563
1292	-154	617
1400	-217	595
1196	-341	409
880	-397	343
672	-309	396
622	-196	459
655	-116	401
663	-36	268
638	23	204
705	46	216
815	-7	295
920	-58	419
1039	-40	531
1124	6	609
1208	-52	591
1148	-106	337
1046	-173	135
979	-248	96
888	-308	201
752	-274	279
623	-200	259
607	-244	227
703	-292	252
775	-308	348
848	-266	456
1033	-189	516
1216	-217	568
1288	-215	616
1171	-280	467
947	-353	321
751	-313	369
643	-216	456
638	-152	455
683	-92	297
688	-73	172
727	-28	163
819	-73	288
859	-180	432
873	-196	479
889	-157	560
904	-88	635
1087	31	576
1294	-37	371
1193	-121	-29
1121	-303	-84
984	-512	271
745	-429	568
515	-173	542
411	-136	412
579	-185	318
787	-199	287
788	-143	394
920	-256	540
1139	-327	620
1295	-338	684
1187	-279	583
975	-272	361
835	-301	318
742	-301	457
721	-240	529
691	-156	448
635	-60	307
652	16	220
751	15	273
828	-58	423
876	-135	526
935	-111	624
984	-34	704
1159	-84	747
1055	-80	491
942	-95	126
888	-212	76
824	-325	241
716	-328	467
555	-257	542
492	-217	496
568	-218	531
695	-121	547
743	-122	606
1004	-272	603
1270	-400	680
1276	-433	756
1017	-479	585
744	-417	499
604	-306	499
612	-231	476
704	-177	408
720	-138	336
732	-92	247
795	-68	199
843	-61	214
935	-4	270
1059	-10	423
1174	-25	526
1315	-201	607
1167	-328	566
920	-308	380
820	-409	355
740	-439	406
591	-341	451
460	-177	465
463	-135	438
643	-202	416
784	-260	504
847	-284	588
1024	-359	644
1159	-420	691
1159	-365	620
1052	-424	510
849	-497	435
659	-418	504
584	-189	531
664	-106	364
716	-57	215
681	-42	195
703	-81	296
771	-169	457
819	-221	551
916	-209	665
987	-132	795
1113	-49	776
1171	-180	536
1054	-189	192
977	-229	62
907	-405	231
718	-442	502
504	-239	510
448	-193	438
579	-217	376
726	-200	367
801	-173	435
944	-200	543
1169	-258	644
1339	-289	762
1207	-290	588
934	-265	404
707	-164	342
656	-125	399
711	-119	417
732	-100	347
707	-64	271
712	-4	219
736	43	255
785	44	348
876	39	470
998	12	635
1142	-49	718
1203	-157	668
1064	-146	371
979	-180	127
903	-241	127
777	-271	304
622	-160	439
542	-93	403
615	-153	335
743	-160	382
769	-119	455
880	-180	526
1091	-249	668
1168	-272	710
1159	-220	611
1027	-269	438
863	-340	399
748	-280	502
679	-200	604
624	-104	504
544	-1	321
615	62	176
761	22	195
862	-13	352
945	-66	551
1031	-45	686
1164	-64	787
1128	-120	724
951	-140	406
910	-197	260
870	-274	291
750	-330	520
563	-165	622
489	-125	508
583	-184	439
654	-138	435
745	-100	483
976	-116	614
1216	-157	752
1286	-162	822
1059	-216	577
787	-260	435
628	-200	465
611	-153	540
671	-153	519
675	-116	423
652	-34	323
697	60	307
774	65	425
870	70	479
992	72	449
1099	24	455
1276	-125	524
1195	-233	465
1038	-241	273
924	-320	263
809	-330	353
649	-215	422
556	-132	419
619	-113	385
799	-81	308
963	-167	226
873	-29	198
819	151	291
868	159	547
761	140	681
403	49	595
-34	-116	479
-425	-409	352
-877	-584	192
-1194	-586	44
-1384	-793	-85
-1415	-897	-88
-1597	-759	-82
-1927	-772	-325
-1954	-845	-484
-1793	-690	-616
-1584	-845	-832
-1287	-1137	-978
-930	-1213	-862
-740	-924	-577
-680	-993	-618
-817	-882	-461
-1064	-732	-400
-1296	-592	-360
-1401	-449	-276
-1428	-474	-360
-1460	-545	-426
-1477	-425	-424
-1396	-212	-344
-1288	-124	-266
-984	99	-148
-757	284	-120
-832	88	-96
-1140	23	-49
-1416	-68	-124
-1505	-196	-114
-1400	-237	-32
-1330	-304	-161
-1234	-377	-396
-1354	-441	-498
-1277	-575	-490
-1281	-689	-490
-1201	-889	-497
-1117	-991	-418
-922	-784	-271
-834	-634	-149
-1017	-761	-248
-1319	-697	-500
-1601	-476	-653
-1609	-274	-623
-1589	-205	-535
-1575	-244	-568
-1457	-255	-585
-1293	-132	-488
-1189	-191	-473
-1021	-98	-449
-762	159	-173
-645	164	-77
-744	86	-104
-1060	-12	14
-1309	-71	-28
-1394	-169	-137
-1569	-370	-249
-1559	-578	-322
-1480	-711	-370
-1335	-740	-314
-1092	-701	-193
-928	-796	-73
-928	-861	-146
-973	-865	-224
-1096	-900	-181
-1327	-703	-220
-1453	-529	-250
-1608	-416	-415
-1570	-320	-514
-1370	-221	-457
-1335	-173	-482
-1376	-199	-496
-1304	-231	-460
-1338	-121	-472
-1255	-31	-528
-1001	46	-399
-748	166	-290
-836	94	-161
-1108	33	-69
-1269	-40	-152
-1352	-197	-157
-1316	-231	-113
-1338	-394	-135
-1377	-705	-212
-1261	-720	-141
-1143	-653	-49
-1161	-797	-8
-1128	-961	-4
-1165	-980	-25
-1213	-769	-129
-1341	-660	-121
-1517	-475	-176
-1557	-256	-356
-1383	-253	-301
-1290	-249	-261
-1209	-159	-328
-1313	-210	-408
-1292	-169	-381
-1304	-144	-356
-1128	-162	-317
-881	-89	-143
-685	-63	-45
-680	-105	63
-829	-110	143
-1036	-125	41
-1193	-215	-68
-1236	-264	-84
-1289	-360	-160
-1343	-409	-264
-1375	-449	-185
-1292	-378	-80
-1257	-416	-17
-1138	-591	9
-1196	-717	7
-1301	-684	-58
-1170	-436	-122
-1204	-305	-89
-1433	-264	-156
-1559	-200	-340
-1432	-12	-365
-1293	-63	-313
-1177	-92	-316
-1128	-192	-306
-1082	-173	-284
-1012	-137	-229
-993	-145	-168
-868	-113	-26
-791	-111	46
-744	-151	54
-818	-143	88
-1081	-113	27
-1480	-87	-196
-1457	-279	-368
-1240	-290	-364
-1215	-345	-349
-1231	-418	-420
-1181	-353	-410
-1181	-425	-287
-1233	-633	-279
-1202	-823	-287
-1080	-834	-165
-848	-445	-45
-900	-469	-168
-1161	-541	-345
-1383	-290	-317
-1401	-112	-258
-1412	-113	-228
-1541	-247	-394
-1538	-361	-464
-1433	-221	-349
-1360	24	-256
-1121	192	-144
-871	305	-33
-802	184	-144
-1001	32	-97
-1233	-61	-65
-1361	-148	-89
-1329	-209	-82
-1232	-208	-55
-1165	-357	-372
-1169	-453	-488
-1284	-589	-393
-1176	-497	-232
-1197	-353	-146
-1192	-492	-233
-1178	-705	-333
-1055	-781	-330
-1026	-516	-191
-1192	-456	-93
-1369	-441	-180
-1456	-297	-287
-1412	-132	-301
-1343	-136	-281
-1281	-232	-346
-1241	-154	-345
-1170	9	-312
-1143	11	-378
-1040	-224	-333
-921	-109	-308
-824	-58	-288
-985	-137	-162
-1184	-113	-104
-1290	-165	-132
-1247	-180	-137
-1204	-209	-192
-1210	-324	-308
-1236	-385	-370
-1197	-450	-257
-1205	-472	-172
-1240	-583	-176
-1201	-697	-197
-1117	-679	-180
-1050	-474	-169
-1183	-399	-153
-1290	-345	-232
-1396	-208	-329
-1360	-76	-338
-1338	-89	-372
-1337	-231	-437
-1369	-247	-469
-1349	-153	-440
-1394	-77	-401
-1285	-63	-308
-1041	31	-183
-692	14	-169
-644	-40	-90
-832	-89	16
-984	-103	40
-1042	-189	-9
-1096	-252	-49
-1161	-276	-120
-1238	-449	-221
-1274	-592	-144
-1168	-610	-7
-1167	-641	15
-1056	-761	-57
-1103	-865	-36
-1217	-778	-151
-1440	-552	-271
-1576	-381	-273
-1553	-250	-319
-1344	-92	-301
-1192	-132	-303
-1202	-200	-360
-1184	-245	-392
-1124	-177	-369
-1128	-125	-327
-1012	-138	-258
-817	-73	-52
-685	-37	14
-669	-104	-37
-897	-193	-36
-1216	-192	24
-1512	-317	12
-1524	-482	-8
-1265	-464	-113
-1119	-356	-148
-1101	-468	-121
-1044	-596	-63
-1025	-690	30
-1036	-785	9
-1090	-744	-93
-1229	-730	-101
-1296	-512	-210
-1488	-353	-196
-1600	-253	-265
-1738	-162	-360
-1437	-56	-409
-1261	-130	-322
-1191	-260	-328
-1197	-188	-333
-1081	-89	-263
-1076	-90	-202
-905	-39	-104
-769	20	14
-709	-16	-63
-876	-144	-90
-1217	-271	-25
-1529	-272	7
-1543	-281	-120
-1255	-298	-233
-1224	-345	-378
-1224	-433	-442
-1217	-445	-336
-1176	-428	-280
-1181	-538	-263
-1213	-736	-276
-1071	-712	-282
-890	-429	-157
-925	-461	-65
-1122	-488	-151
-1361	-370	-292
-1528	-217	-324
-1484	-116	-288
-1383	-143	-306
-1280	-169	-297
-1192	-152	-253
-1159	-92	-237
-1082	-116	-200
-964	-97	-138
-793	-80	-144
-765	-132	-97
-932	-161	-103
-1157	-215	-141
-1274	-249	-143
-1177	-232	-128
-1162	-271	-209
-1120	-365	-416
-1124	-404	-333
-1129	-369	-233
-1200	-440	-281
-1249	-629	-340
-1265	-783	-360
-1135	-674	-241
-1060	-265	19
-1145	-356	55
-1312	-477	-168
-1386	-360	-288
-1287	-189	-274
-1169	-157	-260
-1140	-177	-239
-1228	-237	-340
-1319	-197	-426
-1393	-121	-400
-1232	-13	-289
-953	51	-213
-756	-44	-241
-852	-191	-40
-1057	-216	145
-1159	-196	81
-1108	-229	43
-1069	-217	96
-1031	-370	-185
-1116	-375	-368
-1236	-497	-336
-1360	-548	-220
-1329	-616	-136
-1149	-697	-122
-1076	-856	-189
-1005	-716	-240
-1226	-514	-129
-1487	-370	-215
-1567	-178	-269
-1399	-77	-242
-1288	-225	-260
-1177	-260	-345
-1188	-265	-370
-1184	-95	-306
-1256	-74	-244
-1130	-97	-175
-887	-52	-32
-653	-73	111
-785	-125	156
-1113	-208	39
-1440	-260	-16
-1461	-221	-24
-1225	-244	-80
-1117	-333	-369
-1105	-377	-404
-1185	-432	-313
-1242	-426	-287
-1261	-554	-266
-1113	-756	-276
-1057	-809	-285
-903	-496	-122
-1087	-429	-32
-1316	-521	-177
-1493	-463	-314
-1425	-249	-308
-1317	-160	-241
-1261	-239	-256
-1274	-277	-286
-1241	-273	-343
-1197	-4	-245
-1165	112	-141
-1000	99	-66
-855	-16	-89
-848	-113	-72
-1013	-209	-72
-1257	-276	-106
-1369	-261	-114
-1265	-258	-97
-1180	-365	-253
-1007	-409	-439
-1241	-449	-314
-1252	-345	-208
-1264	-364	-132
-1215	-528	-156
-1090	-647	-188
-1072	-732	-113
-1129	-616	-109
-1321	-365	-68
-1525	-228	-161
-1497	-113	-217
-1367	-37	-258
-1236	-77	-276
-1229	-185	-272
-1256	-173	-244
-1356	-8	-128
-1282	63	-25
-980	156	12
-777	60	-130
-847	-100	-184
-1072	-180	-292
-1405	-321	-333
-1553	-276	-208
-1296	-177	-168
-1133	-296	-295
-969	-300	-495
-1089	-365	-474
-1184	-338	-418
-1156	-324	-321
-1213	-423	-314
-1170	-532	-356
-1177	-673	-258
-897	-564	-63
-932	-400	-89
-1237	-562	-232
-1490	-397	-287
-1525	-106	-207
-1530	-45	-237
-1525	-162	-289
-1445	-277	-336
-1250	-73	-320
-1080	115	-218
-916	127	-84
-788	15	-13
-745	-87	-120
-761	-113	-172
-984	-185	-193
-1341	-296	-164
-1540	-360	-146
-1343	-260	-154
-1160	-269	-184
-1060	-340	-397
-1172	-369	-431
-1172	-312	-391
-1141	-331	-301
-1277	-552	-297
-1236	-722	-361
-1160	-769	-232
-909	-541	-95
-1073	-548	-156
-1288	-541	-263
-1360	-290	-317
-1336	-193	-288
-1306	-164	-333
-1296	-154	-408
-1348	-196	-410
-1440	-225	-429
-1492	-9	-429
-1160	163	-168
-784	143	27
-528	70	7
-676	-42	-8
-980	-180	14
-1290	-200	-52
-1401	-242	-105
-1263	-257	-121
-1168	-288	-292
-1128	-365	-287
-1177	-357	-218
-1223	-482	-184
-1330	-770	-140
-1184	-601	-117
-1193	-561	-2
-914	-516	-153
-1117	-440	-218
-1496	-436	-288
-1570	-241	-373
-1480	-104	-340
-1360	-60	-360
-1245	-105	-337
-1271	-104	-314
-1240	-200	-401
-1204	-97	-440
-1146	41	-346
-900	92	-168
-660	-25	-144
-641	-104	-177
-909	-205	-217
-1264	-305	-225
-1509	-314	-192
-1343	-234	-180
-1226	-178	-264
-1153	-260	-400
-1159	-305	-432
-1201	-311	-429
-1312	-372	-365
-1312	-506	-288
-1256	-616	-263
-1101	-705	-196
-900	-559	-121
-973	-578	-129
-1172	-541	-288
-1265	-288	-399
-1241	-64	-320
-1330	-1	-345
-1544	-16	-490
-1489	-98	-554
-1360	-48	-516
-1337	-72	-410
-1090	-119	-200
-828	43	-49
-657	-2	-52
-753	-168	-121
-1005	-180	-144
-1141	-96	-82
-1178	-135	-20
-1125	-130	-32
-1200	-301	-426
-1344	-409	-626
-1362	-556	-468
-1336	-500	-377
-1356	-580	-268
-1201	-740	-234
-1133	-840	-225
-999	-578	-185
-1154	-482	-125
-1344	-448	-216
-1473	-292	-359
-1433	-137	-409
-1290	-15	-385
-1250	12	-357
-1311	-112	-457
-1231	-109	-480
-1241	-12	-351
-1101	31	-269
-848	60	-194
-724	16	-178
-888	-34	-162
-1085	-88	-92
-1286	-125	-57
-1274	-186	-74
-1224	-183	-72
-1298	-250	-255
-1308	-336	-408
-1293	-404	-249
-1265	-424	-168
-1234	-541	-244
-1117	-660	-313
-1127	-697	-288
-1056	-609	-212
-1103	-418	-221
-1337	-399	-293
-1450	-272	-349
-1448	-89	-368
-1397	-40	-386
-1352	-68	-391
-1293	-112	-424
-1232	-164	-413
-1165	-84	-412
-1159	28	-388
-985	94	-266
-784	39	-196
-684	-8	-185
-874	-71	-116
-1133	-157	-127
-1463	-295	-160
-1466	-263	-146
-1314	-272	-236
-1216	-285	-385
-1242	-328	-346
-1199	-338	-244
-1119	-309	-168
-1146	-444	-144
-1114	-613	-202
-1121	-650	-225
-1133	-569	-221
-1181	-370	-260
-1356	-356	-308
-1492	-260	-369
-1488	-101	-429
-1442	-36	-436
-1325	-80	-441
-1293	-47	-447
-1157	-113	-440
-1081	-116	-389
-1108	-160	-365
-989	-144	-269
-805	-13	-130
-681	-4	-161
-786	-87	-186
-1010	-157	-168
-1237	-191	-169
-1338	-249	-194
-1289	-244	-226
-1255	-261	-305
-1295	-327	-353
-1313	-372	-313
-1269	-413	-242
-1261	-525	-192
-1161	-720	-145
-1104	-821	-159
-1050	-688	-189
-1249	-385	-239
-1433	-272	-335
-1589	-189	-449
-1497	-24	-433
-1377	-40	-425
-1385	-157	-528
-1320	-212	-561
-1256	-177	-468
-1256	-165	-420
-1156	-136	-343
-936	31	-210
-666	188	-240
-701	44	-224
-872	-175	-202
-1117	-345	-170
-1400	-391	-81
-1512	-413	-97
-1481	-457	-321
-1537	-473	-493
-1505	-509	-468
-1288	-548	-388
-1180	-631	-341
-1153	-729	-351
-1040	-839	-338
-872	-836	-304
-874	-569	-242
-1169	-513	-274
-1436	-381	-320
-1546	-258	-388
-1620	-194	-468
-1616	-212	-501
-1616	-196	-497
-1465	-160	-444
-1359	-61	-392
-1113	177	-356
-841	369	-71
-817	358	-41
-911	180	-100
-1186	-25	-90
-1378	-154	-146
-1431	-210	-223
-1325	-285	-255
-1296	-289	-377
-1332	-360	-477
-1369	-346	-392
-1311	-273	-304
-1236	-340	-233
-1177	-592	-173
-1097	-727	-185
-1060	-788	-205
-975	-569	-180
-1149	-545	-132
-1383	-512	-193
-1592	-313	-336
-1679	-228	-420
-1616	-201	-484
-1529	-159	-493
-1429	-153	-511
-1320	-136	-448
-1329	-2	-401
-1076	239	-215
-889	246	8
-737	92	-80
-759	-16	-76
-1012	-113	-103
-1252	-223	-196
-1341	-264	-249
-1316	-288	-292
-1344	-285	-433
-1402	-337	-473
-1421	-288	-402
-1418	-296	-320
-1405	-505	-247
-1332	-769	-255
-1111	-816	-170
-970	-522	-79
-1058	-409	-93
-1172	-421	-232
-1309	-268	-356
-1336	-36	-372
-1341	7	-388
-1384	-69	-442
-1456	-112	-521
-1304	-154	-490
-1337	-68	-420
-1265	-97	-306
-1029	-57	-164
-724	48	-34
-602	-52	3
-762	-152	-72
-957	-144	-121
-1098	-185	-109
-1077	-249	-109
-1066	-247	-160
-1207	-303	-311
-1237	-360	-308
-1304	-434	-154
-1352	-537	-65
-1232	-616	-26
-1232	-544	-25
-1284	-471	57
-1239	-337	-106
-1338	-264	-208
-1393	-218	-288
-1409	-80	-399
-1301	79	-322
-1170	-24	-353
-1168	-36	-413
-1153	-188	-436
-1140	-232	-381
-1140	-225	-352
-1049	-135	-244
-861	-13	-57
-639	-10	59
-546	-49	39
-721	-108	-57
-1090	-212	-168
-1428	-351	-231
-1432	-288	-208
-1282	-260	-242
-1300	-301	-385
-1289	-335	-346
-1181	-356	-175
-1053	-377	-116
-1088	-473	-208
-1140	-552	-228
-1288	-674	-106
-1122	-621	-72
-1205	-442	-141
-1479	-367	-329
-1655	-144	-466
-1514	33	-380
-1338	31	-340
-1269	-109	-405
-1265	-199	-452
-1192	-205	-429
-1159	-127	-365
-1066	-56	-305
-741	211	-169
-660	140	-148
-778	-42	-185
-1116	-90	-156
-1481	-152	-104
-1596	-172	-76
-1357	-232	-104
-1228	-245	-301
-1249	-338	-464
-1309	-445	-389
-1258	-434	-189
-1197	-449	-97
-1152	-596	-149
-1197	-721	-185
-1053	-656	-141
-994	-344	-144
-1241	-305	-185
-1456	-282	-290
-1505	-160	-369
-1429	-55	-400
-1351	-61	-394
-1337	-80	-362
-1281	-151	-330
-1217	-112	-276
-1183	-89	-240
-1066	-40	-194
-853	94	-172
-672	19	-160
-735	-92	-127
-953	-184	-181
-1217	-264	-207
-1404	-298	-169
-1352	-225	-128
-1232	-237	-328
-1292	-285	-488
-1373	-401	-392
-1316	-453	-296
-1253	-589	-225
-1156	-797	-242
-1156	-832	-296
-1063	-594	-185
-1005	-340	-74
-1108	-421	-193
-1304	-469	-413
-1476	-300	-537
-1495	-64	-513
-1476	48	-461
-1433	24	-445
-1320	-105	-402
-1268	-148	-393
-1261	-111	-378
-1048	81	-277
-759	160	-184
-601	24	-113
-744	-153	-64
-1036	-276	-103
-1239	-325	-157
-1303	-295	-138
-1160	-276	-125
-1172	-241	-266
-1202	-320	-409
-1241	-400	-320
-1258	-416	-216
-1273	-493	-141
-1218	-647	-117
-1221	-717	-157
-1122	-544	-144
-1138	-297	-153
-1320	-321	-232
-1477	-260	-381
-1469	-64	-445
-1367	55	-389
-1263	30	-400
-1265	-87	-433
-1212	-205	-399
-1188	-133	-349
-1184	-145	-346
-1025	-136	-228
-793	-84	-88
-602	-32	44
-679	-52	25
-868	-157	-113
-1153	-260	-170
-1377	-375	-146
-1384	-500	-138
-1317	-461	-277
-1167	-308	-317
-1165	-461	-232
-1151	-600	-168
-1168	-740	-141
-1064	-794	-170
-1146	-792	-109
-1138	-648	-140
-1197	-388	-226
-1352	-346	-212
-1421	-328	-276
-1381	-97	-308
-1249	-135	-285
-1184	-173	-370
-1252	-138	-441
-1145	-175	-433
-1097	-127	-367
-1092	-191	-330
-945	-196	-200
-802	-154	-144
-690	-121	-105
-783	-153	-97
-1015	-180	-97
-1224	-221	-130
-1232	-256	-116
-1165	-241	-89
-1210	-389	-373
-1290	-405	-416
-1250	-400	-208
-1232	-362	-93
-1284	-504	-113
-1167	-596	-153
-1177	-642	-37
-1098	-589	-137
-1336	-452	-279
-1479	-272	-413
-1516	-58	-504
-1484	147	-456
-1337	19	-409
-1241	-8	-477
-1232	-133	-484
-1168	-204	-445
-1157	-202	-399
-1044	-32	-244
-847	156	-113
-658	92	-170
-753	-90	-188
-1064	-265	-93
-1332	-296	-104
-1316	-328	-168
-1168	-336	-208
-1253	-336	-272
-1277	-392	-320
-1280	-372	-186
-1268	-319	-109
-1274	-353	-72
-1204	-604	-42
-1185	-728	-25
-1036	-567	-186
-1192	-381	-257
-1410	-282	-292
-1505	-124	-386
-1447	7	-429
-1377	4	-394
-1293	-63	-425
-1268	-120	-450
-1212	-185	-416
-1225	-145	-370
-1153	-90	-295
-927	55	-152
-729	12	-109
-682	-45	-57
-812	-129	-98
-985	-180	-169
-1156	-244	-189
-1180	-281	-210
-1241	-285	-271
-1428	-404	-397
-1336	-333	-386
-1229	-220	-290
-1297	-477	-177
-1241	-769	-252
-1193	-842	-266
-1128	-760	-119
-1101	-436	-141
-1293	-349	-152
-1425	-303	-277
-1370	-84	-346
-1316	15	-313
-1209	-50	-317
-1143	-45	-345
-1137	-113	-408
-1087	-153	-405
-1133	-167	-353
-1009	-72	-225
-809	7	-121
-720	-64	-68
-911	-117	-34
-1192	-159	-77
-1249	-173	-104
-1085	-181	-108
-1012	-199	-162
-1089	-258	-319
-1224	-356	-360
-1271	-418	-231
-1285	-449	-76
-1252	-553	-56
-1217	-584	-106
-1209	-596	-72
-1167	-464	-196
-1341	-372	-253
-1404	-231	-288
-1343	-77	-343
-1286	-1	-340
-1184	-49	-336
-1215	-98	-399
-1200	-157	-423
-1197	-160	-389
-1255	-148	-320
-1097	-4	-173
-944	46	-164
-765	92	-168
-832	-79	-160
-1047	-240	-93
-1252	-248	-112
-1333	-271	-113
-1340	-290	-168
-1241	-313	-428
-1288	-365	-333
-1273	-313	-160
-1220	-327	-129
-1256	-479	-112
-1197	-612	-130
-1201	-673	-63
-1136	-525	-160
-1344	-396	-229
-1548	-237	-336
-1623	-61	-466
-1552	19	-447
-1423	20	-429
-1373	-1	-461
-1344	-105	-473
-1298	-161	-413
-1213	-50	-377
-836	153	-304
-637	211	-95
-625	163	-175
-866	7	-263
-1213	-144	-188
-1506	-258	-226
-1581	-370	-234
-1466	-477	-136
-1239	-417	-194
-1215	-260	-314
-1232	-266	-248
-1239	-276	-72
-1290	-409	-29
-1231	-624	39
-1241	-728	-17
-1181	-615	-125
-1261	-385	-250
-1532	-313	-336
-1602	-180	-463
-1529	6	-455
-1428	-64	-410
-1320	-57	-444
-1229	-61	-456
-1192	-145	-436
-1085	-149	-391
-1069	-98	-328
-872	28	-185
-674	24	-122
-610	-23	-88
-800	-100	-50
-1063	-173	-106
-1352	-263	-196
-1409	-241	-207
-1298	-241	-189
-1352	-287	-297
-1285	-296	-345
-1330	-207	-205
-1356	-194	-162
-1340	-481	-188
-1226	-761	-244
-1183	-976	-205
-1045	-580	-193
-1231	-320	-141
-1445	-345	-183
-1560	-130	-301
-1552	15	-292
-1437	-196	-301
-1338	-273	-368
-1265	-208	-349
-1161	-189	-300
-1138	-161	-200
-996	-89	-56
-777	39	15
-631	-52	-105
-676	-127	-121
-967	-148	-117
-1288	-260	-217
-1505	-328	-241
-1442	-324	-224
-1441	-432	-349
-1257	-372	-426
-1224	-301	-201
-1200	-372	-74
-1279	-585	-87
-1223	-809	-189
-1217	-831	-72
-1045	-508	-58
-1188	-274	-121
-1444	-385	-276
-1616	-308	-450
-1593	-74	-474
-1464	-32	-464
-1425	11	-444
-1389	-108	-497
-1306	-160	-477
-1213	-228	-385
-1160	-362	-272
-1050	-440	-127
-719	-377	-36
-409	-312	182
-340	-448	264
-393	-527	271
-420	-409	305
-452	-317	216
-592	-463	96
-916	-765	120
-977	-817	30
-1181	-1017	-73
-1272	-980	17
-1208	-1072	-119
-1186	-1255	-202
-1025	-1036	-228
-957	-989	-138
-1098	-939	-92
-1128	-720	-153
-1050	-604	-162
-986	-538	-97
-881	-429	-84
-880	-500	-89
-996	-506	-96
-1069	-301	-82
-946	-84	62
-781	-41	192
-674	-144	71
-648	-207	-57
-938	-386	-208
-1273	-481	-269
-1396	-335	-256
-1290	-237	-207
-1224	-313	-289
-1287	-401	-461
-1288	-466	-432
-1260	-489	-232
-1172	-573	-120
-1113	-721	-89
-1162	-741	-193
-1199	-596	-185
-1156	-335	-217
-1385	-308	-296
-1608	-293	-369
-1629	-140	-461
-1508	-1	-455
-1392	-32	-441
-1322	-71	-466
-1274	-136	-432
-1184	-194	-397
-1132	-217	-360
-948	-64	-191
-753	41	-90
-592	-29	-129
-669	-153	-141
-893	-255	-146
-1236	-328	-109
-1429	-377	-113
-1281	-353	-82
-1309	-313	-218
-1217	-324	-424
-1257	-389	-288
-1266	-328	-185
-1330	-468	-119
-1265	-669	-100
-1197	-821	-36
-1120	-591	-114
-1360	-322	-180
-1497	-225	-201
-1495	-135	-266
-1381	65	-340
-1252	-79	-296
-1220	-145	-359
-1200	-193	-442
-1169	-162	-416
-1184	-167	-340
-1042	-189	-189
-877	-85	-45
-701	-55	-84
-705	-175	-164
-834	-193	-127
-1108	-180	-77
-1250	-249	-113
-1135	-329	-220
-1237	-335	-388
-1312	-373	-402
-1313	-388	-196
-1261	-413	-117
-1249	-581	-61
-1097	-676	-52
-1153	-677	-113
-1245	-644	-64
-1162	-369	-196
-1314	-261	-233
-1418	-252	-244
-1412	-148	-344
-1348	-26	-354
-1205	-116	-356
-1133	-82	-369
-1060	-108	-352
-1012	-153	-349
-1081	-167	-330
-1058	-141	-178
-912	-89	-144
-722	-117	-100
-794	-170	-55
-1031	-247	-101
-1288	-248	-103
-1279	-207	-104
-1153	-260	-157
-1081	-249	-308
-1089	-282	-392
-1201	-370	-354
-1197	-392	-280
-1233	-477	-178
-1133	-605	-189
-1191	-577	-191
-1129	-596	-140
-1096	-407	-138
-1188	-425	-160
-1274	-464	-249
-1338	-399	-377
-1266	-225	-429
-1255	-129	-402
-1317	-144	-441
-1244	-135	-447
-1151	-57	-394
-1137	-89	-356
-1045	-175	-223
-925	-100	-125
-753	-57	-138
-752	-148	-135
-901	-201	-100
-1202	-249	-56
-1314	-269	-124
-1177	-247	-184
-1119	-287	-264
-1176	-271	-345
-1260	-333	-280
-1169	-324	-141
-1165	-401	-10
-1228	-572	-49
-1308	-756	-184
-1220	-623	-200
-1160	-249	-181
-1304	-218	-177
-1480	-279	-301
-1530	-201	-433
-1432	-117	-452
-1273	-26	-397
-1241	-13	-386
-1209	-120	-440
-1141	-136	-354
-1096	-124	-313
-1012	-85	-197
-792	24	-47
-672	-20	-81
-692	-106	-34
-887	-164	-89
-1232	-288	-157
-1493	-377	-185
-1412	-324	-200
-1354	-297	-289
-1266	-343	-447
-1277	-360	-345
-1234	-320	-224
-1237	-394	-177
-1257	-608	-116
-1121	-730	-170
-1096	-730	-178
-1025	-516	-201
-1321	-409	-242
-1576	-300	-338
-1652	-119	-431
-1565	7	-412
-1441	-61	-424
-1385	-103	-464
-1305	-140	-498
-1177	-111	-456
-1005	103	-445
-964	-9	-228
-882	89	-180
-825	81	-253
-980	-95	-292
-1177	-173	-244
-1297	-177	-202
-1296	-197	-145
-1177	-244	-175
-1202	-340	-324
-1282	-288	-361
-1340	-248	-312
-1396	-264	-225
-1420	-369	-208
-1234	-612	-194
-1159	-796	-225
-1025	-762	-185
-1137	-495	-183
-1369	-409	-272
-1465	-226	-349
-1460	-66	-388
-1505	47	-369
-1445	-39	-408
-1364	-36	-474
-1224	-88	-439
-1133	-111	-377
-1081	-209	-353
-890	-84	-173
-776	17	-4
-681	-66	3
-809	-140	-89
-1058	-168	-157
-1300	-215	-128
-1308	-225	-129
-1177	-247	-252
-1252	-313	-410
-1290	-265	-432
-1256	-231	-369
-1352	-301	-312
-1373	-468	-217
-1296	-655	-207
-1113	-738	-125
-889	-541	-89
-1039	-409	-120
-1249	-404	-296
-1401	-233	-372
-1394	7	-322
-1362	52	-343
-1365	-1	-385
-1290	-97	-391
-1285	-176	-399
-1266	-167	-328
-1064	-68	-160
-820	-61	-109
-621	-114	-104
-628	-183	-100
-849	-274	-170
-1120	-311	-196
-1189	-265	-165
-1133	-215	-105
-1136	-313	-369
-1237	-409	-477
-1253	-401	-268
-1261	-301	-136
-1301	-473	-105
-1229	-644	-119
-1293	-648	-162
-1069	-481	-280
-1138	-336	-212
-1241	-377	-193
-1290	-309	-317
-1264	-157	-404
-1213	-57	-397
-1272	-42	-404
-1373	-116	-460
-1309	-138	-464
-1348	-85	-433
-1261	-77	-324
-936	135	-264
-641	108	-209
-729	-80	-151
-985	-185	-145
-1221	-132	-74
-1245	-113	-64
-1088	-189	-165
-1053	-232	-320
-1240	-260	-418
-1401	-298	-396
-1383	-404	-320
-1325	-580	-317
-1149	-826	-365
-1060	-983	-328
-857	-792	-256
-936	-565	-192
-1184	-557	-296
-1393	-365	-409
-1442	-153	-452
-1396	-61	-441
-1409	-40	-416
-1369	-114	-450
-1249	-136	-415
-1229	-111	-385
-1207	-154	-282
-1021	-29	-143
-769	55	-103
-669	-31	-4
-821	-132	-77
-1056	-231	-169
-1245	-258	-148
-1265	-276	-95
-1199	-276	-136
-1209	-313	-452
-1258	-365	-424
-1236	-341	-273
-1303	-289	-241
-1261	-433	-224
-1177	-609	-249
-1044	-785	-122
-968	-589	-154
-1209	-369	-208
-1396	-253	-306
-1425	-106	-305
-1352	-26	-272
-1321	-9	-281
-1277	-92	-324
-1191	-168	-367
-1172	-159	-397
-1221	-173	-304
-1113	-176	-105
-936	-143	-57
-804	-161	-41
-829	-249	-41
-914	-317	-92
-1079	-297	-106
-1104	-207	-52
-1044	-231	-113
-1252	-242	-255
-1178	-444	-527
-1170	-600	-394
-1160	-554	-305
-1217	-556	-232
-1236	-592	-319
-1264	-703	-352
-941	-713	-157
-936	-389	-132
-1117	-317	-143
-1313	-264	-180
-1341	-125	-202
-1239	-136	-288
-1169	-164	-309
-1057	-200	-280
-1021	-205	-369
-1117	-128	-368
-1240	-140	-290
-1257	-159	-181
-1088	-133	-165
-948	-173	-154
-1036	-237	-153
-1127	-233	-121
-1161	-184	-240
-1012	-225	-456
-832	-186	-436
-760	-212	-289
-840	-348	-356
-1005	-476	-488
-1111	-561	-436
-1170	-541	-271
-1092	-552	-161
-1079	-656	-144
-1012	-761	-226
-1032	-541	-288
-1185	-409	-271
-1396	-345	-312
-1392	-196	-345
-1361	-88	-349
-1377	-82	-394
-1384	-175	-416
-1253	-169	-410
-1169	-57	-340
-1089	19	-170
-908	91	-16
-855	6	-128
-847	-151	-159
-961	-185	-145
-1192	-244	-192
-1345	-263	-160
-1224	-236	-138
-1108	-272	-249
-1090	-295	-474
-1146	-340	-439
-1149	-289	-300
-1200	-253	-292
-1220	-409	-273
-1156	-626	-288
-1081	-761	-186
-973	-561	-156
-1177	-361	-136
-1295	-325	-200
-1340	-217	-240
-1327	-105	-293
-1279	-111	-333
-1289	-208	-348
-1266	-193	-360
-1213	-136	-369
-1224	-44	-317
-1096	-40	-121
-928	-68	-45
-772	-117	-100
-746	-196	-113
-889	-228	-121
-1176	-295	-148
-1256	-250	-173
-1074	-248	-207
-1063	-237	-369
-1127	-338	-465
-1175	-393	-372
-1159	-312	-296
-1280	-377	-244
-1234	-541	-241
-1231	-657	-257
-1117	-660	-189
-1023	-424	-157
-1111	-368	-176
-1229	-336	-212
-1282	-156	-280
-1245	-24	-301
-1236	-49	-321
-1250	-185	-380
-1212	-189	-424
-1184	-156	-389
-1223	-164	-314
-1066	-116	-144
-904	-104	-100
-748	-160	-104
-733	-162	-26
-865	-191	-37
-1151	-276	-113
-1242	-303	-184
-1116	-269	-145
-1093	-249	-272
-1103	-269	-378
-1137	-332	-272
-1103	-303	-193
-1156	-349	-122
-1162	-497	-169
-1185	-618	-225
-1151	-704	-176
-1092	-369	-226
-1282	-324	-180
-1377	-271	-232
-1377	-97	-311
-1305	63	-277
-1173	-104	-236
-1117	-104	-296
-1052	-141	-360
-1074	-144	-353
-1148	-145	-378
-1114	-160	-269
-977	-151	-105
-808	-137	-74
-775	-132	-68
-855	-165	-71
-1092	-180	-52
-1296	-223	-85
-1217	-216	-144
-1095	-266	-209
-1108	-250	-346
-1224	-316	-288
-1186	-349	-145
-1143	-372	-120
-1241	-461	-185
-1200	-492	-185
-1197	-569	-109
-1002	-506	-177
-1154	-423	-271
-1300	-391	-333
-1349	-209	-404
-1314	-33	-372
-1245	17	-383
-1280	-72	-381
-1255	-141	-402
-1181	-173	-407
-1160	-127	-356
-1090	-109	-269
-913	-23	-154
-714	-24	-132
-712	-109	-176
-849	-221	-177
-1119	-232	-148
-1335	-272	-170
-1257	-248	-177
-1188	-292	-253
-1140	-272	-431
-1226	-301	-333
-1213	-290	-208
-1218	-360	-152
-1213	-584	-105
-1119	-701	-180
-1120	-701	-169
-1057	-439	-225
-1279	-303	-242
-1501	-256	-305
-1538	-105	-424
-1457	23	-436
-1369	-4	-420
-1308	-88	-440
-1231	-161	-413
-1149	-116	-373
-1066	-48	-320
-909	19	-193
-761	-2	-135
-693	-57	-148
-829	-125	-144
-1042	-185	-184
-1344	-256	-198
-1412	-322	-192
-1204	-313	-132
-1125	-282	-223
-1125	-213	-357
-1197	-242	-287
-1252	-220	-264
-1341	-333	-249
-1287	-642	-178
-1221	-957	-217
-1085	-706	-116
-1200	-381	-125
-1376	-308	-194
-1442	-210	-308
-1396	-77	-385
-1244	9	-320
-1168	-79	-296
-1183	-127	-388
-1192	-208	-433
-1216	-173	-420
-1221	-148	-360
-1063	-68	-284
-833	-103	-255
-671	-88	-164
-733	-105	-116
-945	-154	-72
-1168	-250	-117
-1168	-256	-184
-1119	-260	-200
-1202	-297	-321
-1255	-306	-349
-1280	-292	-232
-1305	-349	-105
-1312	-516	-79
-1224	-569	-144
-1168	-549	-50
-1081	-457	-132
-1346	-394	-248
-1457	-304	-329
-1416	-88	-426
-1289	99	-372
-1133	-29	-333
-1149	-77	-388
-1229	-221	-484
-1186	-196	-442
-1225	-160	-439
-1170	-159	-349
-973	-72	-180
-700	-55	-45
-596	-74	-21
-777	-202	7
-1096	-336	48
-1249	-328	-50
-1217	-298	-2
-1135	-266	95
-1057	-276	-290
-1113	-356	-228
-1172	-290	-80
-1296	-316	-90
-1333	-399	-64
-1320	-532	-140
-1127	-665	-224
-1108	-544	-285
-1249	-400	-301
-1329	-297	-341
-1392	-143	-362
-1319	-32	-365
-1247	41	-344
-1217	-4	-401
-1141	-84	-409
-1072	-85	-354
-1061	-144	-317
-925	-148	-73
-841	-208	-80
-688	-306	-173
-754	-385	-193
-928	-461	-261
-1117	-170	-136
-1200	-40	30
-1209	-31	-87
-1232	-237	-448
-1224	-441	-504
-1149	-409	-420
-1209	-345	-301
-1277	-468	-209
-1281	-586	-210
-1215	-637	-157
-1085	-440	-73
-1064	-338	-73
-1157	-361	-129
-1296	-249	-261
-1325	-89	-327
-1322	-13	-340
-1305	-61	-372
-1236	-143	-407
-1141	-159	-359
-1184	-124	-264
-1154	-40	-189
-1010	65	-100
-824	-32	-121
-813	-124	-106
-1010	-157	-121
-1204	-207	-181
-1209	-228	-208
-1049	-253	-208
-1040	-252	-305
-1124	-296	-437
-1220	-320	-439
-1309	-296	-335
-1386	-449	-256
-1273	-708	-216
-1245	-788	-40
-1044	-569	105
-1085	-391	8
-1285	-400	-100
-1418	-324	-281
-1389	-144	-377
-1287	-8	-349
-1233	-76	-408
-1287	-87	-457
-1280	-169	-509
-1312	-167	-495
-1248	-116	-400
-911	115	-154
-697	15	-114
-681	-208	-141
-959	-208	-116
-1252	-164	-81
-1268	-208	-52
-1044	-265	-88
-992	-304	-153
-1081	-376	-320
-1137	-269	-362
-1224	-252	-272
-1402	-416	-173
-1412	-629	-98
-1344	-625	-160
-1172	-517	-61
-1119	-401	-17
-1177	-509	-77
-1220	-495	-213
-1201	-300	-301
-1184	-157	-336
-1200	-72	-434
-1285	-92	-521
-1265	-109	-500
-1341	-80	-497
-1272	-49	-405
-1066	-121	-183
-770	-109	-177
-676	-72	-97
-797	-168	-65
-916	-167	-66
-1048	-177	-97
-1101	-261	-144
-1143	-277	-205
-1256	-320	-329
-1320	-312	-260
-1254	-293	-138
-1276	-408	-177
-1313	-527	-208
-1250	-592	-225
-1183	-706	-129
-1076	-624	-197
-1175	-456	-250
-1319	-288	-332
-1335	-80	-377
-1281	54	-393
-1213	11	-400
-1245	-80	-424
-1245	-193	-448
-1296	-189	-444
-1309	-103	-367
-1169	56	-240
-920	-8	-265
-672	-2	-161
-701	-81	-65
-932	-186	-66
-1060	-244	-153
-1092	-253	-202
-1115	-236	-191
-1261	-265	-305
-1360	-306	-388
-1357	-279	-260
-1404	-386	-157
-1361	-658	-111
-1241	-764	-180
-1137	-649	-101
-1121	-418	-109
-1264	-346	-233
-1409	-272	-349
-1434	-143	-385
-1354	-37	-381
-1293	1	-400
-1338	-58	-473
-1312	-164	-493
-1281	-172	-404
-1239	-149	-324
-984	-41	-180
-753	6	-125
-685	-61	-85
-749	-103	-4
-919	-84	-8
-1164	-193	-148
-1223	-271	-185
-1184	-228	-196
-1367	-201	-436
-1392	-272	-481
-1298	-333	-337
-1341	-420	-265
-1292	-673	-274
-1193	-793	-308
-1063	-764	-199
-989	-546	-189
-1192	-447	-177
-1378	-336	-226
-1452	-193	-297
-1404	-80	-326
-1357	-63	-362
-1377	-122	-429
-1333	-196	-474
-1236	-162	-449
-1232	-160	-337
-1113	-97	-160
-914	-8	-93
-713	-56	-73
-717	-136	-45
-850	-160	-89
-1069	-184	-127
-1236	-253	-90
-1329	-264	-25
-1213	-372	-416
-1361	-402	-516
-1309	-431	-351
-1284	-276	-192
-1312	-338	-125
-1181	-561	-143
-1140	-712	-160
-993	-652	-159
-1169	-464	-229
-1364	-357	-297
-1505	-162	-369
-1498	62	-388
-1416	65	-360
-1393	-53	-394
-1348	-105	-450
-1233	-178	-456
-1185	-130	-402
-1023	-87	-322
-753	3	-143
-663	31	-69
-804	-52	-159
-1037	-121	-160
-1245	-137	-109
-1247	-136	-57
-1080	-194	-112
-1119	-177	-281
-1300	-288	-489
-1409	-336	-402
-1381	-343	-232
-1368	-532	-108
-1207	-656	-281
-1140	-797	-261
-1029	-776	-186
-1177	-588	-213
-1402	-497	-269
-1544	-343	-373
-1458	-93	-408
-1330	47	-360
-1263	-47	-320
-1287	-77	-388
-1199	-109	-465
-1249	-56	-436
-1133	49	-386
-852	143	-201
-776	9	-228
-825	-108	-233
-1092	-148	-208
-1341	-188	-245
-1381	-193	-205
-1181	-204	-125
-1177	-221	-257
-1220	-268	-487
-1312	-383	-452
-1332	-338	-284
-1384	-364	-225
-1298	-621	-148
-1170	-781	-185
-1000	-759	-104
-1039	-455	-96
-1288	-370	-196
-1448	-287	-321
-1473	-111	-369
-1418	15	-369
-1360	-89	-413
-1359	-104	-452
-1295	-146	-469
-1247	-116	-445
-1271	-128	-386
-1104	-45	-264
-848	92	-165
-624	51	-157
-712	-80	-204
-940	-172	-177
-1184	-167	-114
-1288	-208	-84
-1165	-268	-149
-1261	-321	-312
-1346	-317	-436
-1360	-356	-316
-1359	-293	-122
-1375	-381	-58
-1279	-600	-93
-1293	-692	-125
-1169	-505	-162
-1215	-252	-159
-1352	-200	-164
-1384	-189	-320
-1343	-41	-410
-1255	-96	-322
-1175	-146	-368
-1194	-100	-468
-1172	-113	-456
-1186	-132	-424
-1184	-192	-385
-984	-133	-221
-765	-53	-180
-657	-61	-154
-781	-84	-77
-1008	-176	-144
-1341	-269	-135
-1384	-228	-111
-1140	-301	-261
-1207	-365	-449
-1249	-409	-399
-1237	-396	-336
-1231	-349	-257
-1245	-525	-213
-1121	-786	-279
-1088	-888	-320
-1018	-626	-285
-1204	-410	-258
-1424	-376	-340
-1593	-196	-400
-1626	24	-376
-1501	-41	-388
-1391	-138	-481
-1320	-148	-532
-1216	-144	-469
-1137	-188	-357
-985	-181	-226
-799	-45	-48
-610	-13	-61
-554	-80	-127
-717	-264	-193
-994	-381	-233
-1217	-321	-223
-1377	-241	-151
-1288	-269	-177
-1343	-327	-385
-1373	-354	-397
-1317	-369	-304
-1320	-472	-229
-1295	-648	-183
-1185	-761	-208
-1124	-764	-164
-1031	-397	-194
-1245	-362	-280
-1405	-445	-392
-1428	-340	-431
-1383	-200	-434
-1338	-172	-469
-1356	-105	-461
-1316	-153	-468
-1215	-97	-425
-1101	-64	-365
-1042	-104	-269
-889	-57	-121
-722	-10	-144
-711	-74	-193
-850	-144	-144
-1121	-169	-143
-1394	-266	-224
-1476	-282	-249
-1457	-328	-337
-1389	-328	-506
-1399	-338	-385
-1340	-288	-276
-1330	-356	-225
-1248	-656	-164
-1117	-872	-253
-996	-825	-201
-1031	-413	-180
-1261	-368	-248
-1503	-288	-377
-1657	-95	-433
-1632	-44	-433
-1572	-45	-484
-1488	-93	-532
-1360	-146	-473
-1229	-154	-365
-1138	-112	-277
-928	47	-132
-781	31	-116
-716	7	-177
-777	-161	-232
-941	-433	-188
-1180	-399	-89
-1314	-372	-125
-1332	-530	-32
-1220	-504	-292
-1321	-407	-433
-1329	-567	-394
-1293	-607	-308
-1245	-786	-320
-1108	-848	-297
-1093	-793	-205
-1056	-656	-194
-1249	-524	-281
-1485	-464	-336
-1615	-281	-416
-1601	81	-375
-1461	-138	-316
-1309	-129	-431
-1271	-82	-456
-1207	-114	-417
-1106	-135	-388
-1002	-136	-282
-762	-40	-49
-605	-41	-44
-591	-98	-113
-797	-170	-109
-1121	-212	-84
-1457	-296	-149
-1444	-329	-232
-1305	-290	-269
-1360	-281	-369
-1381	-224	-383
-1313	-240	-269
-1277	-441	-160
-1257	-756	-114
-1186	-838	-122
-1184	-722	24
-1121	-424	-68
-1312	-308	-196
-1488	-305	-285
-1559	-176	-385
-1492	36	-393
-1389	-61	-394
-1332	-72	-466
-1268	-97	-441
-1184	-132	-397
-1103	-164	-332
-1032	-164	-216
-820	-8	-53
-656	24	-95
-656	-63	-112
-840	-140	-121
-1114	-185	-129
-1335	-263	-175
-1284	-280	-260
-1305	-249	-325
-1378	-340	-458
-1330	-336	-368
-1252	-289	-218
-1337	-370	-177
-1293	-605	-185
-1204	-705	-212
-1113	-733	-116
-1047	-465	-200
-1308	-368	-244
-1465	-316	-314
-1509	-116	-429
-1440	156	-381
-1360	-148	-301
-1296	-87	-399
-1220	-64	-452
-1130	-121	-449
-1149	-184	-432
-1063	-208	-324
-872	-101	-136
-708	-71	-144
-671	-153	-180
-832	-201	-244
-1044	-225	-250
-1197	-218	-157
-1201	-196	-74
-1293	-290	-242
-1320	-365	-605
-1423	-516	-364
-1320	-452	-151
-1282	-418	-100
-1249	-552	-153
-1205	-640	-228
-1180	-580	-212
-1200	-436	-231
-1224	-392	-229
-1353	-305	-264
-1426	-149	-333
-1436	-49	-357
-1420	-80	-393
-1455	-157	-461
-1433	-168	-465
-1368	-90	-392
-1256	12	-343
-809	187	-153
-584	115	-24
-578	-23	-98
-808	-180	-153
-1113	-236	-104
-1341	-253	-129
-1352	-265	-178
-1213	-319	-266
-1289	-269	-372
-1352	-249	-373
-1325	-220	-234
-1348	-336	-130
-1327	-623	-95
-1209	-781	-136
-1176	-769	-23
-1076	-391	-84
-1247	-208	-194
-1441	-292	-216
-1492	-256	-295
-1389	-89	-351
-1311	-95	-401
-1288	-63	-425
-1247	-89	-436
-1161	-87	-394
-1108	-122	-345
-1029	-152	-301
-842	71	-122
-749	-93	-93
-736	-312	-114
-917	-240	-100
-1229	-229	-100
-1277	-247	-144
-1141	-285	-169
-1210	-301	-289
-1209	-345	-452
-1284	-353	-357
-1261	-305	-205
-1344	-365	-157
-1329	-548	-168
-1273	-663	-124
-1028	-653	-10
-1025	-420	-17
-1256	-333	-89
-1437	-281	-232
-1409	-144	-304
-1313	-40	-285
-1317	-84	-320
-1313	-121	-424
-1224	-194	-424
-1237	-185	-369
-1241	-194	-274
-1032	-29	-101
-802	22	-31
-669	-48	-57
-753	-239	-112
-980	-345	-148
-1192	-335	-200
-1201	-265	-209
-1143	-261	-224
-1269	-217	-429
-1346	-281	-434
-1353	-281	-274
-1324	-445	-221
-1241	-729	-228
-1077	-794	-241
-1065	-677	-173
-1031	-501	-153
-1132	-372	-191
-1244	-381	-240
-1344	-313	-306
-1396	-148	-370
-1418	-41	-408
-1410	-36	-432
-1361	-84	-424
-1298	-136	-388
-1248	-157	-282
-1228	-141	-196
-980	96	-84
-705	120	-8
-642	-42	49
-841	-121	-17
-1074	-186	-141
-1232	-272	-161
-1218	-276	-193
-1208	-269	-344
-1344	-284	-466
-1329	-356	-353
-1271	-370	-272
-1367	-496	-220
-1329	-680	-208
-1266	-817	-100
-1065	-601	-129
-1113	-295	-130
-1192	-297	-169
-1264	-248	-260
-1223	-113	-319
-1197	-61	-330
-1220	-109	-415
-1264	-173	-447
-1297	-193	-429
-1304	-130	-413
-1265	-127	-312
-1101	-68	-196
-761	-82	-157
-609	-113	-77
-733	-116	-66
-952	-164	-80
-1040	-202	-116
-1037	-241	-160
-1065	-276	-186
-1229	-322	-328
-1233	-361	-298
-1194	-369	-173
-1305	-364	-188
-1324	-480	-207
-1378	-601	-153
-1200	-666	-184
-1197	-458	-241
-1226	-305	-197
-1268	-180	-249
-1213	-18	-303
-1140	-15	-232
-1057	-152	-280
-1095	-129	-372
-1160	-164	-404
-1204	-169	-421
-1218	-189	-340
-1088	-128	-183
-873	-61	-194
-746	-93	-177
-823	-173	-128
-1061	-191	-40
-1172	-177	-52
-1034	-194	-58
-1021	-200	-84
-1032	-288	-377
-1209	-401	-352
-1237	-392	-191
-1284	-394	-97
-1287	-501	-106
-1253	-583	-148
-1122	-596	-97
-1111	-473	-196
-1284	-372	-240
-1337	-260	-277
-1327	-77	-327
-1261	-8	-332
-1149	-56	-330
-1149	-64	-373
-1122	-144	-396
-1063	-193	-333
-1120	-207	-333
-1071	-109	-247
-961	-40	-177
-781	-88	-175
-848	-112	-175
-1040	-178	-178
-1241	-268	-129
-1192	-249	-88
-1042	-228	-100
-1109	-336	-287
-1223	-349	-425
-1252	-367	-247
-1156	-325	-125
-1149	-328	-113
-1188	-492	-140
-1153	-628	-144
-1288	-752	-97
-1153	-474	-213
-1349	-135	-329
-1648	-154	-372
-1673	-106	-453
-1489	7	-423
-1330	-93	-441
-1229	-144	-410
-1192	-178	-399
-1153	-205	-365
-1042	-116	-301
-973	3	-250
-850	-2	-185
-784	-49	-196
-716	-88	-116
-845	-58	-73
-1145	-159	-117
-1489	-320	-114
-1572	-268	-114
-1423	-385	-372
-1471	-385	-449
-1405	-410	-328
-1277	-333	-241
-1274	-409	-180
-1153	-640	-188
-1101	-772	-253
-1055	-701	-255
-1137	-431	-222
-1293	-341	-242
-1501	-241	-313
-1585	-100	-377
-1597	49	-369
-1512	-122	-377
-1449	-191	-442
-1329	-109	-400
-1279	-57	-360
-1209	-29	-241
-948	97	-113
-673	51	-56
-562	-104	-101
-752	-239	-215
-1073	-297	-244
-1327	-247	-205
-1305	-196	-224
-1242	-196	-298
-1341	-233	-415
-1369	-297	-405
-1320	-311	-280
-1332	-441	-208
-1266	-609	-153
-1183	-687	-101
-1079	-719	-17
-1112	-578	-218
-1300	-458	-405
-1453	-260	-528
-1463	24	-501
-1425	191	-425
-1400	15	-434
-1356	-82	-519
-1293	-180	-493
-1252	-189	-429
-1232	-136	-381
-1025	111	-136
-797	115	-29
-656	-109	-178
-785	-256	-234
-1004	-220	-175
-1151	-132	-192
-1205	-200	-244
-1121	-328	-313
-1314	-281	-460
-1399	-301	-485
-1397	-258	-352
-1445	-295	-335
-1400	-548	-285
-1351	-802	-298
-1082	-804	-221
-1037	-365	-132
-1177	-289	-93
-1296	-317	-186
-1404	-154	-298
-1399	-7	-372
-1369	14	-365
-1357	-177	-436
-1341	-183	-449
-1257	-168	-429
-1199	-152	-394
-1066	-191	-332
-920	-185	-272
-701	-164	-208
-692	-80	-80
-761	-104	41
-948	-100	71
-1121	-120	-8
-1127	-186	-105
-1146	-209	-173
-1316	-341	-424
-1384	-464	-468
-1343	-417	-313
-1360	-333	-82
-1274	-464	-80
-1337	-648	-189
-1170	-581	-145
-1081	-377	-162
-1223	-338	-221
-1352	-276	-305
-1364	-96	-391
-1312	33	-369
-1288	-16	-400
-1245	-37	-447
-1181	-90	-439
-1061	-162	-365
-1050	-202	-297
-930	-48	-113
-807	25	-85
-673	-140	-185
-722	-193	-221
-1015	-216	-208
-1370	-305	-194
-1412	-314	-226
-1260	-303	-292
-1213	-258	-320
-1231	-217	-308
-1213	-205	-177
-1234	-321	-113
-1244	-576	-57
-1181	-728	-90
-1232	-688	-66
-1156	-413	-152
-1362	-228	-308
-1608	-162	-392
-1652	-72	-506
-1521	51	-436
-1325	-4	-418
-1261	-48	-476
-1263	-170	-464
-1188	-248	-429
-1196	-218	-420
-1037	-84	-241
-746	116	30
-495	76	71
-541	7	39
-837	-26	-44
-1229	-160	-153
-1456	-292	-221
-1389	-276	-260
-1369	-248	-324
-1453	-328	-420
-1375	-329	-369
-1330	-281	-296
-1409	-440	-208
-1298	-732	-153
-1184	-872	-137
-967	-536	-52
-1128	-309	-41
-1489	-404	-136
-1645	-349	-314
-1541	-199	-349
-1377	-109	-317
-1296	-169	-391
-1309	-194	-433
-1273	-232	-391
-1271	-154	-338
-1208	-113	-281
-970	-1	-153
-705	1	-168
-592	-33	-148
-740	-103	-116
-1009	-177	-80
-1261	-264	-127
-1357	-353	-125
-1220	-301	-141
-1202	-263	-324
-1295	-297	-313
-1401	-456	-248
-1376	-708	-153
-1216	-873	-109
-1207	-848	-136
-1105	-681	-32
-1199	-343	-119
-1428	-343	-191
-1485	-298	-320
-1449	-145	-369
-1357	-64	-378
-1317	-18	-400
-1305	-136	-448
-1288	-256	-400
-1232	-149	-248
-1113	78	-200
-823	280	-104
-685	225	-97
-733	51	-109
-968	-90	-80
-1245	-153	-148
-1426	-233	-220
-1327	-265	-207
-1240	-249	-181
-1277	-229	-264
-1271	-249	-329
-1234	-301	-234
-1309	-489	-245
-1305	-826	-257
-1305	-968	-265
-1140	-756	-146
-1111	-332	-160
-1316	-272	-221
-1457	-313	-349
-1469	-208	-424
-1309	-100	-426
-1232	-64	-455
-1248	-103	-498
-1273	-170	-497
-1244	-177	-400
-1204	-133	-344
-1029	14	-228
-797	120	-113
-618	81	-132
-740	39	-156
-994	-98	-153
-1312	-255	-170
-1402	-353	-196
-1304	-337	-217
-1338	-340	-337
-1367	-365	-376
-1357	-274	-200
-1340	-459	-162
-1344	-752	-143
-1188	-749	-116
-1176	-727	-33
-1073	-663	-84
-1225	-517	-192
-1521	-504	-308
-1676	-297	-488
-1585	1	-402
-1465	-63	-353
-1349	-72	-440
-1268	-114	-461
-1165	-162	-418
-1015	-193	-392
-975	-196	-336
-860	-103	-185
-714	-57	-104
-628	-104	-104
-737	-148	-72
-945	-154	-68
-1242	-146	-100
-1359	-185	-112
-1282	-231	-164
-1362	-317	-353
-1431	-389	-442
-1368	-388	-311
-1378	-253	-130
-1393	-424	-64
-1356	-698	-116
-1229	-791	-122
-1103	-500	-136
-1240	-314	-87
-1373	-272	-200
-1428	-114	-378
-1384	76	-346
-1316	-47	-314
-1338	-148	-424
-1281	-137	-456
-1189	-156	-399
-1148	-183	-349
-1013	-92	-264
-804	40	-207
-695	-4	-225
-769	-68	-258
-1008	-154	-180
-1273	-221	-136
-1377	-253	-132
-1261	-226	-109
-1175	-316	-269
-1277	-298	-385
-1332	-327	-269
-1301	-312	-144
-1309	-391	-49
-1221	-581	-71
-1232	-644	-79
-1044	-540	-79
-1093	-317	-146
-1361	-373	-237
-1600	-313	-429
-1628	-57	-545
-1511	140	-441
-1381	-1	-377
-1248	-97	-392
-1120	-153	-357
-964	-177	-301
-921	-16	-410
-900	-10	-305
-920	-4	-201
-800	46	-156
-945	-119	-148
-1156	-228	-200
-1321	-228	-229
-1311	-221	-157
-1177	-250	-125
-1239	-271	-352
-1292	-348	-418
-1319	-328	-169
-1282	-341	-57
-1276	-452	-68
-1201	-616	-114
-1202	-599	-132
-1144	-561	-57
-1165	-410	-205
-1432	-343	-329
-1572	-186	-424
-1548	-23	-469
-1432	15	-402
-1316	-72	-425
-1248	-93	-433
-1220	-173	-420
-1133	-218	-376
-1087	-120	-365
-909	104	-256
-708	103	-125
-624	3	-224
-761	-120	-324
-1025	-202	-264
-1305	-237	-204
-1424	-271	-200
-1295	-218	-191
-1343	-212	-209
-1284	-340	-399
-1282	-351	-320
-1261	-308	-156
-1274	-380	-34
-1280	-551	-52
-1202	-649	-97
-1193	-609	-41
-1168	-369	-164
-1378	-306	-276
-1496	-300	-378
-1497	-157	-532
-1432	68	-474
-1312	-60	-391
-1232	-26	-473
-1236	-55	-493
-1128	-138	-449
-1072	-200	-410
-1007	-196	-320
-861	-135	-168
-716	-88	-82
-661	-113	-8
-761	-152	-58
-1044	-180	-113
-1325	-242	-153
-1378	-250	-162
-1337	-296	-250
-1345	-305	-400
-1332	-311	-313
-1232	-313	-281
-1257	-352	-208
-1241	-530	-144
-1145	-613	-185
-1149	-704	-136
-1052	-535	-193
-1240	-329	-256
-1465	-279	-295
-1583	-146	-413
-1585	57	-452
-1493	-25	-399
-1405	-104	-416
-1271	-77	-429
-1146	-121	-385
-1050	-165	-320
-1037	-39	-200
-882	152	-72
-817	0	-186
-786	-112	-185
-933	-159	-116
-1145	-220	-185
-1360	-297	-253
-1399	-288	-273
-1381	-340	-346
-1388	-346	-482
-1341	-305	-301
-1232	-201	-97
-1277	-335	-130
-1288	-612	-180
-1168	-722	-196
-1122	-721	-72
-1105	-439	-116
-1346	-338	-228
-1521	-277	-340
-1620	-74	-474
-1612	148	-441
-1488	-132	-394
-1359	-68	-466
-1236	-49	-468
-1159	-148	-431
-1105	-191	-391
-1111	-161	-328
-964	-5	-177
-770	-25	-173
-689	-84	-225
-800	-108	-148
-961	-148	-90
-1137	-194	-104
-1218	-272	-170
-1250	-305	-271
-1464	-308	-429
-1512	-356	-433
-1458	-405	-306
-1384	-464	-242
-1265	-680	-240
-1148	-837	-290
-1104	-865	-231
-1006	-476	-178
-1160	-393	-152
-1393	-456	-281
-1594	-292	-378
-1625	-112	-369
-1556	-137	-386
-1488	-144	-372
-1352	-196	-360
-1178	-127	-329
-1108	-92	-298
-1037	-73	-193
-872	28	-57
-740	-12	-144
-724	-112	-208
-871	-157	-143
-1122	-210	-148
-1325	-293	-200
-1261	-327	-269
-1354	-282	-418
-1512	-314	-484
-1463	-311	-289
-1316	-361	-186
-1256	-496	-189
-1191	-656	-136
-1217	-730	-81
-1145	-636	-144
-1202	-333	-274
-1372	-293	-316
-1530	-226	-369
-1522	-109	-480
-1433	39	-437
-1357	-104	-465
-1303	-58	-487
-1224	-125	-471
-1135	-130	-429
-1125	-148	-392
-1034	-85	-257
-912	-49	-194
-788	-108	-253
-777	-71	-184
-864	-93	-81
-1080	-164	-89
-1297	-228	-184
-1405	-249	-234
-1428	-296	-354
-1537	-341	-370
-1457	-367	-188
-1279	-385	-111
-1266	-442	-73
-1249	-568	-116
-1295	-626	-89
-1093	-489	-100
-1109	-287	-170
-1364	-233	-269
-1569	-153	-418
-1568	81	-457
-1429	-8	-385
-1312	-63	-431
-1261	-120	-432
-1224	-210	-410
-1177	-167	-340
-1146	57	-209
-880	220	-189
-672	28	-261
-738	-148	-248
-952	-279	-169
-1241	-288	-135
-1365	-293	-221
-1181	-320	-237
-1156	-249	-296
-1234	-177	-349
-1266	-133	-320
-1288	-136	-157
-1320	-273	-121
-1268	-524	-136
-1304	-701	-121
-1188	-671	-56
-993	-322	-89
-1204	-223	-160
-1402	-236	-277
-1492	-63	-393
-1442	99	-388
-1325	-10	-305
-1239	-109	-340
-1130	-104	-327
-1080	-157	-296
-1096	-49	-253
-897	243	-97
-912	19	-164
-921	-188	-269
-1085	-177	-264
-1297	-170	-216
-1362	-224	-242
-1209	-264	-260
-1181	-301	-356
-1233	-333	-372
-1252	-345	-205
-1217	-417	22
-1153	-520	15
-1170	-738	-47
-1124	-845	-184
-1178	-828	-193
-1165	-735	-285
-1471	-828	-497
-1824	-777	-615
-1916	-692	-545
-1768	-769	-449
-1610	-831	-476
-1476	-873	-500
-1252	-856	-370
-1064	-936	-324
-871	-881	-77
-481	-773	143
-9	-570	488
396	-329	760
724	-247	726
708	-136	668
591	-18	619
543	-34	448
504	25	327
441	9	280
505	63	231
608	319	399
700	268	607
897	249	716
1070	291	700
1174	303	680
1054	140	635
937	76	335
851	20	215
736	48	316
639	80	433
585	152	444
572	167	355
611	172	343
713	160	398
799	142	444
897	227	472
1047	368	520
1105	428	716
1127	387	684
998	88	769
748	-40	720
598	91	521
566	190	408
511	270	299
476	335	188
519	396	247
630	489	302
742	636	374
830	752	438
844	760	480
844	768	440
779	625	351
732	483	227
755	319	230
673	236	401
473	227	432
374	239	359
420	190	305
635	123	347
819	44	440
999	167	412
1312	-21	383
1340	-440	600
1094	-541	343
723	-720	-340
494	-872	-561
396	-829	-305
337	-765	-223
364	-724	-394
487	-704	-394
560	-625	-216
663	-808	-81
760	-1055	-52
748	-1081	-47
792	-1399	-297
883	-1186	-320
817	-733	-153
569	-760	39
566	-964	-173
457	-860	-137
320	-885	-84
169	-685	304
196	-741	531
419	-650	432
422	-825	374
369	-1068	443
550	-997	564
580	-1111	888
515	-1071	895
304	-764	577
32	-890	460
-90	-905	664
-80	-525	702
-13	-485	423
159	-773	235
265	-689	393
335	-810	513
462	-884	608
547	-994	663
793	-1057	612
728	-1188	764
527	-1228	704
280	-1234	515
219	-1159	510
41	-869	622
-21	-752	464
46	-658	299
86	-423	316
248	-624	292
326	-729	480
-68	-761	771
-208	-825	924
-21	-941	1025
14	-1009	1142
-143	-1437	792
68	-1575	415
15	-1160	434
-236	-832	611
-97	-596	371
54	-592	188
172	-628	184
291	-737	208
409	-797	243
560	-1032	289
816	-1121	646
836	-1113	591
752	-1241	385
440	-1284	184
311	-1162	145
214	-1029	275
169	-1057	423
147	-972	462
184	-665	271
144	-488	252
115	-583	262
3	-604	528
-80	-420	883
-55	-708	1304
-29	-852	1096
-80	-922	707
-413	-1135	518
-264	-1393	220
-61	-1266	439
-52	-893	476
-82	-721	368
-29	-847	207
108	-853	203
131	-893	68
280	-1183	-175
743	-1112	92
775	-1188	631
671	-1604	676
412	-1748	151
335	-1240	-130
140	-1217	0
120	-1303	108
184	-1028	81
38	-754	89
48	-736	-121
3	-674	152
-121	-520	395
-161	-409	638
-264	-554	990
-225	-881	1084
-144	-1090	992
-9	-1369	675
24	-1580	489
179	-1256	147
-49	-689	391
-127	-660	263
-79	-597	75
0	-744	-58
168	-872	88
295	-1128	156
622	-1217	283
871	-1172	435
878	-1130	635
665	-1440	350
335	-1317	97
201	-1298	127
233	-1281	172
209	-1168	172
180	-1069	252
204	-784	470
329	-461	374
199	-719	115
-360	-791	287
-612	-407	655
-509	-241	839
-551	-391	950
-616	-717	920
-540	-1615	688
-240	-1824	419
-61	-1352	403
-77	-1002	254
-8	-785	217
88	-633	95
182	-681	46
259	-857	259
379	-1055	534
611	-1296	631
748	-1412	535
664	-1626	464
300	-1401	431
206	-1344	192
115	-1416	67
31	-1265	-25
-121	-943	115
-205	-647	355
-205	-461	444
-157	-330	528
-249	-597	673
-377	-567	654
-400	-362	591
-409	-440	574
-372	-609	393
-266	-980	350
-372	-1420	630
-568	-1257	771
-786	-1282	831
-588	-936	654
-249	-740	483
-80	-800	414
-41	-924	412
-9	-927	422
97	-1081	420
-64	-1597	542
-340	-1737	687
-554	-1593	675
-505	-1152	504
-488	-945	455
-520	-1090	481
-581	-1076	454
-543	-817	409
-365	-466	334
-194	-309	335
-133	-192	374
-127	-73	312
-285	-77	295
-697	-580	460
-981	-657	494
-882	-360	262
-1032	-336	155
-1447	-514	135
-1672	-708	63
-1713	-800	-205
-1399	-681	-356
-1113	-668	-368
-1108	-650	-457
-1044	-697	-488
-945	-698	-428
-953	-794	-335
-964	-1018	-233
-988	-1145	-287
-973	-1256	-354
-969	-1029	-300
-1285	-925	-237
-1613	-826	-370
-1781	-428	-473
-1620	-285	-324
-1437	-129	-225
-1290	-169	-205
-1162	-353	-281
-1064	-385	-324
-1017	-348	-249
-991	-268	-177
-884	-144	43
-706	-49	86
-737	-176	39
-1056	-893	307
-1401	-1423	395
-1176	-1728	479
-464	-1576	262
120	-1530	104
400	-1386	124
604	-1282	65
576	-1065	31
272	-921	96
8	-969	160
-47	-1168	175
-266	-1088	361
169	-1245	108
288	-1260	96
169	-1088	83
35	-825	174
15	-511	201
105	-394	158
111	-511	79
65	-930	238
51	-1065	611
164	-1376	754
305	-1437	807
190	-1424	670
107	-1277	422
79	-1089	299
15	-820	244
-1	-525	176
6	-449	103
14	-522	-161
55	-698	-183
311	-1080	3
526	-1373	71
600	-1312	278
673	-1501	391
689	-1548	88
540	-1577	-200
339	-1377	-146
278	-1240	-148
113	-1055	-189
28	-887	-205
-13	-698	-136
8	-601	-32
39	-521	160
12	-656	254
35	-793	499
135	-1073	580
287	-1421	553
297	-1600	419
240	-1644	83
192	-1457	-9
-34	-1057	170
-56	-781	139
-10	-511	70
27	-572	-93
124	-562	-180
251	-740	-97
390	-1000	-141
537	-1049	-103
766	-1383	-170
894	-1737	-244
703	-1540	-389
472	-1337	-530
444	-1420	-708
334	-1301	-592
140	-964	-465
-20	-602	-272
-4	-586	-161
12	-663	-121
15	-745	385
63	-820	759
183	-872	440
337	-1069	439
471	-1232	504
294	-1124	209
343	-1192	-210
199	-1028	-241
119	-936	-105
112	-840	-66
135	-666	-85
187	-665	-240
304	-730	-360
499	-953	-431
694	-1133	-359
839	-1420	-258
824	-1576	-434
671	-1448	-576
416	-1312	-445
369	-1448	-548
323	-1352	-461
211	-1096	-381
135	-737	-357
63	-416	-274
0	-377	-348
44	-626	-108
6	-760	364
33	-1050	726
208	-1202	744
364	-1568	471
335	-1661	179
480	-1465	-86
463	-1204	-196
227	-831	-116
35	-532	22
-34	-549	135
87	-645	156
89	-705	136
268	-888	91
521	-1063	147
743	-1172	255
783	-1281	352
809	-1620	112
574	-1384	-29
419	-1089	-141
344	-1121	-109
307	-1188	-224
231	-953	-245
121	-578	-144
96	-496	-45
191	-712	31
35	-840	313
81	-1293	448
207	-1232	792
230	-1012	1022
199	-1143	857
160	-1271	531
223	-1225	419
115	-1033	424
126	-708	176
176	-440	51
167	-473	102
289	-617	198
332	-608	280
415	-740	560
582	-1153	624
720	-1556	591
691	-1608	454
575	-1399	167
352	-1088	83
300	-1089	35
120	-1056	206
76	-970	278
140	-800	99
247	-500	222
304	-471	263
126	-804	508
-5	-994	614
278	-1135	420
303	-1177	623
294	-1204	792
259	-1172	614
220	-1160	345
199	-1040	292
28	-1008	328
23	-813	108
108	-593	25
110	-600	92
217	-528	167
319	-717	374
371	-1066	489
611	-1165	552
710	-1245	487
745	-1513	366
505	-1432	339
300	-983	224
332	-1073	206
304	-1060	166
220	-948	96
134	-601	39
158	-421	-64
188	-536	35
143	-968	510
183	-1108	652
270	-1188	771
352	-1344	879
312	-1397	760
188	-1290	451
131	-1177	363
20	-904	355
27	-560	216
120	-524	57
195	-548	3
211	-452	43
353	-801	131
499	-991	420
624	-1119	662
652	-1444	863
664	-1625	508
560	-1428	231
377	-1160	99
323	-1060	72
216	-977	89
131	-825	97
43	-602	127
56	-478	142
119	-577	216
51	-828	401
121	-1044	624
310	-1239	774
359	-1433	847
296	-1578	695
156	-1383	439
36	-1040	360
-49	-767	337
-45	-564	278
31	-428	176
81	-392	-1
163	-541	-9
480	-892	216
536	-1061	487
720	-1093	647
747	-1487	883
713	-1786	456
527	-1428	107
390	-1300	60
291	-1208	175
158	-1015	164
60	-725	112
67	-410	152
145	-396	268
294	-522	391
192	-596	615
143	-772	876
235	-965	1039
249	-1040	1075
79	-1263	903
108	-1357	639
39	-1060	496
-49	-687	395
-61	-421	291
24	-404	118
193	-549	83
385	-800	192
462	-943	407
540	-964	704
747	-1192	835
794	-1593	771
662	-1492	339
497	-1221	59
439	-1106	78
251	-1069	65
159	-948	-24
163	-653	-97
232	-520	-146
182	-609	88
177	-999	356
118	-1104	524
255	-1146	600
255	-1181	880
212	-1288	975
79	-1321	624
23	-1308	280
-41	-993	206
-31	-649	131
24	-461	79
56	-540	20
248	-522	33
400	-885	91
516	-1210	449
668	-1244	664
667	-1312	841
664	-1593	569
467	-1257	188
371	-997	56
412	-1073	72
246	-1007	83
188	-800	32
163	-634	-1
192	-441	25
233	-609	358
214	-855	719
216	-1050	950
300	-1320	937
299	-1374	840
199	-1188	519
49	-1128	275
-143	-962	347
-189	-737	415
-103	-609	323
7	-576	180
179	-637	152
358	-793	216
460	-919	432
531	-994	668
671	-1303	742
647	-1655	582
494	-1588	331
315	-1351	273
275	-1156	236
135	-912	171
44	-689	143
40	-487	70
46	-372	112
124	-607	374
118	-815	744
179	-897	832
319	-1085	883
275	-1242	1035
169	-1229	888
163	-1101	454
176	-1049	224
55	-769	195
-17	-591	172
-40	-649	183
65	-609	243
143	-684	287
359	-973	235
494	-1151	408
596	-1263	624
627	-1413	601
628	-1652	350
401	-1393	240
265	-1127	195
195	-1073	251
168	-1025	211
124	-818	31
153	-514	-68
188	-400	-40
179	-591	159
-16	-800	595
28	-1031	903
99	-1329	975
127	-1538	899
62	-1460	611
36	-1236	366
-81	-868	284
-132	-578	240
-69	-541	164
40	-633	84
169	-656	12
216	-711	131
415	-993	304
403	-1077	694
611	-1304	704
568	-1428	582
585	-1561	315
356	-1400	152
225	-1104	116
179	-1028	153
80	-989	136
79	-836	47
75	-600	71
56	-504	211
52	-537	390
28	-738	603
152	-993	726
355	-1320	750
329	-1421	782
288	-1416	624
275	-1337	287
95	-1121	152
-113	-895	335
-156	-549	412
-74	-456	283
99	-577	111
264	-685	169
291	-817	308
328	-948	527
425	-1089	728
515	-1345	787
568	-1500	563
527	-1425	255
323	-1159	174
240	-1049	240
206	-996	220
107	-895	120
39	-665	115
35	-468	176
103	-520	318
134	-730	688
193	-968	847
412	-1328	662
438	-1373	646
371	-1277	670
316	-1197	483
217	-1106	352
62	-924	280
-97	-797	407
-61	-591	364
63	-514	225
220	-564	140
355	-647	179
416	-764	344
415	-908	590
439	-1324	713
457	-1543	703
539	-1508	352
414	-1284	174
297	-1034	54
167	-914	103
94	-991	120
64	-823	163
44	-589	248
57	-560	356
159	-746	462
254	-944	480
286	-1085	560
348	-1338	670
364	-1415	689
334	-1341	574
193	-1197	364
80	-1069	295
-55	-817	345
-90	-720	323
-17	-644	303
79	-585	233
223	-613	254
328	-720	368
364	-793	553
403	-1009	703
467	-1247	705
519	-1341	588
537	-1437	423
377	-1165	295
247	-1101	247
182	-1096	275
147	-921	204
119	-672	-9
72	-425	132
112	-583	358
199	-741	483
216	-916	591
295	-1164	696
319	-1261	798
369	-1272	728
335	-1156	655
259	-1106	440
163	-1061	332
-20	-836	369
-100	-644	462
-45	-666	431
108	-644	276
137	-551	176
313	-714	248
355	-853	464
417	-970	620
511	-1173	643
539	-1359	583
510	-1481	444
294	-1285	343
208	-1088	236
259	-1013	120
207	-997	86
135	-852	94
91	-569	169
115	-544	332
212	-698	308
248	-921	407
304	-1089	499
425	-1239	483
439	-1261	491
465	-1273	492
401	-1201	440
255	-1127	304
86	-997	272
-45	-872	339
-56	-744	391
70	-673	275
204	-647	180
299	-628	199
440	-778	263
443	-949	449
390	-1096	590
399	-1183	679
456	-1241	607
414	-1328	467
268	-1208	352
212	-1026	271
184	-1025	211
79	-1085	171
9	-831	168
51	-567	248
111	-564	351
216	-701	372
319	-928	390
409	-1072	415
499	-1149	432
492	-1281	584
467	-1337	515
465	-1412	295
316	-1225	216
99	-848	236
-32	-644	287
-81	-669	390
-26	-785	382
151	-804	281
334	-720	207
412	-793	271
396	-976	463
438	-1121	440
491	-1108	424
487	-1081	483
496	-1168	376
360	-1345	327
192	-1213	316
199	-1020	270
192	-1025	180
105	-946	143
41	-716	163
63	-576	248
137	-639	353
211	-807	465
252	-946	548
331	-1042	497
391	-1168	473
366	-1266	569
332	-1305	673
255	-1256	518
179	-1130	313
110	-956	284
60	-729	279
83	-623	264
140	-650	304
233	-644	312
348	-612	259
361	-744	460
303	-1021	649
311	-1154	675
375	-1143	620
391	-1135	624
419	-1268	544
271	-1178	359
246	-1001	191
188	-1007	227
88	-1025	268
8	-887	254
1	-672	372
55	-625	457
124	-717	508
192	-884	451
287	-1021	360
391	-1136	376
396	-1210	508
407	-1277	662
336	-1348	544
185	-1297	279
49	-1081	308
-72	-801	335
-144	-612	353
-84	-633	316
70	-743	182
243	-733	124
420	-756	163
515	-881	359
428	-968	598
467	-1322	662
535	-1245	531
497	-1178	393
376	-1263	295
232	-1092	198
273	-1069	108
296	-1124	96
167	-1151	95
94	-880	56
105	-652	56
185	-695	176
198	-928	371
142	-989	568
164	-1055	583
169	-1031	616
44	-959	729
-114	-741	723
-281	-592	582
-453	-506	359
-620	-388	124
-874	-359	-24
-1005	-416	-121
-1112	-537	-200
-1304	-856	-344
-1372	-978	-432
-1268	-884	-410
-1056	-897	-375
-916	-1000	-313
-889	-1096	-224
-1000	-1049	-292
-1232	-1261	-441
-1096	-1197	-386
-983	-874	-260
-1154	-631	-301
-1272	-480	-281
-1320	-399	-276
-1258	-228	-207
-1204	-292	-252
-1122	-388	-348
-1005	-365	-362
-842	-296	-321
-820	-257	-257
-832	-248	-138
-941	-290	15
-1005	-269	142
-1048	-319	144
-1224	-473	121
-1319	-616	126
-1281	-631	-34
-1188	-658	-121
-1009	-712	-165
-889	-769	-173
-817	-824	-136
-730	-869	-104
-724	-841	-71
-848	-760	-119
-993	-672	-225
-1248	-705	-320
-1341	-767	-360
-1306	-620	-360
-1285	-452	-320
-1481	-449	-340
-1429	-364	-369
-1168	-340	-356
-993	-365	-306
-943	-333	-317
-903	-271	-356
-813	-234	-329
-711	-188	-221
-690	-157	-21
-740	-272	190
-908	-522	295
-1114	-495	152
-1096	-669	312
-1087	-1204	326
-1114	-1416	126
-1026	-1268	-8
-756	-1149	-77
-468	-1132	-167
-245	-1135	-272
-177	-1159	-271
-138	-1247	-205
-100	-1160	-153
-109	-961	-80
-261	-841	15
-466	-861	255
-528	-912	440
-340	-1116	323
-136	-1418	95
9	-1128	-34
64	-935	-129
67	-900	-128
52	-850	-89
39	-800	-64
16	-761	14
-29	-961	102
-21	-1007	238
48	-1093	220
111	-1191	236
120	-1329	195
112	-1332	233
47	-1288	280
-4	-1274	176
-36	-1106	27
-103	-836	-44
-144	-711	-64
-127	-845	-7
-26	-922	32
63	-845	79
111	-861	112
119	-1040	88
108	-1220	135
108	-1209	56
97	-1161	38
167	-1226	-16
163	-1485	-61
3	-1417	-217
-41	-1080	-317
4	-917	-345
7	-985	-336
-55	-972	-213
-71	-879	-49
-80	-682	56
40	-813	-79
112	-1005	-104
127	-1113	-15
140	-1130	35
124	-1143	23
115	-1229	-76
40	-1234	-68
-18	-1253	-112
-113	-1133	-389
-201	-836	-583
-249	-829	-676
-285	-808	-645
-266	-713	-576
-185	-756	-589
-128	-760	-512
-165	-825	-472
-284	-954	-417
-296	-1032	-454
19	-1031	-452
105	-1053	-513
92	-1149	-584
135	-1209	-564
-40	-1114	-773
-104	-853	-879
-52	-608	-847
-89	-524	-839
-143	-610	-880
-169	-680	-733
-76	-793	-615
-1	-730	-704
88	-733	-727
72	-793	-765
19	-817	-788
7	-868	-824
-37	-980	-829
-72	-1128	-770
-133	-1087	-872
-257	-905	-994
-218	-804	-837
-272	-482	-730
-316	-372	-760
-202	-466	-868
60	-648	-853
64	-588	-740
-10	-506	-672
-64	-581	-756
-101	-759	-801
-113	-748	-885
-144	-680	-968
-97	-786	-1076
-84	-850	-1092
-285	-669	-1277
-429	-426	-1178
-317	-264	-945
-199	-244	-985
-189	-265	-1017
-237	-324	-941
-297	-511	-777
-296	-564	-576
-89	-576	-753
-244	-645	-881
-85	-663	-864
-71	-749	-906
-97	-930	-980
-149	-1101	-877
-189	-1167	-946
-264	-1023	-981
-244	-776	-730
-232	-761	-666
-232	-688	-573
-113	-685	-617
8	-653	-557
147	-735	-527
198	-868	-488
124	-957	-329
38	-1096	-88
22	-1140	-106
96	-1220	-149
120	-1325	-201
-20	-1249	-45
-64	-1152	12
100	-1007	-39
240	-1000	-133
179	-1061	-52
51	-1052	44
20	-919	70
62	-825	163
127	-925	233
137	-933	196
163	-956	190
199	-1065	206
208	-1184	271
152	-1220	401
119	-1303	440
110	-1437	211
31	-1204	102
-36	-897	126
-50	-877	122
19	-897	111
107	-922	88
188	-845	88
227	-760	160
169	-833	300
83	-1032	408
81	-1177	364
112	-1124	307
156	-1104	287
240	-1261	264
209	-1432	208
167	-1256	131
216	-1010	67
323	-980	-65
327	-1105	-82
184	-1127	12
64	-1069	36
57	-985	33
84	-897	96
143	-909	184
220	-946	241
287	-994	275
327	-1060	307
399	-1168	288
255	-1128	335
148	-957	295
252	-892	207
332	-861	236
368	-977	307
359	-1087	335
353	-953	321
408	-817	344
438	-853	344
462	-994	272
456	-962	204
471	-1007	113
435	-953	46
435	-1032	-93
431	-922	-159
407	-904	-249
419	-844	-333
451	-802	-296
472	-848	-241
492	-855	-140
547	-817	-149
567	-765	-202
543	-932	-344
550	-912	-330
543	-890	-306
535	-890	-329
568	-880	-361
568	-848	-344
577	-832	-328
588	-855	-306
583	-829	-313
582	-797	-322
576	-818	-336
576	-856	-333
579	-864	-336
579	-842	-313
577	-850	-313
574	-858	-293
561	-840	-281
559	-836	-301
556	-836	-296
560	-848	-301
556	-864	-285
560	-871	-288
556	-869	-290
551	-869	-290
543	-864	-288
544	-868	-293
539	-871	-282
542	-877	-280
543	-865	-279
551	-866	-281
547	-869	-272
544	-852	-266
553	-855	-253
559	-869	-260
547	-863	-266
547	-844	-273
543	-861	-264
543	-868	-260
531	-872	-265
535	-865	-276
536	-872	-276
543	-877	-281
545	-890	-292
543	-881	-305
536	-866	-305
536	-865	-304
534	-882	-292
534	-889	-289
534	-876	-306
527	-860	-306
529	-863	-305
531	-865	-297
527	-879	-296
527	-887	-301
536	-893	-305
531	-901	-301
529	-890	-292
521	-882	-272
519	-881	-258
4095	4095	4095
3218	25	85
