Activity Name: walk/
UserID: 15218
StartTime: 0
x	y	z
391	-392	-844
388	-396	-834
391	-399	-832
392	-401	-836
387	-392	-833
391	-408	-832
383	-400	-845
382	-426	-842
404	-416	-808
398	-415	-824
400	-465	-820
400	-476	-788
398	-520	-762
408	-537	-756
393	-605	-696
422	-675	-665
398	-628	-661
420	-690	-633
103	-808	-538
-63	-836	-458
3	-850	-570
305	-824	-610
215	-791	-551
102	-900	-540
79	-815	-536
111	-786	-549
143	-804	-564
143	-817	-552
159	-845	-632
137	-829	-564
184	-788	-541
273	-813	-527
201	-857	-488
188	-852	-527
201	-848	-527
231	-881	-476
232	-816	-564
249	-759	-589
249	-816	-528
255	-834	-509
249	-833	-504
243	-832	-497
248	-836	-500
248	-839	-511
252	-829	-505
240	-836	-506
236	-836	-512
236	-832	-500
219	-842	-505
219	-911	-449
292	-804	-481
239	-872	-484
227	-872	-461
225	-829	-516
207	-869	-541
207	-901	-504
227	-900	-433
176	-877	-464
155	-802	-468
176	-916	-416
143	-912	-348
129	-912	-444
105	-860	-439
92	-909	-356
104	-968	-404
131	-935	-449
115	-1009	-453
89	-1103	-365
99	-1037	-226
145	-993	-109
131	-800	39
156	-1049	164
87	-946	291
92	-749	464
24	-800	584
17	-729	604
9	-826	634
12	-762	700
-31	-697	812
-18	-772	743
31	-778	636
-9	-761	711
-20	-761	724
-10	-772	663
-116	-727	616
-256	-676	671
-385	-685	678
-368	-721	583
-369	-778	659
-247	-784	681
-162	-794	753
-77	-680	673
-135	-781	729
-693	-881	761
-808	-543	713
-530	-637	508
-597	-636	511
-575	-658	585
-666	-530	611
-653	-543	608
-669	-532	548
-672	-592	519
-639	-626	545
-648	-596	535
-663	-601	551
-664	-591	544
-713	-572	535
-820	-605	529
-938	-866	592
-1137	-719	287
-1178	-263	200
-913	-205	355
-749	-277	271
-610	-373	167
-489	-521	240
-506	-781	328
-516	-961	358
-525	-1001	376
-520	-1025	472
-482	-1056	439
-431	-1132	299
-360	-1231	6
-266	-1081	-426
-104	-848	-655
-105	-625	-765
-178	-461	-719
-248	-431	-544
-346	-788	-461
-450	-873	-426
-522	-592	-284
-656	-400	-84
-749	-399	-193
-1183	-848	-576
-980	-1089	-412
-660	-657	-160
-524	-492	-276
-473	-729	-437
-237	-932	-495
-183	-877	-472
-313	-909	-464
-456	-996	-480
-537	-976	-430
-520	-912	-369
-546	-848	-389
-532	-770	-333
-453	-740	-264
-413	-793	-239
-408	-904	-260
-268	-944	-220
151	-1400	-103
238	-1953	-245
-361	-1876	-509
-941	-1396	-617
-1124	-759	-626
-946	-234	-696
-744	-71	-393
-295	-217	136
-129	-271	167
-162	-505	-32
-244	-1424	-367
-189	-1637	-165
-177	-1432	19
-152	-1202	92
-293	-1068	-21
-338	-1012	15
-304	-1060	176
-516	-957	14
-628	-818	-176
-548	-741	-153
-479	-656	-120
-412	-511	-288
-505	-464	-641
-288	-1017	-788
-48	-824	-818
-136	-840	-712
-285	-672	-706
-717	-572	-890
-1073	-658	-888
-943	-655	-449
-796	-685	-228
-689	-693	-76
-679	-633	8
-692	-668	192
-724	-708	155
-784	-936	-105
-858	-1009	-372
-892	-937	-538
-832	-818	-620
-625	-712	-669
-429	-661	-652
-313	-660	-628
-303	-685	-591
-506	-729	-567
-975	-761	-516
-1460	-722	-121
-1265	-359	462
-1546	-369	140
-1285	-360	-185
-719	-236	-425
-424	-234	-551
-665	-409	-583
-783	-473	-584
-869	-537	-429
-928	-505	-369
-1012	-458	-496
-912	-464	-532
-888	-476	-516
-797	-589	-415
-884	-652	-352
-1017	-712	-258
-1052	-755	-177
-1073	-716	-90
-1085	-655	-34
-1017	-509	23
-912	-320	48
-909	-322	65
-887	-247	-40
-832	-204	-58
-833	-292	-130
-976	-458	-177
-1124	-645	-106
-1332	-720	-162
-1305	-834	-136
-959	-856	43
-903	-759	67
-836	-669	-90
-769	-591	-281
-672	-676	-385
-474	-613	-416
-263	-431	-410
-80	-359	-297
38	-543	-72
32	-935	156
-9	-1508	19
-282	-1921	-605
-1168	-1316	-876
-1647	-655	-500
-1556	-282	-220
-1215	-253	-28
-810	-509	49
-537	-637	-18
-359	-482	-68
-237	-345	-55
-264	-784	-25
-328	-769	-116
-336	-762	104
-313	-705	628
-240	-463	1068
-154	-425	1076
-194	-805	827
-295	-973	428
-349	-1050	3
-317	-945	-244
-333	-760	-208
-553	-604	-237
-921	-653	-380
-1274	-840	-543
-1239	-775	-538
-1048	-756	-488
-917	-788	-506
-748	-961	-389
-476	-911	-298
-314	-845	-125
-292	-877	-96
-320	-977	-101
-349	-1042	-152
-412	-1002	-237
-488	-900	-320
-577	-866	-337
-704	-797	-420
-937	-877	-521
-921	-900	-538
-817	-705	-484
-868	-548	-468
-909	-506	-428
-885	-520	-392
-815	-440	-408
-765	-248	-461
-785	-80	-352
-778	-19	-149
-781	-242	-119
-845	-311	-26
-1001	-392	-24
-1135	-409	-196
-1301	-449	-404
-1377	-577	-423
-976	-559	-177
-893	-552	-164
-909	-616	-269
-785	-559	-313
-689	-439	-276
-685	-413	-240
-749	-448	-244
-861	-487	-242
-872	-544	-221
-904	-508	-8
-919	-426	348
-1176	-193	580
-1136	-282	184
-932	-463	49
-815	-633	-74
-808	-777	-196
-961	-832	-272
-936	-749	-282
-889	-541	-325
-1040	-455	-385
-1137	-437	-410
-1002	-376	-356
-909	-330	-247
-889	-269	-185
-842	-127	-93
-744	-45	-16
-769	-104	-45
-858	-217	-82
-973	-341	-172
-1044	-543	-440
-1092	-429	-808
-1112	-52	-808
-1044	4	-540
-1050	-8	-420
-989	-81	-476
-928	-264	-565
-904	-417	-629
-856	-424	-624
-801	-373	-488
-751	-375	-306
-784	-423	-193
-861	-480	-29
-1087	-572	216
-1392	-752	111
-1409	-600	-308
-1290	-143	-385
-1056	108	-322
-928	-266	-338
-836	-468	-564
-786	-464	-689
-937	-409	-692
-948	-309	-599
-881	-184	-495
-829	-167	-413
-793	-194	-369
-772	-240	-296
-778	-253	-200
-824	-296	-191
-888	-432	-144
-977	-580	-103
-1079	-613	-90
-1154	-477	-200
-1064	-416	-236
-919	-436	-197
-858	-452	-212
-839	-445	-215
-794	-399	-204
-749	-341	-228
-709	-328	-248
-705	-369	-240
-720	-418	-200
-754	-472	-153
-873	-533	-153
-1040	-576	-164
-1009	-519	-156
-961	-504	-114
-952	-553	-119
-956	-637	-119
-1096	-621	-265
-1176	-557	-349
-1039	-356	-282
-946	-207	-213
-903	79	-120
-936	127	-151
-956	-153	-233
-888	-161	-221
-857	-111	-225
-912	-196	-281
-961	-386	-296
-1041	-495	-300
-1109	-410	-385
-1137	-328	-464
-943	-458	-340
-829	-537	-244
-886	-452	-240
-869	-312	-221
-877	-349	-207
-820	-439	-185
-791	-500	-154
-786	-546	-72
-804	-592	-68
-781	-661	-89
-864	-793	-141
-925	-714	-228
-936	-695	-237
-898	-825	-257
-816	-832	-360
-833	-610	-449
-881	-417	-505
-897	-340	-488
-901	-296	-482
-888	-180	-424
-840	-108	-335
-776	-170	-273
-728	-253	-232
-729	-232	-212
-861	-252	-232
-1064	-351	-288
-1130	-409	-327
-1128	-464	-288
-1140	-512	-300
-967	-522	-274
-808	-532	-201
-828	-505	-314
-877	-429	-377
-776	-392	-321
-644	-401	-241
-628	-413	-207
-689	-436	-232
-799	-500	-180
-994	-441	39
-1338	-164	144
-1189	-503	-80
-989	-561	-141
-1032	-533	-159
-1031	-588	-217
-954	-488	-309
-1012	-278	-386
-1101	-244	-376
-1079	-335	-354
-900	-324	-298
-744	-188	-221
-689	-100	-197
-752	-165	-200
-856	-221	-177
-927	-247	-186
-1060	-301	-250
-1177	-461	-284
-1236	-568	-324
-1040	-607	-216
-873	-512	-153
-826	-320	-273
-880	-308	-345
-937	-373	-381
-791	-397	-287
-653	-417	-157
-705	-463	-81
-813	-473	-89
-863	-496	-52
-945	-557	41
-1009	-769	108
-1069	-877	86
-1108	-924	-13
-1012	-765	-143
-928	-528	-186
-993	-321	-189
-1061	-160	-226
-1037	-1	-296
-976	52	-301
-879	112	-272
-829	83	-224
-852	-64	-196
-968	-186	-212
-1081	-300	-264
-1161	-425	-268
-1241	-449	-345
-1028	-473	-232
-913	-517	-162
-983	-421	-301
-985	-354	-311
-828	-344	-204
-706	-360	-137
-705	-420	-80
-770	-423	-76
-804	-455	-45
-815	-457	-49
-967	-480	-160
-1066	-520	-177
-1056	-532	-176
-1148	-583	-196
-1096	-589	-228
-1077	-457	-322
-1189	-369	-343
-1063	-249	-290
-914	-139	-255
-824	-29	-244
-764	-47	-344
-733	-93	-360
-737	-164	-282
-836	-168	-258
-957	-228	-266
-1063	-388	-191
-1125	-583	-88
-1309	-505	-305
-1159	-568	-324
-1049	-534	-266
-976	-314	-320
-856	-249	-285
-719	-285	-272
-632	-308	-281
-639	-305	-285
-661	-338	-232
-697	-397	-157
-840	-497	-134
-1039	-525	-196
-1172	-434	-200
-1146	-372	-137
-1104	-464	-135
-1126	-505	-247
-1148	-353	-392
-1105	-237	-367
-962	-217	-288
-832	-217	-321
-793	-177	-362
-765	-93	-360
-732	-136	-325
-744	-191	-292
-807	-165	-263
-932	-207	-296
-1037	-311	-263
-1053	-377	-221
-1061	-408	-284
-1096	-562	-247
-1032	-674	-189
-962	-576	-225
-913	-381	-233
-844	-311	-213
-832	-313	-193
-730	-293	-157
-681	-365	-141
-741	-460	-106
-797	-473	-109
-864	-442	-173
-973	-434	-281
-1039	-449	-281
-986	-424	-248
-1053	-505	-269
-1060	-509	-335
-1081	-377	-338
-1069	-266	-327
-935	-236	-304
-793	-184	-265
-762	-209	-277
-794	-212	-308
-765	-180	-304
-776	-176	-248
-872	-225	-285
-1016	-292	-337
-1047	-377	-313
-1005	-455	-192
-1004	-472	-186
-951	-468	-244
-980	-545	-281
-1037	-456	-313
-909	-365	-244
-761	-340	-194
-688	-336	-178
-692	-353	-175
-740	-417	-169
-786	-481	-168
-836	-471	-201
-945	-428	-266
-1021	-413	-293
-992	-404	-272
-961	-441	-272
-1015	-519	-293
-1000	-450	-336
-1025	-346	-352
-981	-296	-324
-892	-269	-285
-842	-244	-271
-848	-225	-296
-852	-202	-303
-810	-185	-292
-808	-193	-276
-841	-217	-276
-957	-247	-330
-996	-306	-353
-957	-381	-308
-1009	-421	-309
-972	-428	-252
-953	-505	-160
-1034	-568	-165
-1021	-420	-144
-946	-229	-28
-906	-167	-20
-794	-253	-164
-745	-329	-209
-727	-353	-186
-741	-328	-194
-825	-352	-237
-986	-407	-296
-1000	-440	-285
-937	-464	-250
-994	-535	-228
-1039	-629	-200
-1145	-525	-260
-1191	-244	-209
-1053	-49	-170
-911	-93	-144
-890	-177	-193
-897	-240	-280
-857	-272	-314
-796	-221	-274
-776	-138	-209
-784	-189	-173
-845	-285	-205
-948	-385	-248
-1073	-474	-280
-1168	-505	-340
-1175	-511	-352
-938	-548	-205
-856	-536	-177
-956	-424	-257
-976	-328	-249
-901	-241	-208
-828	-193	-36
-949	-138	224
-962	-32	75
-776	-296	-77
-761	-385	-154
-824	-367	-225
-957	-418	-260
-1015	-484	-282
-1021	-445	-263
-959	-433	-228
-953	-482	-218
-973	-537	-185
-1008	-528	-136
-1097	-308	-93
-1060	-136	-161
-1005	-148	-165
-978	-176	-221
-928	-250	-296
-877	-309	-336
-840	-290	-329
-792	-223	-284
-769	-152	-221
-836	-168	-237
-868	-281	-247
-976	-449	-212
-1160	-592	-218
-1117	-549	-264
-968	-461	-124
-1000	-344	-180
-1050	-281	-304
-1005	-282	-264
-857	-240	-128
-797	-175	-21
-799	-137	-26
-773	-223	-104
-772	-365	-173
-810	-420	-199
-847	-432	-213
-922	-455	-221
-969	-453	-258
-980	-410	-271
-946	-416	-261
-1017	-479	-234
-1021	-500	-112
-1204	-237	-58
-1229	-26	-272
-1070	-60	-308
-1008	-94	-317
-932	-189	-356
-857	-264	-340
-845	-213	-292
-832	-76	-225
-877	-72	-194
-1000	-199	-253
-1041	-340	-381
-948	-431	-408
-1020	-424	-441
-1072	-386	-500
-945	-369	-477
-848	-421	-388
-783	-436	-344
-793	-360	-346
-890	-336	-351
-905	-352	-288
-832	-413	56
-1383	-175	559
-1288	336	59
-871	-29	-276
-679	-296	-308
-629	-381	-269
-720	-399	-248
-831	-456	-260
-888	-583	-200
-919	-620	-154
-1020	-560	-144
-1105	-444	-128
-1209	-420	-153
-1249	-273	-36
-1135	-101	-121
-1018	-40	-196
-945	-130	-232
-930	-319	-296
-864	-439	-320
-783	-364	-317
-778	-295	-296
-823	-316	-272
-857	-324	-260
-928	-335	-281
-1056	-353	-338
-1239	-376	-440
-1056	-376	-353
-802	-392	-160
-833	-369	-112
-973	-295	-77
-1160	-225	147
-1106	-122	142
-856	-129	-65
-836	-234	-89
-894	-365	-136
-836	-468	-42
-804	-512	30
-828	-457	-25
-888	-369	-109
-973	-338	-161
-980	-360	-154
-964	-360	-119
-1025	-431	-103
-1148	-512	-157
-1013	-465	-157
-831	-317	-217
-816	-240	-257
-844	-249	-290
-957	-185	-468
-1047	-132	-644
-903	-136	-612
-684	-351	-626
-717	-656	-804
-953	-125	-729
-1153	72	-437
-1137	126	-346
-1088	167	-52
-1268	-68	-288
-848	-709	-440
-769	-832	-202
-821	-449	-305
-869	-241	-324
-861	-241	-281
-781	-330	-266
-773	-389	-225
-808	-404	-170
-868	-356	-197
-855	-305	-193
-836	-303	-170
-880	-319	-186
-978	-368	-205
-1028	-429	-225
-1012	-473	-225
-988	-506	-208
-1020	-448	-298
-996	-381	-349
-957	-409	-301
-908	-429	-280
-847	-306	-360
-805	-241	-328
-785	-272	-269
-769	-229	-288
-770	-192	-260
-825	-218	-241
-936	-241	-309
-1025	-276	-376
-993	-365	-333
-976	-439	-284
-920	-447	-231
-909	-497	-168
-1002	-525	-196
-993	-407	-217
-948	-308	-93
-961	-226	52
-865	-184	-20
-698	-272	-144
-695	-345	-183
-729	-354	-201
-820	-377	-212
-959	-424	-257
-1096	-456	-290
-1108	-452	-237
-1133	-424	-108
-1111	-393	-84
-972	-309	-220
-909	-264	-266
-916	-289	-298
-882	-321	-320
-844	-280	-344
-802	-228	-340
-788	-217	-324
-791	-217	-301
-802	-217	-272
-880	-233	-269
-1004	-281	-317
-1061	-353	-319
-1044	-425	-269
-1056	-453	-253
-905	-493	-196
-863	-544	-194
-927	-458	-295
-889	-349	-272
-839	-319	-232
-793	-304	-205
-749	-285	-111
-815	-311	-32
-901	-375	-97
-821	-391	-153
-813	-360	-164
-929	-401	-217
-1056	-468	-269
-1064	-481	-244
-1114	-520	-189
-1042	-498	-252
-945	-360	-312
-913	-285	-322
-872	-301	-327
-833	-312	-333
-832	-272	-345
-826	-231	-345
-817	-226	-344
-788	-233	-332
-788	-228	-314
-863	-224	-311
-948	-253	-342
-1016	-322	-325
-1064	-441	-240
-1069	-485	-194
-912	-445	-121
-885	-441	-113
-945	-418	-205
-928	-360	-256
-868	-335	-229
-788	-328	-208
-745	-317	-177
-754	-370	-132
-808	-434	-122
-809	-473	-130
-820	-439	-148
-929	-434	-209
-1050	-469	-265
-1040	-477	-242
-1026	-488	-226
-1028	-484	-253
-1005	-364	-292
-1028	-269	-338
-964	-297	-317
-852	-312	-312
-831	-298	-324
-833	-263	-333
-809	-231	-336
-788	-217	-345
-810	-216	-361
-832	-225	-353
-909	-253	-354
-1013	-281	-365
-1121	-367	-314
-1151	-464	-228
-912	-463	-82
-800	-433	-10
-917	-429	-141
-954	-400	-237
-877	-381	-217
-824	-354	-229
-829	-349	-255
-802	-386	-232
-783	-415	-194
-770	-449	-130
-793	-413	-152
-930	-418	-225
-1071	-441	-292
-1088	-420	-256
-1060	-424	-221
-991	-423	-208
-929	-309	-264
-973	-249	-320
-967	-288	-285
-903	-308	-253
-852	-295	-272
-813	-271	-282
-799	-250	-296
-800	-232	-306
-804	-231	-288
-868	-232	-295
-962	-253	-336
-1010	-324	-335
-1034	-386	-279
-1049	-420	-249
-948	-429	-175
-847	-447	-138
-880	-519	-164
-893	-455	-191
-938	-345	-231
-936	-288	-253
-820	-289	-189
-793	-250	-93
-890	-220	-60
-917	-308	-61
-841	-431	-82
-848	-431	-141
-937	-425	-218
-1001	-432	-285
-981	-445	-320
-1034	-496	-308
-1045	-561	-248
-928	-464	-292
-932	-365	-285
-985	-250	-210
-1045	-128	-224
-1146	-199	-269
-1106	-263	-271
-964	-189	-257
-860	-111	-189
-820	-106	-137
-799	-136	-143
-855	-177	-208
-943	-244	-321
-960	-332	-399
-1033	-404	-464
-1160	-482	-509
-1103	-561	-473
-882	-500	-417
-752	-386	-336
-832	-365	-365
-916	-391	-408
-945	-308	-336
-962	-212	-192
-900	-113	-8
-945	-2	201
-1232	-63	212
-1005	-255	-96
-909	-282	-297
-909	-308	-362
-845	-370	-344
-793	-429	-240
-818	-508	-173
-922	-543	-177
-988	-551	-180
-973	-511	-136
-881	-469	-136
-996	-573	-192
-1122	-649	-162
-1073	-512	-180
-1199	-360	-264
-1280	-226	-280
-1241	-217	-255
-1132	-209	-290
-1039	-144	-313
-945	-93	-298
-861	-92	-266
-775	-109	-249
-719	-114	-209
-740	-177	-184
-861	-236	-274
-1012	-333	-412
-1162	-549	-464
-1226	-696	-514
-1168	-637	-552
-1057	-517	-428
-852	-469	-281
-784	-500	-256
-796	-464	-308
-816	-377	-320
-801	-322	-305
-785	-338	-306
-825	-381	-287
-849	-409	-138
-1044	-168	521
-1375	-196	308
-973	-552	-207
-855	-308	-269
-949	-244	-225
-1017	-423	-289
-964	-479	-340
-948	-484	-313
-1036	-502	-296
-1100	-417	-356
-1077	-317	-367
-1000	-272	-345
-962	-249	-319
-968	-272	-281
-922	-260	-268
-817	-205	-264
-781	-151	-266
-760	-132	-263
-735	-122	-239
-820	-154	-258
-939	-252	-281
-1012	-402	-257
-1153	-528	-240
-1272	-596	-336
-1096	-532	-288
-980	-530	-264
-1021	-544	-247
-930	-477	-180
-808	-420	-169
-717	-344	-247
-687	-320	-268
-685	-365	-244
-724	-440	-177
-793	-493	-117
-881	-538	-125
-1031	-505	-180
-1109	-385	-177
-1080	-303	-120
-1017	-376	-125
-1033	-448	-193
-1012	-413	-256
-983	-311	-288
-960	-301	-288
-879	-305	-297
-845	-241	-380
-854	-193	-420
-841	-213	-373
-784	-247	-304
-790	-233	-248
-837	-225	-232
-952	-260	-264
-1040	-349	-280
-1060	-429	-300
-1116	-448	-356
-881	-445	-287
-865	-488	-255
-948	-432	-306
-916	-372	-260
-802	-354	-194
-736	-351	-113
-820	-400	-40
-904	-564	-77
-864	-605	-191
-824	-415	-234
-824	-305	-228
-888	-388	-269
-988	-457	-328
-1016	-416	-370
-941	-404	-311
-993	-481	-264
-1080	-455	-330
-1074	-338	-353
-1000	-304	-301
-948	-288	-272
-984	-264	-341
-976	-208	-513
-888	-96	-509
-799	-136	-357
-701	-144	-232
-660	-106	-156
-753	-130	-176
-976	-272	-244
-1197	-445	-272
-1402	-610	-500
-1188	-681	-420
-957	-524	-337
-925	-426	-324
-901	-399	-328
-837	-399	-314
-748	-372	-308
-672	-360	-264
-690	-369	-212
-776	-392	-224
-844	-429	-231
-881	-455	-189
-989	-400	-79
-1160	-328	16
-1188	-349	-69
-1037	-400	-192
-1044	-441	-257
-1128	-424	-353
-1184	-327	-416
-1060	-288	-396
-861	-285	-376
-800	-241	-413
-914	-159	-512
-928	-200	-413
-887	-308	-250
-820	-317	-208
-810	-249	-169
-744	-193	-77
-885	-221	-55
-1005	-274	-82
-1002	-284	-97
-965	-317	-103
-1025	-305	-256
-1096	-324	-362
-925	-396	-208
-754	-369	-95
-616	-345	-21
-656	-333	-79
-914	-351	-261
-961	-434	-276
-848	-537	-159
-820	-583	-95
-900	-560	-125
-1032	-564	-168
-1085	-543	-194
-1049	-450	-145
-1010	-481	-132
-1087	-525	-225
-1241	-464	-349
-1260	-397	-360
-1056	-290	-333
-976	-144	-381
-925	-149	-345
-889	-221	-313
-812	-225	-312
-733	-176	-303
-705	-121	-285
-705	-160	-247
-762	-229	-218
-900	-322	-225
-1065	-424	-228
-1181	-456	-287
-1217	-431	-349
-1095	-468	-309
-944	-561	-239
-945	-569	-263
-978	-469	-276
-945	-420	-263
-857	-399	-261
-797	-400	-249
-793	-426	-221
-826	-481	-176
-839	-511	-141
-850	-458	-136
-973	-356	-184
-1037	-263	-245
-993	-231	-285
-953	-229	-319
-985	-276	-344
-1021	-409	-328
-1005	-545	-306
-1001	-527	-352
-1018	-441	-415
-884	-344	-396
-793	-306	-393
-826	-245	-473
-881	-117	-656
-877	-204	-616
-861	-311	-514
-848	-336	-481
-865	-360	-436
-957	-329	-474
-996	-290	-497
-985	-282	-445
-941	-295	-420
-938	-276	-456
-917	-237	-471
-908	-212	-464
-912	-189	-457
-919	-193	-436
-1016	-205	-449
-1108	-212	-458
-936	-267	-313
-880	-378	-204
-993	-453	-144
-1055	-439	28
-1261	-217	89
-1069	-127	-72
-873	-177	-137
-809	-276	-226
-761	-342	-285
-737	-381	-269
-784	-408	-232
-861	-420	-228
-890	-400	-241
-928	-410	-231
-953	-424	-208
-936	-449	-213
-967	-484	-228
-961	-497	-209
-974	-488	-196
-984	-533	-172
-968	-477	-240
-1044	-333	-319
-1047	-268	-320
-970	-272	-301
-946	-264	-327
-945	-248	-345
-904	-225	-353
-836	-196	-349
-793	-185	-324
-770	-183	-311
-744	-153	-311
-804	-177	-298
-877	-301	-242
-991	-485	-176
-1127	-589	-205
-1177	-573	-282
-962	-500	-202
-954	-474	-228
-1034	-421	-308
-948	-375	-276
-782	-343	-208
-713	-353	-154
-765	-369	-148
-836	-429	-127
-847	-505	-109
-853	-450	-132
-906	-343	-168
-986	-312	-232
-994	-345	-266
-946	-311	-273
-919	-330	-253
-1017	-424	-253
-1060	-426	-253
-1117	-280	-324
-1065	-257	-297
-945	-301	-188
-893	-289	-185
-858	-233	-266
-836	-232	-320
-818	-223	-333
-788	-221	-282
-784	-196	-233
-793	-177	-234
-872	-220	-269
-970	-316	-296
-1064	-415	-319
-1140	-490	-300
-1088	-527	-248
-975	-553	-197
-960	-551	-213
-981	-479	-249
-912	-408	-232
-808	-354	-212
-762	-312	-193
-797	-269	-148
-853	-248	-15
-873	-322	-25
-836	-409	-116
-873	-377	-172
-959	-407	-234
-1023	-452	-274
-1017	-418	-253
-993	-420	-209
-1044	-424	-144
-1074	-237	-167
-1073	-202	-313
-1074	-281	-298
-980	-324	-317
-904	-343	-316
-842	-297	-317
-816	-236	-319
-817	-218	-298
-799	-209	-288
-765	-164	-258
-799	-114	-271
-921	-161	-309
-1005	-301	-313
-1125	-452	-328
-1122	-605	-303
-1082	-626	-289
-1040	-509	-282
-1002	-397	-257
-932	-386	-252
-853	-404	-263
-776	-400	-247
-714	-388	-191
-705	-409	-129
-778	-452	-122
-868	-413	-157
-944	-320	-160
-1061	-248	-157
-1186	-253	-183
-1137	-314	-245
-1049	-329	-271
-1032	-345	-292
-1009	-288	-328
-961	-272	-324
-948	-333	-293
-957	-345	-297
-940	-308	-337
-906	-269	-394
-893	-273	-406
-845	-305	-376
-804	-288	-338
-816	-213	-322
-890	-160	-369
-936	-152	-332
-879	-264	-241
-860	-328	-206
-960	-375	-176
-1063	-509	-148
-1122	-690	-175
-1109	-672	-135
-991	-457	-137
-916	-409	-146
-865	-439	-132
-810	-497	-121
-772	-528	-114
-776	-508	-137
-796	-476	-168
-853	-461	-213
-969	-453	-258
-1039	-397	-324
-1076	-354	-320
-1101	-333	-292
-1191	-333	-242
-1242	-228	-305
-1095	-161	-349
-960	-154	-292
-825	-253	-241
-799	-282	-247
-853	-244	-322
-881	-241	-324
-840	-239	-273
-781	-276	-138
-824	-313	-52
-904	-281	-97
-1016	-232	-207
-1073	-313	-175
-1012	-359	-181
-946	-296	-212
-928	-340	-228
-909	-420	-212
-810	-452	-180
-913	-477	-175
-1032	-482	-205
-968	-424	-196
-884	-436	-172
-812	-416	-144
-837	-429	-17
-989	-351	199
-1076	-242	119
-927	-311	-57
-940	-290	-199
-969	-338	-340
-989	-520	-231
-1061	-589	-242
-1084	-484	-309
-996	-360	-209
-1016	-261	-106
-1005	-185	-128
-989	-200	-237
-948	-247	-288
-909	-189	-221
-880	-109	-157
-784	-106	-105
-672	-143	-90
-610	-212	-72
-680	-295	-127
-1026	-349	-312
-1469	-503	-472
-1417	-548	-525
-1145	-505	-441
-1012	-544	-330
-980	-583	-328
-889	-520	-279
-794	-477	-210
-767	-431	-210
-936	-401	-216
-1077	-305	350
-1776	582	392
-1025	238	-225
-736	-73	-52
-680	-237	-208
-706	-409	-306
-765	-392	-312
-845	-360	-234
-928	-416	-72
-1138	-389	97
-1120	-687	-116
-1056	-833	-244
-1064	-615	-184
-1073	-458	-148
-991	-324	-239
-1013	-191	-300
-1097	-192	-345
-1060	-289	-349
-984	-329	-322
-992	-292	-282
-1000	-240	-255
-912	-168	-210
-808	-80	-144
-725	-36	-49
-708	-58	-42
-791	-124	-202
-905	-244	-375
-1122	-528	-564
-1480	-780	-656
-1552	-802	-762
-1128	-647	-505
-756	-399	-244
-698	-377	-272
-788	-423	-367
-911	-372	-346
-980	-244	-298
-970	-185	-312
-881	-215	-241
-738	-221	22
-1013	-210	851
-1165	-560	62
-704	-609	-309
-820	-473	-391
-928	-484	-362
-1004	-616	-324
-1044	-577	-433
-993	-466	-353
-953	-397	-240
-957	-562	-178
-858	-656	-130
-997	-601	-217
-1239	-415	-308
-1373	-160	-340
-1396	-130	-333
-1333	-72	-265
-1183	-65	-317
-1009	-199	-337
-804	-261	-276
-578	-178	-180
-464	17	-116
-464	55	-153
-538	-77	-197
-814	-287	-284
-1497	-730	-495
-1861	-1042	-765
-1160	-725	-581
-817	-239	-112
-1025	-285	-268
-1058	-456	-544
-712	-500	-474
-516	-392	-313
-616	-332	-274
-820	-458	-298
-921	-589	-305
-940	-588	-192
-961	-424	220
-1385	99	374
-1236	-199	-53
-1143	-281	-204
-1156	-189	-209
-1056	-271	-221
-1098	-450	-290
-1017	-559	-312
-973	-429	-445
-1029	-311	-477
-1009	-296	-410
-945	-298	-368
-881	-264	-354
-845	-223	-336
-801	-196	-300
-740	-184	-223
-730	-141	-159
-749	-100	-74
-823	-148	-28
-977	-264	-44
-1221	-424	-121
-1396	-609	-253
-1311	-656	-367
-1061	-480	-336
-911	-354	-372
-932	-335	-375
-889	-340	-375
-762	-317	-345
-663	-280	-308
-652	-277	-292
-704	-319	-261
-818	-453	-202
-921	-633	-159
-948	-594	-201
-1026	-449	-205
-1172	-364	-180
-1202	-336	-168
-1101	-324	-157
-1042	-369	-200
-1095	-391	-168
-1034	-208	-274
-1058	-177	-332
-1068	-257	-330
-991	-308	-346
-920	-313	-370
-847	-260	-388
-799	-215	-377
-756	-213	-345
-733	-218	-322
-716	-207	-305
-789	-200	-304
-964	-218	-303
-1040	-292	-265
-1063	-378	-183
-1093	-437	-185
-1060	-554	-144
-1048	-650	-138
-1034	-543	-193
-991	-368	-255
-909	-328	-285
-821	-364	-274
-764	-385	-241
-749	-376	-194
-777	-385	-167
-816	-434	-161
-849	-424	-185
-928	-409	-202
-1037	-449	-248
-1088	-400	-271
-1040	-405	-213
-988	-474	-199
-985	-541	-173
-937	-431	-209
-1080	-313	-340
-1127	-281	-352
-1055	-249	-335
-952	-263	-329
-866	-239	-340
-824	-196	-348
-788	-191	-336
-725	-205	-288
-689	-180	-218
-753	-144	-193
-848	-215	-191
-976	-370	-144
-1176	-468	-221
-1263	-485	-301
-1106	-511	-233
-994	-513	-276
-1031	-481	-372
-983	-399	-346
-810	-361	-256
-705	-345	-244
-733	-338	-292
-786	-369	-285
-810	-436	-209
-807	-512	-136
-848	-517	-159
-1009	-481	-224
-1183	-464	-255
-1236	-405	-244
-1148	-362	-228
-1092	-396	-241
-1013	-317	-264
-1009	-116	-305
-1001	-192	-271
-1064	-333	-279
-1032	-359	-336
-877	-264	-354
-793	-212	-349
-788	-217	-349
-762	-229	-327
-724	-226	-274
-778	-212	-265
-925	-192	-345
-992	-228	-305
-1013	-359	-237
-922	-441	-173
-968	-421	-210
-1181	-458	-295
-1168	-538	-231
-1036	-508	-161
-887	-442	-146
-852	-400	-180
-877	-433	-208
-839	-484	-178
-757	-525	-112
-781	-532	-137
-915	-485	-232
-1042	-461	-320
-1121	-436	-354
-1092	-405	-336
-1048	-407	-289
-984	-413	-255
-1010	-325	-328
-1154	-281	-368
-1154	-281	-340
-1049	-244	-308
-911	-220	-293
-807	-196	-306
-775	-175	-320
-733	-189	-305
-692	-201	-288
-696	-177	-288
-785	-168	-292
-880	-244	-276
-1058	-375	-280
-1261	-516	-309
-1172	-569	-277
-954	-529	-209
-1007	-505	-216
-1033	-493	-250
-992	-460	-252
-928	-445	-212
-874	-453	-191
-873	-449	-180
-897	-447	-177
-914	-420	-200
-900	-345	-217
-872	-292	-249
-903	-308	-300
-936	-348	-336
-960	-348	-378
-985	-345	-421
-1028	-373	-441
-953	-405	-400
-925	-394	-378
-852	-325	-402
-845	-266	-465
-885	-250	-524
-852	-309	-530
-833	-311	-584
-876	-240	-697
-840	-170	-876
-765	-66	-1005
-778	-26	-921
-744	-29	-762
-799	60	-692
-1025	-39	-599
-1156	-237	-508
-1032	-319	-392
-967	-276	-336
-1028	-296	-324
-1053	-301	-216
-1049	-212	-122
-1032	-141	-114
-935	-191	-97
-837	-260	-119
-856	-308	-167
-925	-336	-185
-906	-333	-173
-866	-290	-189
-879	-288	-200
-951	-349	-160
-953	-372	-160
-940	-360	-130
-1001	-400	-80
-1016	-436	-40
-1007	-461	-4
-1016	-489	-56
-1137	-473	-154
-1012	-341	-208
-876	-277	-173
-951	-274	-184
-1009	-305	-208
-942	-317	-208
-861	-282	-261
-841	-252	-320
-865	-232	-404
-817	-191	-433
-784	-196	-320
-800	-220	-215
-850	-193	-256
-1000	-212	-287
-1057	-287	-62
-1424	-440	526
-1255	-997	-216
-881	-848	-370
-900	-217	-320
-1069	-97	-349
-993	-251	-378
-816	-345	-385
-657	-348	-253
-665	-340	-121
-714	-365	-41
-772	-369	-56
-799	-416	-42
-898	-429	-121
-1114	-474	-218
-1223	-512	-271
-1185	-505	-242
-1096	-479	-205
-913	-369	-186
-865	-234	-241
-945	-253	-290
-1021	-282	-327
-977	-280	-370
-823	-252	-360
-728	-216	-333
-730	-196	-320
-753	-189	-292
-817	-193	-269
-922	-249	-269
-1034	-321	-260
-1175	-317	-260
-1223	-372	-199
-1021	-464	-18
-897	-416	14
-904	-330	-96
-906	-306	-160
-967	-356	-189
-985	-313	-210
-799	-237	-41
-708	-250	96
-753	-256	33
-855	-333	-72
-871	-416	-89
-912	-492	-71
-1009	-556	-141
-1053	-538	-177
-980	-488	-152
-1015	-473	-205
-1065	-577	-212
-1009	-561	-255
-1074	-452	-369
-1113	-306	-420
-1042	-194	-381
-965	-185	-333
-925	-225	-349
-885	-213	-378
-832	-153	-354
-784	-117	-205
-812	-178	-229
-884	-228	-290
-961	-311	-314
-1048	-349	-281
-1010	-308	-225
-900	-280	-197
-826	-325	-200
-815	-354	-218
-881	-408	-274
-941	-458	-290
-978	-495	-253
-945	-497	-176
-908	-505	-97
-904	-567	-39
-897	-626	16
-916	-671	47
-981	-696	3
-1028	-658	-85
-1033	-592	-151
-1018	-548	-194
-970	-493	-212
-953	-477	-244
-968	-461	-271
-1001	-420	-336
-1040	-356	-369
-985	-256	-317
-881	-178	-234
-815	-141	-237
-794	-138	-271
-801	-168	-282
-829	-189	-304
-911	-180	-340
-1000	-146	-296
-1037	-119	-182
-993	-82	-101
-954	-61	-77
-1040	-93	-125
-1177	-152	-141
-1233	-232	-60
-1232	-257	94
-1168	-330	201
-1073	-385	243
-1020	-487	135
-1002	-492	62
-960	-551	72
-1017	-561	14
-1000	-546	-25
-983	-562	-40
-954	-552	-32
-956	-528	-8
-1032	-487	-57
-1093	-455	-88
-1146	-393	-140
-1217	-327	-191
-1223	-260	-172
-1140	-169	-87
-1028	-64	-18
-944	-7	3
-855	-2	7
-813	-41	15
-788	-76	48
-877	-125	54
-1005	-140	64
-1122	-153	89
-1172	-391	118
-960	-415	211
-788	-324	299
-968	-314	251
-1149	-364	166
-1095	-413	216
-940	-479	239
-844	-506	294
-845	-564	335
-852	-647	372
-863	-720	414
-857	-740	454
-800	-652	446
-804	-570	504
-744	-560	614
-711	-586	691
-729	-625	705
-765	-724	679
-813	-727	664
-921	-720	639
-1044	-650	608
-999	-497	696
-968	-402	699
-921	-276	664
-879	-185	595
-872	-138	545
-789	-135	496
-834	-144	412
-777	-113	376
-625	-164	519
-623	-269	568
-615	-297	535
-639	-317	561
-772	-440	716
-744	-516	947
-629	-466	1148
-528	-353	1256
-410	-372	1404
-313	-548	1367
-181	-697	1131
-109	-729	819
-157	-727	636
-296	-735	566
-361	-656	552
-456	-687	708
-653	-740	915
-628	-576	1079
-672	-329	1257
-857	-23	1223
-1047	287	975
-897	11	792
-690	-556	686
-361	-641	707
-369	-560	647
-591	-306	579
-575	-249	572
-589	-348	608
-692	-412	739
-743	-361	897
-914	-295	953
-1104	-305	752
-1200	-404	519
-1181	-525	408
-1220	-615	207
-1220	-621	32
-1192	-600	-33
-1116	-553	-25
-1121	-626	-52
-1105	-690	-74
-1064	-784	75
-1040	-960	382
-880	-1232	639
-602	-1308	880
-473	-1220	1086
-504	-1076	1191
-600	-911	1203
-737	-797	1094
-852	-697	950
-949	-623	832
-983	-552	780
-1042	-488	654
-1146	-328	542
-1170	-215	591
-1009	-98	625
-847	23	623
-703	22	592
-713	9	503
-738	-29	451
-676	15	420
-688	41	444
-781	64	521
-880	115	584
-1001	192	560
-1073	231	563
-1047	126	591
-1002	-65	604
-1074	-305	558
-1087	-472	504
-1028	-584	446
-927	-617	343
-792	-593	199
-744	-601	124
-833	-653	111
-1037	-760	167
-1031	-756	380
-932	-813	798
-908	-992	1164
-889	-1097	1531
-813	-1025	1695
-741	-964	1619
-1036	-884	1127
-1409	-840	615
-1479	-720	248
-1285	-520	60
-920	-378	105
-520	-367	167
-476	-551	280
-596	-665	298
-792	-353	224
-1005	167	383
-1101	659	419
-1240	1351	335
-1229	1619	371
-1145	1151	547
-1261	320	503
-1464	-271	124
-1465	-520	-100
-1428	-648	-149
-1457	-784	22
-1389	-938	280
-1188	-1201	595
-961	-1466	777
-833	-1384	835
-828	-1161	758
-764	-1001	566
-692	-1017	275
-541	-1248	167
-604	-1412	255
-689	-1551	529
-880	-1485	824
-1226	-1341	700
-1344	-944	513
-1241	-612	288
-1216	-332	112
-1215	269	84
-1096	563	-228
-671	624	-129
-788	337	167
-1018	-100	568
-1104	-360	905
-1346	-537	1020
-1319	-561	1225
-1386	-527	966
-1872	-212	94
-1768	-497	-345
-1293	-874	-237
-1165	-820	-66
-968	-668	-111
-865	-528	-57
-935	-525	-17
-929	-632	215
-1048	-792	481
-1298	-780	652
-1245	-672	776
-1010	-594	689
-964	-751	543
-980	-1105	84
-993	-1201	19
-1272	-1167	24
-1473	-1009	8
-1352	-792	76
-1167	-652	184
-1005	-569	280
-932	-415	446
-868	-121	743
-1074	371	873
-1208	628	835
-1160	624	847
-1154	230	832
-1087	-205	736
-985	-527	668
-1033	-865	519
-1010	-1079	368
-890	-1149	387
-796	-1177	449
-733	-1145	483
-680	-1181	463
-495	-1444	502
-72	-1681	454
-55	-1588	494
-397	-1368	660
-576	-1152	846
-610	-1009	895
-776	-1009	939
-893	-985	1028
-993	-935	945
-1065	-736	783
-961	-464	584
-784	-320	438
-744	-322	284
-705	-336	160
-632	-265	238
-609	-208	311
-609	-200	396
-644	-205	523
-669	-240	652
-744	-232	700
-825	-329	659
-834	-349	691
-889	-413	839
-968	-423	1057
-1010	-417	1174
-975	-503	1046
-857	-656	849
-844	-672	547
-970	-575	76
-955	-645	-208
-794	-525	-202
-865	-554	-85
-880	-776	-8
-936	-719	22
-1057	-602	88
-1097	-729	113
-1184	-903	103
-1401	-756	-40
-1661	-524	-92
-1763	-404	-87
-1553	-418	-13
-1332	-480	-29
-1160	-448	-116
-938	-314	-175
-661	-141	-281
-456	-97	-258
-346	-144	-127
-317	-151	3
-426	-220	249
-668	-396	635
-1168	-287	377
-1777	-169	3
-2009	-402	-228
-1733	-672	-258
-1344	-711	-144
-1224	-633	-208
-1232	-665	-288
-1069	-680	-312
-901	-685	-336
-792	-845	-290
-665	-962	-281
-653	-605	-200
-831	-602	-153
-968	-772	-37
-973	-781	174
-1037	-871	318
-1360	-866	71
-1724	-648	-185
-1664	-308	-263
-1661	-170	-264
-1589	-221	-173
-1457	-447	-89
-1186	-570	1
-1009	-393	-106
-793	-173	-168
-557	-64	-132
-439	-89	-68
-432	-103	-122
-429	-109	-165
-484	-168	-151
-669	-306	-17
-1183	-552	31
-1873	-961	-44
-1884	-1032	-16
-1514	-532	-79
-1477	-113	-145
-1402	-433	-208
-959	-810	-97
-639	-936	-8
-720	-773	-85
-832	-533	-114
-922	-421	-87
-953	-458	-89
-941	-497	-40
-936	-562	28
-938	-572	-8
-945	-458	-61
-968	-397	-112
-943	-401	-157
-785	-369	-273
-911	-372	-600
-1224	-845	-672
-1128	-792	-346
-1048	-600	-196
-1177	-621	-370
-1280	-356	-705
-961	-18	-871
-800	-173	-754
-892	-378	-605
-1108	-344	-576
-1354	-343	-557
-1418	-452	-477
-1157	-370	-274
-994	-193	-249
-888	-191	-205
-847	-317	-104
-921	-472	-42
-977	-544	-74
-991	-532	-156
-1025	-549	-151
-1092	-548	-90
-1085	-524	-20
-961	-529	121
-868	-517	255
-889	-409	263
-953	-313	172
-961	-336	71
-973	-415	-10
-1095	-514	-157
-1204	-649	-196
-751	-601	-116
-532	-445	-100
-757	-505	-237
-954	-546	-320
-884	-463	-200
-850	-328	-8
-881	-282	40
-945	-241	3
-1028	-244	64
-909	-221	150
-887	-281	112
-973	-365	19
-945	-409	-205
-889	-644	-257
-753	-943	48
-872	-764	-47
-1005	-514	-205
-1160	-554	-177
-1309	-61	-223
-1208	236	-402
-1017	-40	-544
-836	-173	-557
-840	-357	-365
-825	-388	-177
-890	-468	-77
-993	-532	-56
-1133	-521	-141
-1138	-441	-221
-1053	-369	-212
-888	-325	-151
-784	-292	-145
-729	-255	-165
-788	-281	-160
-925	-392	-150
-1007	-431	-153
-961	-436	-84
-852	-457	-80
-840	-522	-135
-917	-623	-168
-925	-569	-152
-906	-500	-137
-928	-543	-106
-869	-647	-15
-840	-690	99
-872	-735	187
-920	-746	247
-1044	-629	255
-1191	-505	199
-1240	-535	119
-1159	-544	132
-1101	-506	206
-1201	-520	92
-1300	-520	-10
-1249	-504	-53
-1237	-474	-103
-1236	-447	-88
-1181	-369	-36
-1097	-296	4
-927	-193	88
-676	-116	207
-548	-237	275
-562	-201	327
-570	-178	438
-647	-225	547
-735	-232	672
-953	-276	630
-1128	-285	686
-1271	-468	815
-1421	-519	723
-1252	-656	599
-1009	-632	499
-921	-692	284
-903	-756	268
-953	-759	207
-800	-793	252
-698	-786	254
-724	-720	167
-720	-712	144
-817	-738	108
-988	-737	81
-1005	-704	232
-985	-689	568
-797	-1044	817
-1009	-980	758
-1316	-882	567
-1432	-730	383
-1370	-676	222
-1164	-634	152
-997	-522	14
-965	-325	-223
-925	-356	-269
-769	-514	-201
-704	-349	-97
-609	-248	-61
-376	-296	384
-276	-583	982
-569	-548	1004
-793	-769	1223
-628	-916	1111
-665	-868	732
-986	-738	428
-1057	-576	124
-922	-586	-39
-864	-665	-53
-877	-632	19
-893	-593	184
-737	-650	336
-725	-658	430
-797	-719	472
-921	-653	441
-1017	-607	339
-1136	-576	303
-1136	-496	337
-1149	-461	348
-1184	-403	230
-1076	-383	175
-1114	-417	115
-1167	-490	6
-1089	-516	-79
-1036	-553	-130
-999	-685	3
-1165	-865	223
-1317	-1128	295
-1271	-1178	476
-885	-464	691
-409	3	540
-80	147	507
153	243	672
239	294	655
-117	251	92
-727	72	-473
-1156	-569	-273
-1316	-1033	143
-1640	-1034	232
-2048	-986	-269
-2048	-1156	-338
-1508	-877	-274
-1199	-625	-57
-1108	-605	131
-977	-983	147
-842	-1546	99
-850	-1308	-5
-1252	-426	-53
-1433	-125	-97
-1312	-335	47
-1069	-673	207
-1063	-776	100
-1450	-751	-89
-1626	-697	-148
-1576	-593	-260
-1429	-530	-288
-1239	-639	-135
-1049	-620	-120
-840	-609	-144
-650	-605	-64
-429	-464	131
-241	-559	412
-41	-503	902
-34	-192	1028
-104	-76	990
-137	-65	950
-321	-69	665
-445	-124	496
-617	-193	399
-845	-372	280
-1101	-548	200
-1344	-716	212
-1426	-792	207
-1353	-818	222
-1322	-856	231
-1277	-826	339
-1321	-801	439
-1337	-703	519
-1175	-669	480
-1053	-751	382
-1005	-645	284
-976	-609	236
-1194	-669	99
-1266	-615	30
-1191	-543	-15
-1127	-514	-89
-1111	-515	-125
-1073	-527	-152
-1017	-490	-186
-1036	-488	-160
-1097	-468	-85
-1074	-308	120
-936	-2	304
-904	110	407
-925	164	375
-957	12	344
-1133	-224	287
-1293	-385	220
-1296	-416	142
-1193	-437	-45
-1053	-508	-205
-980	-559	-277
-1065	-601	-359
-1167	-666	-394
-1116	-672	-365
-932	-717	-34
-904	-877	147
-957	-922	110
-1000	-821	127
-1044	-599	273
-1124	-424	353
-1144	-449	295
-1108	-487	278
-1168	-505	291
-1223	-521	280
-1274	-488	263
-1384	-528	110
-1341	-423	39
-1255	-385	31
-1344	-356	-93
-1282	-354	-109
-1097	-360	-7
-994	-369	-13
-976	-337	-96
-953	-287	-133
-909	-283	-98
-820	-285	7
-797	-204	64
-687	-136	152
-636	-172	219
-778	-255	174
-1185	-433	88
-1696	-685	-47
-1693	-716	-258
-1287	-524	-329
-1232	-528	-263
-1226	-663	-368
-916	-631	-368
-719	-433	-404
-797	-353	-338
-876	-337	-373
-977	-377	-456
-1031	-429	-436
-1210	-509	-464
-1164	-604	-461
-980	-832	-136
-964	-1025	-20
-961	-1064	-172
-845	-1024	-215
-719	-985	-213
-666	-961	-210
-681	-877	-153
-746	-772	-129
-935	-660	-151
-1026	-599	-209
-962	-544	-189
-855	-552	-21
-783	-633	220
-737	-728	329
-1021	-857	380
-1296	-781	375
-1401	-288	192
-1296	-71	40
-1081	-281	120
-957	-481	131
-797	-601	126
-741	-642	54
-973	-637	-169
-1087	-605	-193
-1018	-528	-100
-829	-505	52
-764	-473	112
-788	-388	100
-880	-333	15
-972	-265	-60
-1125	-125	-96
-928	-49	83
-840	-117	172
-904	-79	103
-977	-205	56
-1004	-244	-10
-957	-245	-66
-914	-354	-90
-978	-516	-64
-1130	-657	-50
-1269	-744	-77
-1296	-757	-93
-1207	-776	-76
-1114	-856	-14
-1012	-897	19
-948	-865	62
-898	-833	78
-861	-761	36
-1021	-575	-26
-1204	-589	-132
-1360	-607	-193
-1424	-497	-181
-1357	-389	-138
-1239	-328	-129
-1069	-332	-151
-877	-361	-149
-709	-343	-164
-672	-345	-145
-781	-378	-129
-895	-329	-97
-921	-229	16
-929	-236	190
-916	-256	217
-887	-272	143
-980	-330	68
-1119	-464	31
-1128	-551	-4
-1045	-530	-12
-993	-532	-40
-1000	-576	-49
-1005	-633	-18
-960	-721	63
-914	-736	96
-927	-697	64
-953	-681	43
-941	-663	39
-985	-705	63
-1008	-708	79
-957	-671	99
-1016	-639	15
-1209	-493	-113
-1340	-399	-106
-1338	-345	-60
-1229	-268	-58
-1077	-240	-45
-914	-324	-56
-784	-396	-64
-719	-356	-72
-669	-301	-87
-665	-268	-61
-741	-296	7
-852	-392	199
-1008	-445	271
-1087	-335	283
-1128	-212	115
-1056	-308	-2
-1008	-532	15
-1056	-690	-24
-1047	-672	-73
-943	-569	-97
-881	-541	-106
-877	-581	-113
-866	-601	-97
-818	-637	-42
-773	-658	-13
-761	-740	-25
-868	-735	-93
-1023	-724	-32
-1128	-692	97
-1192	-705	199
-1252	-669	230
-1273	-500	83
-1458	-330	-36
-1521	-240	-109
-1396	-255	-100
-1191	-362	-87
-985	-461	-200
-840	-424	-292
-717	-369	-306
-615	-375	-249
-596	-364	-196
-656	-317	-138
-769	-266	-20
-873	-348	204
-1021	-388	284
-1050	-232	326
-1021	-180	248
-1152	-301	22
-1240	-517	-24
-1208	-657	31
-1087	-641	88
-1017	-616	64
-996	-658	16
-967	-717	33
-880	-713	62
-857	-708	76
-936	-724	44
-1021	-751	12
-1012	-697	15
-984	-671	28
-1049	-695	-4
-1109	-608	-34
-1172	-553	-93
-1358	-596	-191
-1426	-537	-208
-1343	-455	-132
-1193	-404	-103
-1076	-399	-148
-993	-415	-180
-897	-337	-82
-800	-111	15
-672	30	102
-674	30	166
-832	-60	104
-1141	-240	-29
-1490	-313	-199
-1620	-416	-349
-1453	-625	-314
-1285	-687	-170
-1416	-672	-237
-1549	-705	-498
-1496	-705	-661
-1224	-618	-482
-1148	-528	-348
-1248	-352	-449
-1121	-253	-516
-912	-261	-477
-825	-351	-452
-968	-423	-473
-1311	-576	-516
-1572	-840	-536
-1465	-925	-426
-1265	-663	-381
-1205	-632	-420
-1076	-977	-400
-865	-1210	-296
-737	-993	-50
-753	-935	135
-826	-993	179
-973	-945	103
-1137	-831	147
-1271	-860	260
-1413	-984	192
-1517	-1112	-39
-1495	-1111	-162
-1290	-1132	-188
-943	-1209	-261
-645	-1308	-404
-410	-1172	-461
-228	-1098	-392
24	-721	-513
140	-989	-532
-20	-941	-263
-168	-600	179
-136	-829	339
-71	-786	376
152	-612	380
695	-612	39
911	-538	71
816	-481	238
828	-457	160
924	-441	224
913	-533	248
920	-608	166
851	-520	211
704	-601	368
688	-626	361
755	-669	252
708	-690	273
647	-481	312
776	-296	243
1027	-221	175
1003	-372	129
903	-616	67
796	-580	-1
708	-401	120
699	-572	120
707	-748	6
695	-769	-58
780	-740	-1
718	-796	9
643	-712	-98
798	-464	-201
847	-340	-50
742	-484	-58
860	-621	-298
992	-781	-210
944	-658	-68
718	-624	224
582	-557	353
689	-601	239
659	-660	267
583	-508	287
529	-525	371
739	-544	318
1200	-592	211
1167	-680	321
967	-633	243
839	-397	95
617	-345	184
652	-416	199
703	-521	139
724	-573	166
740	-596	179
769	-559	167
697	-680	192
755	-657	177
828	-711	75
744	-746	104
721	-709	71
791	-745	-189
617	-879	-209
472	-876	-92
463	-634	-93
604	-544	-100
823	-529	-111
960	-514	6
879	-644	148
772	-556	115
791	-461	83
799	-541	129
787	-589	204
783	-631	204
801	-578	172
835	-584	140
944	-769	80
935	-697	183
755	-388	286
790	-272	272
953	-343	65
947	-354	-31
871	-215	8
785	-400	56
752	-584	81
793	-488	44
769	-416	112
792	-401	163
879	-400	206
990	-410	179
1116	-617	95
1100	-641	95
944	-575	91
782	-375	84
633	-516	120
560	-472	131
719	-428	142
835	-577	135
793	-620	191
828	-464	244
864	-333	142
712	-533	390
632	-605	660
711	-514	531
712	-400	460
816	-434	423
967	-460	415
865	-567	539
753	-407	468
760	-338	383
835	-309	319
814	-296	404
726	-258	540
700	-5	407
723	-272	283
678	-463	343
555	-468	384
463	-460	380
560	-580	140
391	-692	348
-52	-756	446
-292	-1256	252
-576	-897	86
-1217	-753	-40
-1700	-824	-127
-2001	-808	-537
-1965	-788	-749
-1663	-609	-624
-1735	-761	-489
-1749	-953	-364
-1511	-876	-345
-1273	-924	-308
-1109	-1050	-346
-752	-1128	-409
-553	-1209	-313
-645	-1348	-272
-844	-1184	-106
-951	-1077	-45
-1124	-1002	-151
-1393	-976	-269
-1473	-897	-301
-1737	-573	-328
-1847	-557	-175
-1689	-609	-140
-1501	-597	-135
-1300	-464	-192
-1028	-320	-84
-720	-141	-26
-527	-60	33
-501	-40	12
-552	-29	25
-649	-128	15
-853	-285	-148
-1167	-399	-305
-1497	-570	-478
-1841	-892	-572
-1824	-1113	-521
-1409	-916	-296
-1217	-605	-125
-1255	-492	-313
-1301	-479	-565
-1224	-513	-628
-1061	-437	-608
-817	-312	-554
-592	-239	-434
-557	-298	-338
-685	-484	-301
-800	-761	-218
-852	-904	-290
-778	-1009	-119
-1052	-842	176
-1317	-821	350
-1424	-737	414
-1453	-562	318
-1436	-429	103
-1458	-327	11
-1480	-312	-1
-1512	-480	-64
-1489	-592	-144
-1296	-572	-120
-1093	-449	-36
-893	-337	15
-762	-228	-24
-626	-116	-65
-501	-57	-111
-421	-72	-132
-407	-152	-106
-533	-248	-117
-816	-341	-178
-1312	-573	-304
-1856	-909	-474
-1921	-961	-585
-1401	-653	-305
-1040	-575	-77
-1177	-700	-319
-1209	-676	-561
-1049	-561	-509
-868	-481	-372
-756	-474	-333
-717	-576	-298
-704	-729	-228
-688	-840	-113
-720	-1005	33
-901	-1197	97
-1373	-865	48
-1665	-305	-65
-1682	-289	-63
-1704	-610	-77
-1820	-1082	-144
-2048	-1152	-386
-2048	-951	-393
-2048	-748	-130
-1940	56	-20
-1273	227	54
-788	243	47
-512	414	-82
-325	444	-288
-197	480	-304
-104	428	-236
-385	284	-200
-1056	-31	-313
-1386	-361	-141
-1573	-628	152
-2048	-204	-207
-2048	-170	-552
-2048	-740	-717
-2048	-1197	-717
-2048	-1337	-588
-1572	-1538	-701
-1000	-1128	-525
-728	-1037	-557
-594	-1058	-653
-609	-844	-592
-743	-783	-465
-941	-749	-424
-1258	-756	-485
-1583	-733	-520
-1764	-725	-479
-1952	-724	-450
-1972	-727	-362
-1961	-685	-372
-1912	-556	-309
-1700	-450	-193
-1359	-208	-105
-872	139	-140
-569	40	-176
-399	-61	-103
-369	-48	11
-513	-68	7
-740	-172	-32
-1069	-297	-57
-1376	-346	72
-1625	-303	112
-1860	-274	-271
-1952	-964	-354
-1785	-1186	-285
-1565	-948	-392
-1416	-753	-442
-1229	-637	-477
-936	-572	-484
-706	-557	-498
-606	-569	-493
-565	-607	-458
-541	-632	-340
-639	-685	-276
-829	-848	-228
-989	-993	-74
-1157	-980	22
-1465	-900	-42
-1743	-705	-218
-1800	-441	-353
-1767	-312	-375
-1565	-327	-136
-1256	-479	19
-1040	-560	-34
-932	-413	-92
-829	-245	-140
-722	-201	-144
-620	-231	-82
-565	-228	6
-548	-176	25
-561	-160	54
-672	-217	158
-930	-333	177
-1141	-305	179
-1388	-249	-64
-1786	-561	-220
-1968	-936	-244
-1680	-889	-274
-1324	-681	-293
-1208	-644	-264
-1096	-672	-335
-901	-744	-378
-730	-815	-385
-589	-788	-336
-620	-687	-324
-781	-616	-325
-866	-600	-218
-1032	-660	-130
-1482	-961	35
-1581	-1101	148
-1856	-761	-129
-2048	-193	-309
-1649	150	-109
-1005	-16	68
-703	-247	51
-648	-392	-36
-656	-376	-104
-679	-308	-136
-709	-264	-192
-712	-241	-228
-776	-321	-185
-983	-436	-164
-1312	-548	-285
-1448	-609	-221
-1208	-545	-64
-1137	-529	-4
-1242	-616	-178
-1088	-578	-340
-962	-487	-429
-975	-481	-413
-905	-496	-381
-770	-452	-356
-649	-400	-274
-596	-423	-217
-672	-648	-13
-1012	-911	-31
-1224	-960	-193
-1053	-793	-55
-1040	-744	231
-1085	-789	240
-1128	-773	152
-1284	-616	-36
-1524	-385	-188
-1613	-233	-177
-1501	-336	-113
-1287	-457	-153
-1069	-440	-180
-912	-380	-153
-845	-184	-164
-917	-113	-137
-956	-143	-129
-853	-164	-76
-848	-240	14
-833	-274	48
-832	-303	56
-1001	-392	-52
-1224	-516	-194
-1261	-628	-228
-1201	-669	-189
-1193	-738	-169
-1148	-769	-122
-1052	-794	3
-961	-799	107
-888	-925	120
-944	-1031	171
-1012	-946	105
-1104	-861	-13
-1145	-858	-153
-1128	-785	-260
-1260	-685	-380
-1432	-605	-464
-1420	-477	-481
-1224	-343	-495
-1127	-321	-452
-1025	-357	-388
-909	-330	-346
-809	-312	-272
-744	-308	-109
-793	-197	91
-847	-119	305
-965	-185	455
-1181	-276	286
-1226	-356	200
-1396	-489	83
-1506	-730	-29
-1348	-863	20
-994	-727	57
-759	-655	-68
-660	-784	-87
-641	-788	-122
-720	-753	-129
-740	-800	-124
-761	-848	-168
-877	-879	-304
-1167	-905	-473
-1368	-816	-552
-1285	-645	-505
-1194	-575	-423
-1140	-441	-412
-1085	-449	-429
-1017	-469	-386
-884	-385	-346
-784	-333	-308
-778	-285	-269
-748	-228	-177
-781	-228	108
-881	-265	327
-1140	-324	249
-1396	-324	179
-1597	-312	39
-1482	-465	-149
-1249	-673	-252
-1177	-724	-328
-1177	-620	-424
-1101	-655	-413
-829	-740	-343
-663	-866	-193
-552	-857	-180
-456	-845	-116
-420	-944	-17
-559	-945	-180
-776	-807	-378
-1048	-632	-453
-1282	-621	-423
-1271	-687	-345
-1104	-633	-351
-1104	-514	-415
-1178	-442	-429
-1090	-372	-388
-948	-343	-282
-839	-424	-269
-765	-573	-336
-754	-612	-367
-777	-580	-353
-749	-520	-359
-792	-503	-333
-885	-541	-279
-935	-589	-209
-996	-781	92
-757	-900	403
-762	-551	208
-962	-215	-92
-957	-201	-200
-909	-370	-213
-855	-456	-199
-824	-509	-196
-769	-580	-200
-722	-680	-144
-697	-781	-84
-692	-697	-90
-760	-578	-69
-989	-552	-135
-1168	-628	-207
-1175	-664	-200
-1041	-649	-121
-936	-599	-168
-953	-544	-279
-842	-481	-313
-661	-488	-253
-640	-669	-263
-681	-757	-333
-696	-711	-354
-693	-634	-317
-697	-601	-231
-736	-577	-157
-825	-541	-127
-865	-460	-124
-839	-432	-89
-756	-457	-18
-784	-522	15
-936	-672	24
-1005	-672	14
-988	-629	23
-994	-618	79
-993	-578	102
-941	-552	152
-821	-497	199
-744	-536	236
-725	-621	187
-689	-738	79
-645	-858	35
-605	-892	192
-561	-866	352
-474	-831	494
-311	-721	638
-237	-553	575
-473	-487	452
-903	-513	182
-1069	-544	188
-1074	-661	225
-1074	-698	297
-898	-697	540
-709	-594	515
-727	-464	547
-637	-441	484
-605	-545	585
-625	-596	560
-687	-522	524
-604	-512	611
-644	-576	710
-708	-514	632
-706	-466	585
-776	-528	542
-776	-388	403
-711	-457	495
-700	-489	604
-783	-513	595
-797	-420	483
-706	-295	448
-672	-463	569
-740	-428	608
-705	-425	580
-713	-497	592
-692	-535	579
-671	-588	519
-644	-624	519
-665	-578	552
-700	-506	540
-744	-404	711
-689	-409	664
-701	-429	664
-791	-530	664
-769	-832	711
-621	-1021	707
-488	-1232	539
-237	-1378	480
-113	-1352	271
-66	-1301	159
-119	-1217	88
-161	-993	63
-154	-808	151
-167	-712	225
-141	-689	319
-124	-689	368
-44	-765	484
44	-626	649
156	-759	542
284	-889	414
295	-725	555
287	-500	609
383	-425	356
510	-328	38
705	-381	-445
764	-557	-962
830	-729	-1005
688	-544	-845
606	-509	-804
652	-564	-825
566	-434	-672
700	-448	-653
750	-404	-653
735	-394	-532
694	-420	-469
620	-541	-488
596	-556	-472
607	-581	-410
632	-661	-369
651	-640	-360
678	-633	-353
672	-613	-332
671	-597	-335
679	-600	-312
702	-601	-313
719	-567	-328
721	-578	-333
719	-580	-327
711	-573	-322
713	-568	-320
720	-599	-328
712	-589	-311
716	-580	-305
729	-576	-295
734	-580	-287
726	-593	-280
729	-601	-280
728	-593	-271
719	-592	-265
727	-580	-260
705	-588	-242
639	-597	-233
435	-561	-172
241	-516	-185
121	-513	-381
30	-456	-424
-7	-397	-682
64	-349	-928
83	-447	-1065
96	-488	-1280
81	-445	-1394
155	-333	-1521
319	-461	-1476
304	-472	-1122
371	-418	-1052
316	-569	-937
-36	-394	-1128
-376	-500	-1097
-377	-661	-1044
-520	-432	-848
-537	-413	-775
-564	-400	-676
-626	-479	-688
-708	-604	-653
-602	-657	-656
-569	-613	-663
-690	-729	-633
-676	-794	-481
-709	-776	-296
-776	-693	-193
-876	-660	-172
-864	-431	-132
-826	-468	-231
-777	-581	-272
-786	-613	-253
-832	-653	-149
-1032	-664	-165
-1096	-637	-144
-1058	-592	-209
-1081	-456	-433
-1049	-228	-682
-1064	-145	-692
-1226	-289	-609
-1224	-377	-497
-1282	-505	-340
-1344	-623	31
-1298	-328	222
-1332	-328	6
-1220	-353	-265
-1068	-336	-463
-997	-473	-500
-986	-653	-338
-887	-628	-256
-826	-628	-317
-850	-589	-457
-815	-468	-517
-825	-370	-517
-885	-420	-477
-933	-477	-456
-1037	-648	-449
-832	-700	-432
-880	-618	-528
-1156	-639	-385
-948	-676	54
-1415	-1081	-420
-1818	-297	-557
-1420	262	-272
-962	363	-23
-693	416	76
-653	230	32
-733	-148	-149
-1009	-465	-362
-1405	-727	-679
-1697	-921	-861
-1511	-780	-656
-865	-436	-242
-592	-260	-191
-893	-298	-399
-1124	-317	-530
-1021	-232	-473
-767	-196	-296
-601	-191	-160
-505	-160	-87
-573	-258	-148
-797	-385	-232
-1092	-600	-296
-1357	-798	-400
-1456	-863	-449
-1234	-767	-410
-983	-719	-145
-737	-836	-58
-488	-994	-119
-588	-928	-105
-936	-848	-114
-1381	-834	-221
-1735	-753	-276
-1669	-620	-297
-1327	-496	-293
-1005	-348	-212
-777	-164	-137
-666	-52	-105
-656	-29	-121
-623	-61	-143
-669	-220	-93
-961	-488	-1
-1328	-796	-23
-1360	-936	-7
-1386	-644	-148
-1271	-348	-344
-1188	-365	-401
-943	-570	-305
-679	-581	-228
-525	-497	-135
-527	-520	-101
-604	-513	-66
-708	-541	-16
-858	-689	70
-961	-712	9
-996	-506	-127
-1039	-345	-188
-958	-338	-232
-714	-500	-212
-636	-681	-249
-1130	-928	-356
-1245	-868	-369
-925	-370	-80
-666	-127	238
-592	-184	108
-625	-313	-228
-817	-513	-410
-889	-560	-282
-850	-621	-170
-850	-697	-221
-914	-717	-277
-1045	-693	-314
-1100	-711	-288
-954	-676	-224
-692	-508	-145
-597	-385	-77
-889	-359	-175
-1039	-258	-356
-864	-225	-298
-632	-282	-160
-553	-253	-151
-628	-269	-173
-813	-428	-217
-876	-551	-183
-989	-609	211
-1517	-641	492
-1280	-893	-264
-932	-592	-320
-829	-424	-221
-909	-535	-317
-1196	-628	-441
-1213	-537	-413
-993	-386	-330
-744	-309	-247
-696	-253	-221
-658	-212	-233
-650	-169	-237
-904	-192	-296
-1184	-210	-436
-1177	-194	-484
-1034	-321	-345
-818	-409	-164
-656	-401	-63
-676	-321	-168
-919	-425	-277
-1164	-597	-317
-1069	-604	-281
-865	-528	-200
-757	-594	-89
-789	-721	166
-749	-849	81
-648	-839	-138
-705	-585	-215
-936	-423	-282
-1009	-369	-370
-948	-336	-385
-912	-402	-303
-962	-520	-306
-1119	-592	-378
-1183	-573	-400
-1072	-520	-357
-857	-402	-309
-689	-308	-249
-621	-257	-197
-682	-232	-208
-834	-288	-241
-994	-361	-282
-1209	-385	-372
-1217	-314	-409
-925	-313	-212
-752	-372	-8
-696	-264	-10
-784	-247	-81
-1009	-381	-132
-1113	-455	-212
-984	-439	-234
-842	-452	-205
-788	-498	-164
-783	-617	-61
-756	-824	31
-761	-925	60
-928	-709	-104
-1098	-520	-308
-1124	-437	-356
-927	-428	-257
-817	-543	-208
-964	-609	-328
-1117	-557	-410
-1140	-511	-381
-999	-431	-376
-817	-253	-421
-722	-32	-420
-653	-41	-313
-637	-120	-297
-712	-149	-308
-1001	-250	-405
-1265	-360	-461
-1156	-429	-324
-928	-576	-61
-772	-584	136
-871	-552	209
-1208	-937	118
-1242	-592	-74
-1053	-394	-144
-765	-365	-162
-565	-313	-154
-488	-308	-164
-561	-320	-212
-717	-385	-266
-908	-538	-290
-1093	-681	-297
-1122	-649	-320
-991	-565	-228
-869	-652	-122
-872	-724	-157
-1025	-648	-162
-1133	-516	-162
-1188	-400	-205
-993	-322	-172
-776	-248	-129
-708	-207	-137
-720	-228	-153
-848	-276	-247
-1015	-272	-405
-1169	-269	-548
-1040	-295	-505
-797	-413	-269
-623	-393	-79
-679	-436	67
-968	-338	-2
-1215	-393	-97
-1220	-484	-133
-1013	-497	-109
-777	-489	-80
-657	-511	-87
-648	-528	-113
-704	-577	-109
-877	-650	-143
-1169	-761	-237
-1192	-674	-285
-999	-514	-201
-817	-573	-116
-720	-629	-144
-841	-640	-223
-1064	-609	-268
-1351	-503	-313
-1428	-456	-309
-1135	-353	-250
-760	-210	-180
-584	-157	-162
-612	-120	-192
-784	-114	-257
-1061	-125	-392
-1104	-177	-473
-964	-320	-341
-759	-416	-15
-769	-385	235
-1216	-280	-143
-1391	-541	-31
-1378	-592	80
-1101	-652	131
-824	-640	31
-696	-548	-154
-672	-469	-335
-761	-496	-399
-809	-552	-356
-805	-528	-340
-832	-466	-320
-871	-465	-311
-872	-493	-264
-943	-514	-221
-1152	-593	-224
-1194	-546	-154
-1296	-253	988
-1554	471	472
-1041	-154	-93
-996	-322	-130
-901	-349	-295
-800	-369	-335
-861	-386	-308
-903	-393	-322
-868	-461	-181
-909	-537	-52
-884	-468	-2
-943	-311	-7
-980	-237	-20
-961	-257	-52
-928	-268	-24
-872	-298	38
-807	-349	92
-807	-372	90
-832	-385	36
-810	-452	38
-829	-482	23
-863	-473	-41
-916	-449	-125
-935	-471	-114
-952	-533	-49
-944	-536	28
-961	-473	88
-1015	-378	24
-1121	-329	-103
-1181	-304	-200
-1053	-336	-178
-852	-500	39
-769	-857	281
-813	-946	-132
-428	-745	-909
-186	-111	-840
-64	94	-479
-369	22	-441
-1112	65	-474
-1736	-146	-245
-1938	-624	-217
-2048	-613	-209
-2048	-221	-64
-2048	-34	-1058
-1753	-168	-1841
-1402	-13	-1648
-905	-175	-1114
-735	-649	-474
-317	280	737
-647	696	30
-449	864	-248
-487	488	-241
-584	112	-256
-785	-263	-608
-1025	-1114	-804
-1064	-2048	-301
-994	-1876	-873
-1313	-788	-869
-1448	-769	-776
-1343	-725	-737
-1258	-818	-520
-893	-1076	-16
-709	-1165	287
-708	-1025	-167
-808	-648	-368
-805	-265	-388
-801	-324	-344
-829	-441	-369
-882	-428	-425
-940	-385	-433
-992	-377	-410
-996	-353	-404
-893	-303	-224
-921	-200	-38
-1113	-148	112
-1346	39	136
-1357	-12	35
-1047	-168	-50
-872	-290	-146
-841	-356	-276
-874	-439	-372
-872	-525	-370
-836	-594	-336
-804	-680	-337
-866	-777	-369
-876	-817	-380
-836	-943	-225
-985	-1071	-276
-1229	-1137	-312
-1473	-937	-297
-1746	-546	-370
-1722	-436	-426
-1495	-449	-456
-1224	-359	-468
-992	-188	-474
-801	-124	-413
-657	-50	-345
-671	-89	-217
-815	-153	83
-941	-89	255
-1200	-20	47
-1362	-165	-201
-1320	-344	-244
-1517	-280	-516
-1817	-540	-820
-1581	-876	-881
-1212	-889	-513
-1290	-797	-324
-1444	-804	-572
-1311	-781	-713
-1140	-873	-685
-818	-999	-664
-520	-744	-530
-578	-834	-489
-689	-885	-405
-872	-877	-404
-1337	-908	-532
-1933	-1113	-612
-2048	-1249	-527
-2048	-845	-689
-2048	-569	-556
-2048	-269	-605
-1729	159	-750
-1106	168	-689
-765	-141	-429
-474	-50	-141
-282	184	-33
-258	136	35
-505	-34	-12
-1109	-280	-268
-2048	-720	-685
-2048	-1570	-737
-2048	-1442	-359
-1288	-577	-184
-1273	-480	-132
-1236	-808	-215
-804	-928	-322
-655	-1007	-231
-644	-890	-133
-719	-655	-74
-885	-671	-160
-1143	-711	-312
-1405	-660	-388
-1501	-553	-353
-1434	-455	-333
-1399	-433	-332
-1375	-418	-333
-1309	-424	-296
-1185	-397	-328
-1026	-353	-377
-900	-272	-394
-824	-248	-351
-793	-266	-327
-754	-269	-313
-749	-272	-239
-785	-228	-41
-925	-335	203
-1037	-424	232
-1209	-365	15
-1217	-412	31
-1256	-426	-24
-1370	-496	-152
-1314	-609	-173
-1153	-620	-228
-994	-548	-340
-853	-541	-404
-788	-872	-266
-770	-936	-264
-692	-920	-253
-712	-756	-216
-882	-551	-189
-1010	-602	-165
-1073	-689	-173
-1273	-721	-285
-1465	-665	-346
-1417	-468	-205
-1272	-720	281
-1434	-828	224
-1618	-498	-261
-1469	-253	-585
-1239	-138	-637
-1017	-153	-442
-724	-319	-276
-594	-244	-232
-528	-152	-160
-511	-184	-33
-660	-208	142
-913	-280	311
-1330	-428	167
-1777	-554	-44
-2024	-607	-247
-1983	-772	-449
-1722	-1026	-408
-1341	-857	-504
-1077	-647	-525
-933	-596	-473
-872	-552	-516
-800	-500	-557
-797	-589	-597
-760	-721	-564
-687	-716	-397
-804	-861	-272
-1073	-1225	-92
-1576	-1373	-16
-2024	-1412	-253
-2048	-493	-488
-2048	259	-520
-1732	6	-466
-1416	-458	-362
-1121	-369	-311
-900	-154	-209
-679	252	-33
-566	361	135
-743	304	176
-1048	-89	359
-1498	-257	31
-2048	-421	-452
-2048	-829	-532
-2048	-1021	-581
-1777	-788	-664
-1349	-578	-468
-1296	-216	-897
-1192	-61	-1268
-1108	-71	-1072
-1071	96	-666
-861	275	-353
-880	-93	-375
-1128	-513	-512
-1176	-984	-634
-1095	-962	-820
-930	-861	-1074
-607	-753	-1053
-439	-562	-978
-385	-336	-943
-468	-330	-877
-538	-345	-840
-543	-418	-752
-434	-665	-679
-314	-1253	-848
-201	-2048	-724
-724	-2048	-714
-1936	-1065	-820
-2048	-505	-689
-1680	-239	-558
-1224	-218	-258
-863	-424	-157
-676	-473	-260
-730	-306	-500
-745	-189	-548
-693	-72	-466
-633	-80	-356
-572	-205	-153
-680	-407	132
-809	-1074	560
-1617	-679	248
-2048	336	-310
-2048	164	-669
-1671	-354	-753
-1185	-1128	-378
-812	-999	-210
-737	-528	-271
-728	-399	-391
-817	-560	-465
-786	-708	-520
-776	-953	-669
-740	-685	-380
-881	-748	-159
-919	-1066	-71
-1017	-1137	-180
-1421	-1002	-424
-1921	-834	-351
-2048	-461	-250
-2020	-415	-172
-1637	-436	-130
-1248	-488	-161
-970	-373	-292
-741	-324	-420
-637	-381	-385
-669	-189	-359
-624	-5	-320
-548	-50	-216
-473	-212	60
-584	-308	187
-861	-473	219
-1417	-377	-71
-2048	-413	-568
-2048	-845	-744
-2048	-1081	-544
-1412	-828	-346
-1229	-881	-289
-1058	-968	-588
-800	-889	-637
-737	-848	-586
-717	-692	-530
-759	-693	-410
-832	-759	-345
-865	-871	-272
-1060	-973	-252
-1487	-1009	-365
-1969	-804	-442
-2048	-388	-415
-1874	-301	-241
-1376	-372	-272
-1069	-393	-276
-912	-290	-303
-940	-228	-312
-857	-148	-261
-754	-111	-153
-689	-173	-64
-544	-292	132
-532	-141	428
-890	75	275
-1556	-17	-268
-2048	-685	-596
-2048	-1420	-364
-1613	-1184	-57
-1114	-744	-151
-968	-705	-229
-932	-711	-297
-823	-793	-425
-769	-832	-516
-698	-788	-464
-788	-745	-447
-1105	-674	-477
-1361	-784	-401
-1533	-964	-239
-1679	-1159	1
-2048	-648	-170
-2048	111	-176
-1576	28	-233
-1031	-188	-241
-687	-353	-242
-605	-324	-353
-634	-199	-381
-680	-169	-380
-720	-252	-288
-717	-457	27
-616	-602	359
-932	-244	63
-1242	-136	-178
-1410	-428	-100
-1464	-721	83
-1440	-713	22
-1314	-696	75
-1253	-815	287
-1271	-761	263
-1245	-633	132
-1127	-557	63
-1069	-615	-39
-1081	-701	-129
-1049	-701	-100
-984	-637	-55
-1097	-672	-183
-1221	-687	-296
-1261	-559	-397
-1369	-433	-509
-1309	-317	-541
-1112	-290	-481
-996	-385	-338
-986	-308	-365
-944	-281	-345
-864	-317	-268
-877	-397	-169
-1017	-365	-52
-1129	-288	15
-1116	-249	-2
-928	-276	19
-797	-449	222
-871	-370	188
-1172	-308	-162
-1332	-445	-645
-1173	-840	-877
-1097	-961	-618
-1112	-665	-452
-1081	-666	-781
-735	-760	-616
-586	-612	-266
-769	-829	-252
-906	-970	-328
-953	-961	-328
-964	-776	-249
-976	-656	-61
-1096	-681	-53
-1229	-648	-157
-1426	-601	-264
-1385	-456	-257
-1217	-386	-205
-1132	-415	-116
-952	-370	-109
-775	-282	-153
-648	-205	-97
-553	-185	6
-500	-221	176
-615	-247	216
-906	-296	41
-1242	-434	-200
-1648	-708	-336
-1559	-922	-242
-1197	-848	-189
-940	-632	-290
-929	-484	-281
-967	-452	-272
-984	-465	-279
-877	-442	-221
-733	-340	-169
-665	-298	-148
-637	-353	-98
-737	-464	-41
-853	-612	8
-1000	-789	86
-1106	-857	147
-1081	-740	161
-1074	-657	99
-898	-615	43
-946	-575	-119
-1156	-648	-200
-1229	-703	-73
-1375	-612	-39
-1519	-434	-121
-1453	-284	-153
-1156	-185	-61
-845	-167	95
-644	-93	127
-482	-8	103
-452	20	73
-500	-135	46
-697	-269	-90
-1402	-551	-333
-2048	-1042	-656
-1940	-1052	-680
-929	-556	-77
-829	-457	68
-1127	-599	-237
-1117	-532	-421
-904	-377	-362
-753	-295	-237
-626	-255	-192
-554	-282	-168
-544	-360	-137
-631	-537	39
-725	-861	342
-946	-744	271
-1343	-420	163
-1386	-241	76
-1153	-288	44
-1085	-497	81
-1034	-716	140
-999	-676	35
-1085	-520	-74
-1261	-461	-200
-1375	-477	-289
-1380	-481	-318
-1415	-404	-333
-1192	-316	-212
-776	-269	3
-464	-141	166
-322	55	257
-410	67	222
-714	-144	127
-1244	-465	-81
-1849	-873	-372
-1604	-1047	-244
-1081	-705	-124
-1073	-450	-221
-1209	-511	-282
-1104	-570	-263
-876	-525	-201
-701	-449	-177
-680	-463	-196
-732	-520	-218
-724	-552	-225
-730	-557	-189
-865	-569	-202
-1064	-644	-177
-1160	-626	-63
-1165	-625	99
-1149	-760	169
-1113	-689	142
-1393	-112	-159
-1316	-63	-144
-1232	-176	-79
-1001	-261	-244
-857	-353	-305
-793	-399	-314
-733	-388	-320
-724	-348	-300
-781	-337	-242
-912	-338	-232
-1013	-336	-215
-953	-368	-52
-938	-426	81
-932	-375	108
-961	-423	15
-1085	-447	-55
-1129	-520	-98
-968	-693	-232
-788	-724	-247
-777	-709	-192
-816	-639	-177
-849	-645	-125
-868	-644	-98
-897	-628	-88
-1015	-714	-129
-1028	-701	-127
-976	-617	-98
-1017	-618	-114
-1027	-623	-157
-1093	-525	-253
-1280	-461	-330
-1369	-416	-349
-1265	-353	-338
-1090	-295	-317
-969	-287	-284
-909	-297	-261
-829	-308	-244
-788	-335	-232
-848	-311	-225
-927	-218	-180
-877	-196	-104
-904	-276	-20
-984	-340	-45
-1041	-493	-45
-1186	-665	-49
-1380	-868	-232
-1188	-815	-353
-1044	-716	-305
-863	-697	-186
-729	-672	-122
-701	-628	-96
-720	-548	-96
-765	-527	-96
-874	-621	-136
-1032	-656	-161
-1081	-556	-153
-1082	-520	-128
-1064	-548	-136
-1170	-513	-231
-1360	-416	-280
-1316	-394	-295
-1125	-325	-138
-978	-269	-157
-874	-295	-213
-813	-324	-264
-802	-314	-276
-788	-344	-234
-866	-351	-225
-1022	-321	-258
-1004	-332	-221
-842	-394	-80
-680	-456	67
-696	-479	103
-1049	-441	-17
-1329	-544	-93
-1273	-647	-116
-1036	-631	-72
-847	-624	14
-833	-676	20
-831	-660	-24
-808	-570	-41
-826	-552	-49
-951	-602	-122
-1088	-639	-160
-1036	-596	-106
-1028	-600	-66
-1121	-653	-57
-1156	-553	-124
-1269	-402	-175
-1341	-271	-173
-1279	-250	-184
-1127	-288	-223
-989	-338	-250
-869	-360	-263
-733	-377	-228
-672	-319	-181
-663	-217	-122
-733	-193	-72
-866	-276	-49
-1028	-372	-93
-1096	-516	-58
-1081	-676	-4
-1168	-637	-89
-1281	-614	-277
-1148	-580	-295
-983	-576	-207
-874	-553	-193
-770	-469	-196
-717	-360	-192
-761	-345	-215
-807	-409	-260
-898	-512	-297
-985	-712	-232
-969	-800	-157
-993	-743	-41
-1029	-708	79
-957	-740	158
-1095	-724	-8
-1450	-631	-24
-1672	-29	-80
-1497	252	-185
-1288	35	-28
-1149	-199	-201
-996	-416	-324
-884	-522	-305
-783	-457	-208
-701	-277	-39
-652	-40	113
-751	-12	276
-989	-272	11
-1145	-493	-207
-1473	-698	-308
-1453	-776	-368
-1162	-592	-416
-968	-461	-274
-1053	-481	-308
-1122	-484	-360
-1104	-412	-330
-962	-336	-280
-753	-281	-298
-676	-353	-249
-869	-503	-212
-1149	-704	-249
-1257	-807	-420
-948	-720	-300
-792	-676	-29
-823	-1071	94
-807	-1448	86
-904	-1221	63
-1169	-696	-8
-1293	-445	-100
-1357	-356	-178
-1544	-412	-276
-1634	-416	-241
-1468	-424	-177
-1256	-416	-212
-1040	-397	-233
-872	-300	-228
-748	-164	-197
-639	-97	-68
-560	-120	155
-549	-101	222
-769	-160	163
-1125	-298	16
-1604	-581	-153
-1853	-849	-316
-1440	-809	-288
-991	-575	-212
-964	-564	-205
-1121	-599	-277
-1132	-602	-255
-936	-532	-148
-744	-445	-97
-696	-439	-104
-730	-536	-144
-750	-692	-170
-689	-781	-64
-728	-736	-8
-962	-674	-16
-1168	-570	-16
-1184	-437	22
-1136	-490	-17
-1232	-562	-133
-1332	-573	-226
-1352	-514	-265
-1224	-377	-189
-989	-328	-116
-936	-361	-202
-973	-346	-305
-905	-313	-281
-769	-320	-133
-743	-308	-32
-845	-324	8
-897	-289	131
-889	-160	199
-945	-125	111
-1056	-252	-49
-1312	-464	-317
-1828	-813	-544
-2048	-1066	-671
-1664	-797	-629
-1045	-676	-317
-848	-628	-365
-653	-500	-248
-570	-477	-77
-609	-583	-77
-681	-1396	-317
-776	-1585	-648
-1209	-557	-308
-1498	-753	214
-1696	-1178	63
-2048	-1210	-197
-2048	-817	-225
-2048	-456	-237
-1989	-336	-320
-1344	-341	-320
-754	-253	-473
-545	-68	-492
-617	-81	-304
-916	-1	-561
-824	377	-650
-612	44	-95
-641	-440	508
-677	-325	540
-1855	248	96
-2048	-516	480
-1898	-1245	543
-1793	-1273	351
-1620	-1365	481
-1437	-1256	391
-1343	-1136	119
-1140	-1060	-33
-994	-1002	-168
-866	-1181	-413
-629	-1316	-509
-537	-1345	-561
-504	-1348	-253
-615	-1415	55
-957	-1561	305
-1525	-1684	463
-2048	-1756	465
-2048	-1525	228
-2048	-1253	163
-1976	-992	59
-1192	-848	-109
-463	-641	-268
-458	-575	-369
-436	-253	-573
-449	-426	-680
-232	-624	-400
124	-616	-237
396	-1026	-282
295	-1050	-544
310	-1032	-594
307	-861	-802
403	-884	-897
430	-1032	-1088
-9	-912	-1372
-608	-471	-1393
-617	-348	-494
-377	-57	543
-336	704	889
-369	140	342
-340	-1640	-832
-505	-1837	-1056
-953	-1491	-1393
-1325	-1249	-1344
-1394	-1615	-1049
-813	-1744	-897
-673	-1497	-228
-1129	-1831	24
-1637	-1885	-535
-1943	-1241	-869
-1837	-488	-857
-1433	-349	-644
-1224	-415	-625
-1193	-61	-840
-800	352	-272
-561	243	-242
-584	43	-336
-23	-765	-616
403	-1137	-497
587	-1305	-456
583	-1148	-861
327	-904	-952
-45	-701	-704
-836	-753	398
-1956	-392	890
-2048	-493	-821
-1433	-1117	-1624
-1481	-420	-916
-2013	-221	-362
-2048	-340	-392
-1689	-823	-528
-1197	-2048	-329
-1727	-1108	121
-1922	-714	374
-1633	-764	44
-1368	-786	-128
-1329	-800	-263
-1631	-685	-488
-2048	-559	-621
-2048	-288	-506
-1941	-215	-345
-1485	-185	-264
-1204	12	-253
-1224	398	-468
-1365	408	-535
-1314	814	-328
-1087	583	-122
-1218	-184	-121
-1562	-569	-237
-2048	-519	-748
-2048	-749	-1119
-2048	-1053	-1041
-1645	-1012	-765
-1276	-808	-524
-1133	-705	-576
-989	-612	-580
-845	-466	-482
-701	-337	-377
-609	-312	-322
-639	-362	-324
-724	-456	-309
-884	-637	-328
-994	-773	-368
-1041	-788	-324
-1074	-701	-32
-1220	-800	335
-1249	-1127	367
-1049	-1759	-153
-1028	-1457	-353
-1265	-1101	-257
-1601	-911	-215
-1997	-453	-240
-1900	-452	-370
-1521	-576	-376
-1184	-544	-369
-964	-183	-488
-962	131	-501
-968	-100	-400
-936	-276	-135
-644	-76	428
-482	-127	704
-840	-189	191
-1069	-346	-397
-1380	-525	-656
-1801	-769	-484
-1905	-866	-271
-1865	-781	-401
-1775	-759	-592
-1440	-665	-688
-1045	-532	-618
-722	-493	-460
-557	-612	-330
-456	-876	-189
-317	-1220	-56
-489	-945	-106
-989	-661	-255
-1177	-577	-215
-1253	-520	-125
-1031	-498	-10
-781	-701	150
-960	-941	153
-1497	-1097	-104
-1936	-921	-281
-2048	-573	-300
-1989	-488	-132
-1424	-552	28
-1063	-608	-137
-759	-984	-784
-839	-1393	-1047
-728	-557	-674
-552	759	-210
-553	2047	188
-487	1680	657
-986	225	672
-1840	-584	663
-2048	-1362	785
-2048	-1337	614
-2048	-1245	705
-1857	-1309	619
-1485	-1306	552
-1181	-1300	366
-769	-1181	206
-346	-1362	31
-81	-1320	-4
-279	-1226	32
-631	-1112	287
-920	-1052	822
-943	-865	1311
-788	-589	1657
-625	-413	1912
-1053	-416	1713
-1460	-573	1356
-1509	-680	987
-1524	-769	623
-1400	-681	412
-1109	-468	268
-890	-185	63
-724	40	-113
-633	24	-185
-672	-40	-33
-708	-16	239
-776	31	756
-954	67	1315
-1137	118	1564
-1081	51	1652
-911	-220	1487
-810	-473	1227
-945	-613	800
-911	-548	536
-684	-473	355
-493	-504	217
-346	-561	159
-249	-621	248
-321	-756	459
-530	-861	791
-756	-884	1200
-921	-761	1476
-825	-532	1567
-613	-393	1465
-584	-520	1249
-840	-778	972
-994	-855	704
-1077	-817	561
-1063	-720	499
-941	-623	476
-809	-600	472
-801	-585	591
-905	-740	401
-904	-417	-391
-257	-711	-671
-49	-1124	-839
172	-842	-628
435	-761	-287
617	-793	-498
615	-564	-1168
590	-89	-1841
563	254	-1648
663	300	-919
755	417	-260
696	515	88
515	604	217
387	560	280
281	508	308
166	484	304
72	524	294
-29	550	191
-193	510	-88
-482	380	-538
-1080	-49	-1138
-1913	-1232	-1997
-2048	-1953	-2048
-1516	-537	-1858
-948	-1361	-993
-561	-2048	-977
-719	-1240	-1210
-1121	-759	-1112
-1244	-434	-641
-1001	-193	-392
-903	-128	-410
-890	-177	-509
-949	-173	-517
-946	-101	-450
-909	-98	-343
-776	-156	-7
-679	-252	408
-1117	-64	116
-1495	-580	-188
-1732	-753	-338
-1890	-449	-273
-1800	-472	-217
-1469	-685	-385
-1197	-847	-487
-845	-917	-583
-473	-1105	-687
-388	-800	-493
-653	-658	-461
-909	-656	-500
-1077	-672	-480
-1201	-704	-488
-1404	-727	-538
-1768	-644	-609
-1929	-562	-626
-1724	-340	-532
-1465	-242	-416
-1249	-328	-298
-1172	-399	-319
-1111	-324	-360
-962	-193	-288
-749	-77	-93
-631	127	163
-748	153	267
-1021	-8	92
-1232	-224	-89
-1376	-452	-169
-1546	-497	-209
-1641	-472	-336
-1548	-537	-466
-1344	-593	-501
-1146	-591	-498
-1052	-528	-481
-1049	-477	-452
-1031	-400	-433
-1032	-317	-445
-953	-269	-449
-857	-264	-456
-917	-300	-489
-980	-392	-527
-1135	-421	-569
-1124	-551	-588
-994	-592	-449
-984	-642	-328
-1040	-692	-295
-1055	-596	-183
-983	-465	-8
-912	-649	-47
-905	-869	-8
-942	-685	-52
-932	-500	-168
-900	-474	-218
-834	-496	-212
-809	-487	-242
-873	-445	-266
-1049	-441	-293
-1197	-333	-249
-1215	-87	-33
-1032	4	71
-929	-4	99
-981	55	103
-1122	95	44
-1260	-121	-85
-1133	-400	-130
-954	-472	-114
-862	-399	-185
-873	-413	-256
-879	-505	-280
-849	-548	-282
-820	-575	-245
-781	-585	-217
-849	-556	-248
-996	-520	-279
-1204	-508	-303
-1170	-458	-160
-1048	-489	124
-1117	-377	691
-1320	-132	255
-1128	-500	-68
-1300	-752	73
-1487	-1356	-447
-1279	-1637	-1165
-1537	-1292	-1146
-1127	-737	-1229
-921	-340	-1853
-1025	-164	-1389
-909	81	-592
-890	-29	220
-1049	-109	695
-1122	-258	390
-1089	-800	-221
-1255	-925	-407
-1721	-335	-680
-2048	-296	-1516
-2048	-904	-1761
-2048	-1021	-1284
-1861	-840	-623
-1807	-772	-401
-1912	-602	-737
-1570	-391	-911
-1232	-340	-945
-968	-552	-1247
-573	-386	-1248
-613	-359	-1285
-802	-477	-1120
-992	-500	-889
-1296	-591	-750
-1751	-761	-765
-2048	-841	-889
-2048	-765	-1012
-2048	-564	-986
-2048	-404	-778
-1880	-263	-584
-1410	-153	-385
-1012	-50	-290
-754	-21	-164
-591	83	88
-594	140	216
-701	-15	216
-877	-281	116
-1041	-394	14
-1425	-264	-153
-2048	-474	-568
-2048	-948	-1189
-2048	-1098	-1376
-1640	-914	-572
-1525	-740	-234
-1537	-776	-616
-1194	-672	-1032
-857	-751	-1064
-420	-660	-705
-237	-680	-596
-412	-568	-685
-818	-420	-708
-1103	-453	-583
-1189	-385	-466
-1429	-453	-476
-1672	-653	-477
-1837	-687	-528
-2048	-497	-561
-2048	-417	-381
-1738	-372	-237
-1360	-324	-264
-1104	-308	-276
-897	-241	-168
-729	-148	-90
-634	-87	-17
-656	-64	16
-751	-100	-37
-957	-234	-79
-1021	-400	8
-1039	-400	38
-1153	-327	-114
-1524	-397	-357
-2048	-562	-756
-2048	-656	-1192
-1953	-765	-1005
-1613	-872	-655
-1392	-769	-824
-941	-725	-1069
-668	-664	-1017
-665	-728	-993
-736	-722	-808
-940	-671	-685
-1290	-703	-616
-1514	-733	-544
-1657	-584	-537
-1874	-488	-599
-1917	-461	-503
-1804	-449	-439
-1569	-345	-386
-1309	-215	-333
-1028	-144	-320
-842	-196	-264
-762	-210	-205
-781	-93	-97
-848	-41	-39
-1017	-40	-129
-1151	-47	-223
-1145	-319	-89
-1130	-396	-109
-1271	-354	-298
-1696	-652	-660
-1783	-1031	-829
-1503	-1064	-825
-1212	-997	-381
-1133	-853	-226
-1028	-873	-314
-805	-1049	-298
-801	-897	-306
-817	-708	-217
-884	-525	-145
-986	-479	-189
-1037	-461	-260
-1201	-473	-312
-1471	-466	-333
-1504	-489	-265
-1394	-592	-138
-1365	-561	-64
-1281	-317	-109
-1028	-228	-100
-784	-192	-100
-712	-146	-170
-740	-116	-223
-797	-135	-241
-813	-181	-217
-845	-282	-135
-872	-340	31
-986	-468	103
-1172	-429	74
-1490	-416	-89
-1714	-429	-208
-1623	-516	-224
-1290	-567	-157
-1057	-532	-197
-881	-546	-242
-689	-541	-241
-525	-578	-288
-528	-594	-333
-744	-584	-420
-980	-514	-404
-1092	-433	-249
-1034	-517	-159
-968	-904	-93
-1029	-1335	-73
-1533	-1127	-377
-2048	-57	-575
-1890	456	-228
-1266	104	8
-968	-296	-106
-882	-410	-258
-877	-336	-296
-884	-89	-260
-823	145	-248
-706	187	-400
-839	-216	-237
-1213	-513	-192
-1522	-648	-244
-1625	-516	-434
-1512	-320	-533
-1448	-480	-519
-1264	-642	-445
-1074	-552	-416
-964	-437	-416
-904	-292	-464
-826	-137	-528
-749	-353	-421
-760	-616	-306
-849	-764	-345
-868	-722	-335
-992	-799	-153
-1172	-1255	103
-1557	-1352	287
-2048	659	752
-1448	387	-45
-1080	-72	-153
-1201	-103	-444
-1285	-272	-416
-1273	-447	-498
-1237	-439	-537
-1095	-452	-423
-920	-431	-328
-749	-242	-212
-570	-87	-60
-456	119	118
-487	248	63
-777	-297	-127
-1388	-1448	32
-2048	-1817	-477
-1652	-372	-1223
-829	-452	-941
-690	-725	-381
-909	-545	24
-1098	-325	-140
-904	-161	-441
-592	-113	-415
-591	-89	-321
-701	-153	-296
-855	-290	-313
-1095	-465	-346
-1313	-847	-305
-1327	-1009	-256
-1300	-756	-104
-1201	-1041	352
-1124	-1332	11
-960	-1293	-409
-1004	-826	-537
-1344	-437	-541
-1522	-212	-388
-1344	-185	-268
-1224	-320	-180
-1226	-353	-252
-1248	-329	-353
-1200	-308	-432
-1045	-253	-416
-941	-210	-301
-813	-116	-121
-693	-180	17
-633	-276	215
-700	-345	376
-985	-96	243
-1364	107	-420
-2048	-538	-796
-1736	-1521	-372
-1074	-1044	-103
-781	-505	-82
-908	-413	-274
-1044	-407	-429
-957	-442	-440
-866	-472	-407
-842	-584	-433
-905	-769	-538
-793	-666	-493
-765	-517	-305
-913	-740	-295
-1176	-832	-388
-1530	-800	-413
-1864	-809	-365
-2021	-356	-557
-1733	104	-290
-1247	-4	-148
-928	-237	-220
-833	-428	-276
-800	-388	-321
-761	-199	-308
-736	-56	-228
-744	-39	-149
-729	-208	-49
-876	-345	44
-1273	-452	-96
-1927	-921	-168
-2048	-969	-338
-1740	-691	-308
-1130	-539	-253
-1049	-527	-392
-1012	-604	-490
-816	-551	-510
-680	-492	-461
-615	-505	-423
-641	-577	-445
-847	-592	-458
-1073	-665	-357
-1188	-669	-204
-1194	-772	-191
-1505	-872	-336
-2048	-824	-58
-2048	-185	-848
-1434	56	-413
-1129	120	-100
-993	-129	-249
-949	-377	-445
-879	-337	-517
-778	-253	-404
-673	-213	-218
-648	-135	-141
-637	-112	-151
-685	-223	-56
-967	-309	-116
-1393	-546	-212
-2048	-1141	-296
-2048	-1368	-378
-1188	-953	-565
-868	-525	-225
-898	-423	-217
-770	-396	-225
-589	-348	-192
-554	-377	-152
-697	-589	-144
-909	-850	-276
-1073	-808	-333
-1061	-456	-153
-1025	-535	-36
-1159	-793	-144
-1593	-868	-141
-2048	15	316
-1383	-245	-409
-1140	-84	-127
-1010	31	-220
-817	-191	-308
-784	-400	-381
-858	-383	-388
-927	-317	-345
-988	-322	-301
-1021	-216	-240
-810	-45	12
-792	-132	51
-916	-250	67
-1369	-351	-29
-1917	-596	-237
-1785	-898	-477
-1236	-1085	-288
-809	-881	-32
-636	-605	24
-594	-496	-65
-601	-514	-104
-679	-580	-116
-912	-679	-164
-1183	-697	-242
-1266	-541	-242
-1157	-452	-177
-1092	-429	-127
-1201	-429	-4
-1519	-333	25
-1385	-381	-359
-1292	-247	-226
-1166	-256	-160
-848	-351	-241
-624	-317	-258
-616	-266	-232
-712	-276	-248
-817	-264	-276
-808	-212	-281
-820	-173	-257
-928	-304	-260
-1085	-481	-237
-1138	-817	-13
-957	-1025	393
-1660	-1119	719
-1196	-929	-20
-1087	-749	-233
-972	-578	-161
-836	-493	-89
-740	-508	-71
-816	-576	-144
-847	-648	-207
-789	-680	-253
-696	-712	-274
-745	-701	-349
-970	-613	-421
-1268	-608	-477
-1316	-648	-600
-1192	-464	-1176
-1026	-140	-1661
-621	255	-1727
-144	353	-1772
-193	339	-1514
-409	223	-1241
-580	156	-1084
-781	185	-904
-1047	705	-296
-1207	1007	-353
-889	-8	-784
-735	-56	-813
-672	-58	-740
-751	-180	-692
-813	-306	-621
-880	-416	-544
-985	-456	-440
-893	-180	-378
-1229	297	-625
-1273	641	-783
-1207	643	-676
-1101	323	-396
-1073	343	-279
-928	230	-228
-857	-16	-217
-880	-292	-188
-941	-439	-184
-929	-506	-167
-778	-535	-153
-784	-569	-196
-968	-660	-249
-1017	-652	-237
-893	-608	-80
-980	-736	-100
-1284	-893	-256
-1625	-743	-490
-1913	-455	-639
-1864	-189	-464
-1434	-196	-292
-1040	-301	-263
-844	-353	-308
-762	-324	-348
-748	-223	-358
-770	-127	-335
-825	-73	-304
-802	-113	-250
-730	-268	-97
-785	-340	126
-957	-345	148
-1386	-322	-103
-2044	-505	-385
-2048	-748	-644
-1677	-1177	-832
-1104	-832	-517
-912	-644	-452
-690	-544	-296
-581	-476	-160
-583	-508	-202
-676	-620	-330
-804	-753	-444
-893	-685	-385
-945	-576	-172
-1000	-704	-105
-1252	-776	-217
-1601	-737	-313
-1837	-650	-113
-1953	-372	-605
-1599	-109	-356
-1192	-72	-101
-938	-232	-162
-820	-345	-268
-717	-289	-293
-703	-212	-279
-815	-205	-257
-791	-212	-176
-754	-249	-40
-781	-320	206
-909	-364	263
-1329	-217	-93
-1917	-369	-521
-2048	-836	-560
-1601	-992	-409
-1128	-705	-265
-961	-649	-176
-825	-650	-192
-681	-591	-221
-608	-599	-224
-697	-791	-349
-898	-857	-454
-993	-484	-252
-1113	-609	-130
-1156	-791	-168
-1265	-761	-274
-1517	-656	-377
-1908	-565	-466
-1905	-265	-463
-1527	-77	-317
-1162	-157	-218
-912	-301	-247
-802	-353	-313
-797	-300	-317
-881	-231	-271
-897	-162	-236
-760	-104	-153
-596	-149	88
-538	-285	380
-801	-288	348
-1453	-148	-153
-2048	-428	-645
-2048	-988	-484
-1496	-973	-128
-1100	-743	-36
-1026	-752	-88
-863	-733	-173
-621	-684	-177
-497	-800	-207
-665	-826	-316
-887	-458	-257
-1100	-569	-193
-1239	-865	-216
-1401	-919	-281
-1666	-1037	-116
-2048	-857	-209
-2048	-257	-468
-1895	31	-263
-1178	-23	-98
-729	-156	-72
-530	-210	-120
-505	-168	-191
-644	-140	-284
-916	-304	-345
-872	-332	-153
-834	-285	7
-897	-313	-33
-1028	-336	-116
-1341	-421	-122
-1924	-692	-157
-2045	-889	-112
-1485	-665	17
-1165	-589	103
-1122	-664	-20
-941	-631	-84
-808	-649	-20
-817	-761	35
-868	-792	147
-1009	-823	187
-1309	-714	92
-1437	-464	-120
-1322	-314	-157
-1146	-393	-72
-1194	-506	-89
-1522	-580	-244
-1780	-644	-317
-1636	-497	-418
-1505	-306	-345
-1436	-336	-253
-1335	-489	-196
-1153	-452	-84
-864	873	220
-690	783	615
-927	441	679
-1185	-40	110
-1512	-266	-336
-2048	-541	-490
-2048	-1092	-692
-2048	-1098	-836
-1332	-831	-241
-1255	-607	-317
-1335	-568	-541
-1265	-456	-548
-1012	-288	-352
-826	-232	-252
-727	-337	-241
-745	-501	-148
-825	-705	-68
-824	-904	33
-874	-860	158
-1056	-720	147
-1168	-648	95
-1185	-597	23
-1085	-605	83
-1188	-743	312
-1265	-655	216
-1682	-552	-41
-1840	-260	-129
-1778	-81	-58
-1506	-255	-8
-1156	-528	-185
-890	-714	-253
-744	-452	-156
-586	-143	-61
-426	-25	54
-353	56	115
-343	44	143
-517	-101	172
-943	-288	88
-1725	-484	-441
-2048	-1122	-969
-2048	-1508	-954
-676	-737	-441
-772	-705	-240
-1333	-733	-490
-1256	-557	-503
-906	-269	-348
-656	-112	-298
-541	-165	-239
-519	-284	-141
-561	-305	-141
-802	-488	-87
-1241	-1040	-53
-1273	-1746	63
-1021	-1284	168
-1332	-711	79
-1241	-665	-173
-1265	-621	-488
-1512	-576	-394
-1424	-561	-127
-1261	-488	-210
-1224	-449	-261
-1476	-304	-548
-1423	-167	-525
-959	-208	-209
-432	-109	179
-144	319	372
-256	270	265
-600	-84	169
-1215	-416	127
-1721	-648	-100
-2048	-752	-441
-1761	-772	-624
-1209	-546	-268
-1130	-553	-69
-1181	-764	-288
-972	-753	-381
-681	-527	-120
-632	-336	124
-626	-356	204
-680	-557	207
-865	-738	155
-1148	-676	49
-1290	-492	-13
-1208	-336	-50
-1077	-325	-64
-976	-487	-74
-1154	-569	-199
-1317	-512	-240
-1332	-433	-237
-1178	-377	-202
-983	-360	-200
-845	-354	-207
-840	-336	-218
-945	-319	-232
-970	-264	-226
-841	-160	-97
-634	-104	120
-615	-210	304
-823	-251	220
-1113	-207	-64
-1327	-332	-242
-1485	-588	-296
-1449	-821	-240
-1105	-717	-197
-860	-528	-156
-840	-496	-140
-976	-556	-180
-1016	-648	-143
-845	-765	-57
-746	-900	-40
-885	-828	-65
-1055	-637	-52
-1119	-561	12
-1096	-583	9
-1156	-592	-89
-1393	-548	-197
-1556	-552	-316
-1513	-368	-316
-1377	-317	-217
-1164	-359	-221
-989	-368	-256
-912	-311	-272
-865	-264	-255
-804	-224	-180
-777	-196	-97
-733	-152	-15
-673	-162	177
-784	-169	233
-994	-185	188
-1360	-298	-57
-1693	-545	-175
-1736	-756	-184
-1488	-712	-157
-1205	-608	-201
-1068	-633	-193
-861	-623	-176
-705	-609	-160
-705	-649	-196
-810	-754	-276
-953	-794	-333
-1017	-685	-204
-997	-689	-36
-945	-740	92
-1133	-861	-40
-1529	-916	-183
-1817	-682	-301
-1937	-202	-344
-1693	-16	-96
-1280	-175	-96
-961	-325	-165
-812	-367	-221
-740	-274	-282
-761	-196	-268
-778	-157	-180
-701	-116	-106
-621	-140	134
-730	-281	372
-977	-257	459
-1432	-101	169
-1837	-247	-189
-1961	-680	-276
-1592	-865	-152
-1153	-661	-217
-932	-568	-223
-792	-613	-200
-660	-593	-191
-572	-607	-180
-602	-786	-192
-836	-928	-234
-1033	-628	-89
-1128	-641	33
-1159	-650	65
-1236	-717	-137
-1506	-872	-313
-1689	-698	-265
-1556	-496	-173
-1373	-281	-39
-1268	-249	49
-1202	-295	-50
-1081	-271	-122
-884	-208	-88
-669	-145	-32
-549	-84	-2
-549	-81	-25
-666	-117	-100
-949	-424	-196
-1357	-865	-370
-1633	-879	-564
-1376	-752	-597
-1256	-810	-525
-1306	-845	-568
-1153	-685	-615
-925	-545	-519
-736	-497	-386
-672	-439	-345
-680	-408	-305
-730	-388	-274
-904	-345	-313
-1090	-281	-360
-1232	-313	-449
-1133	-282	-612
-1037	-434	-460
-1074	-633	-368
-1304	-769	-351
-1472	-928	-333
-1393	-825	-410
-1172	-842	-292
-865	-852	-148
-633	-927	-228
-556	-1184	-317
-776	-1268	-240
-1049	-1336	32
-1764	-948	-66
-2002	-657	-322
-2048	-455	-381
-1834	-415	-240
-1450	-428	-193
-1192	-322	-317
-1056	-316	-321
-954	-273	-215
-820	-103	-122
-729	79	-34
-725	88	-40
-752	-109	-10
-792	-258	57
-912	-324	88
-1209	-385	-52
-1704	-569	-244
-1991	-743	-356
-1900	-765	-336
-1581	-705	-157
-1237	-708	-16
-1010	-697	-26
-712	-728	-16
-541	-705	99
-600	-708	89
-868	-685	-104
-1040	-524	-233
-1117	-469	-208
-1010	-584	-89
-1121	-729	-92
-1457	-697	-149
-1685	-544	-162
-1801	-413	-153
-1628	-397	-77
-1316	-400	-100
-989	-392	-146
-768	-338	-186
-682	-217	-173
-769	-95	-109
-970	-7	-116
-981	169	-127
-1025	-52	-49
-1013	-177	60
-1157	-260	60
-1433	-360	-152
-1593	-468	-320
-1501	-618	-242
-1460	-735	-196
-1322	-840	-177
-1141	-909	-133
-1021	-967	-71
-945	-912	-92
-948	-945	-170
-1000	-879	-190
-994	-724	-137
-953	-698	-55
-1004	-748	-61
-1396	-800	-201
-1773	-728	-241
-2029	-388	-197
-1844	-226	-100
-1453	-258	-100
-1136	-265	-162
-920	-216	-201
-776	-113	-217
-736	-81	-193
-730	40	-159
-721	16	-116
-733	-177	44
-863	-311	152
-1000	-288	156
-1357	-287	7
-1706	-430	-20
-1831	-649	48
-1671	-712	71
-1458	-759	67
-1220	-829	-16
-904	-916	-53
-740	-775	-17
-690	-772	-133
-820	-832	-316
-968	-720	-329
-996	-601	-141
-1090	-716	-72
-1223	-810	-152
-1437	-784	-233
-1780	-713	-285
-1805	-442	-252
-1540	-237	-60
-1258	-239	-8
-1000	-272	-85
-746	-241	-141
-648	-135	-241
-752	-119	-305
-775	-199	-297
-644	-223	-215
-504	-314	158
-593	-513	604
-1085	-217	385
-1684	64	62
-2025	-207	-249
-1933	-719	-202
-1416	-832	27
-1144	-793	136
-1098	-753	-18
-815	-733	-185
-623	-868	-165
-604	-649	-232
-793	-519	-428
-957	-589	-399
-897	-698	-194
-840	-697	-127
-957	-692	-193
-1247	-703	-274
-1460	-679	-277
-1497	-544	-261
-1465	-313	-280
-1386	-63	-221
-1159	-68	-89
-961	-205	-97
-836	-303	-105
-832	-313	-122
-873	-258	-138
-836	-201	-90
-801	-201	39
-756	-268	179
-872	-226	40
-1137	-295	-119
-1357	-516	-114
-1364	-656	-109
-1249	-609	-228
-1213	-567	-272
-1215	-633	-213
-1066	-633	-180
-845	-634	-125
-769	-740	-154
-810	-868	-265
-889	-737	-232
-877	-591	-97
-857	-650	-80
-1039	-737	-89
-1309	-816	20
-1568	-642	47
-1785	-239	-20
-1661	102	44
-1300	16	87
-1012	-138	75
-741	-105	55
-572	-120	-31
-506	-81	-177
-591	-8	-329
-889	-132	-397
-1157	-513	-400
-1117	-744	-98
-1495	-754	-89
-1580	-632	-288
-1338	-381	-106
-1248	-394	147
-1132	-521	7
-1007	-452	-260
-1040	-369	-426
-1026	-420	-433
-784	-433	-351
-591	-400	-232
-613	-324	-217
-705	-296	-237
-805	-285	-248
-1032	-348	-298
-1117	-520	-328
-953	-599	-280
-953	-640	-253
-993	-674	-234
-914	-616	-159
-901	-589	-66
-905	-564	23
-985	-538	104
-1057	-473	142
-962	-344	167
-865	-269	158
-884	-324	48
-1032	-442	-64
-1153	-532	-103
-1077	-519	-89
-904	-375	-97
-712	-8	-105
-825	153	-144
-1000	28	-244
-1137	-215	-95
-1229	-305	107
-1197	-288	172
-1154	-324	111
-1009	-421	62
-845	-488	41
-737	-520	67
-681	-548	56
-784	-648	-65
-1009	-722	-175
-1098	-581	-167
-1036	-544	-69
-904	-656	25
-968	-744	-36
-1241	-712	-151
-1578	-584	-200
-1649	-375	-125
-1421	-295	-77
-1181	-290	-97
-959	-273	-109
-784	-225	-105
-720	-168	-114
-736	-101	-162
-722	-41	-193
-618	-121	-114
-705	-244	-13
-980	-336	-80
-1284	-505	-57
-1581	-605	-90
-1711	-666	-90
-1601	-706	4
-1388	-753	49
-1146	-761	-49
-882	-719	-116
-735	-682	-63
-697	-625	-72
-757	-656	-173
-961	-752	-304
-1063	-669	-285
-1009	-557	-138
-909	-609	-34
-1096	-717	-153
-1505	-729	-272
-1721	-487	-313
-1812	-272	-237
-1593	-144	-93
-1256	-193	-96
-961	-292	-90
-757	-324	-76
-681	-249	-88
-729	-145	-116
-752	-64	-124
-661	-93	-45
-708	-199	19
-877	-313	19
-1209	-436	-13
-1727	-605	-176
-1937	-751	-292
-1680	-708	-241
-1325	-660	-173
-1055	-648	-93
-852	-647	-80
-721	-644	-113
-698	-676	-177
-778	-809	-263
-909	-821	-306
-986	-585	-205
-993	-633	-72
-1060	-777	-104
-1370	-823	-258
-1597	-612	-311
-1668	-455	-228
-1679	-207	-212
-1586	-133	-164
-1352	-233	-156
-1056	-332	-159
-847	-289	-173
-737	-217	-176
-738	-146	-176
-680	-80	-116
-621	-128	-42
-732	-209	-13
-914	-304	-16
-1215	-372	-125
-1681	-544	-265
-1860	-743	-328
-1655	-754	-266
-1444	-777	-159
-1186	-808	-89
-897	-858	-25
-753	-850	-40
-728	-881	-72
-865	-961	-140
-1060	-756	-144
-1146	-628	-105
-1095	-680	-57
-1145	-685	-168
-1537	-548	-308
-1776	-493	-285
-1660	-344	-217
-1416	-285	-189
-1202	-324	-180
-989	-320	-189
-870	-248	-177
-829	-244	-93
-693	-160	-57
-609	-36	-94
-541	-37	-96
-644	-185	-82
-921	-356	-49
-1256	-516	30
-1424	-567	17
-1508	-576	-25
-1601	-644	-53
-1457	-740	19
-1213	-959	163
-1016	-1279	83
-890	-928	71
-906	-784	24
-930	-687	-100
-978	-527	-201
-1132	-500	-200
-1114	-626	-202
-1304	-732	-359
-1568	-633	-530
-1689	-488	-596
-1372	-340	-532
-1121	-362	-365
-1048	-404	-341
-968	-362	-352
-930	-280	-320
-936	-260	-296
-986	-276	-322
-976	-298	-356
-1009	-370	-369
-1009	-457	-390
-1001	-512	-397
-1009	-505	-336
-1177	-541	-328
-1261	-596	-252
-1252	-668	-141
-1312	-690	-80
-1441	-640	-97
-1511	-465	-87
-1344	-237	27
-1060	-153	147
-825	-228	220
-697	-218	275
-709	-141	248
-733	-116	262
-833	-212	304
-1000	-314	279
-1167	-417	374
-1296	-484	499
-1448	-392	339
-1477	-344	51
-1348	-474	-105
-1028	-584	-152
-737	-538	-74
-644	-564	44
-653	-572	-13
-696	-553	-29
-729	-671	56
-845	-1017	175
-996	-1249	399
-1463	-1153	600
-2048	-825	300
-2048	-644	-15
-1959	-527	-100
-1768	-330	-205
-1618	-333	-532
-1608	-177	-1042
-1137	-392	-450
-841	-133	-368
-474	286	-324
-77	292	207
-82	364	807
-852	703	747
-1761	-172	758
-2048	-1106	851
-1921	-1288	920
-1692	-853	903
-1693	-825	911
-1365	-922	782
-1047	-1090	539
-1037	-1181	220
-861	-1151	-128
-552	-1293	-244
-488	-1241	-306
-447	-1050	-160
-466	-1037	76
-817	-1194	264
-1376	-1306	440
-1505	-1295	796
-1533	-921	948
-1487	-784	876
-1487	-532	758
-1265	-372	612
-986	-341	488
-804	-328	352
-761	-248	80
-785	-161	-93
-729	-122	76
-629	54	551
-744	159	892
-989	96	1079
-1569	-528	1347
-2048	-1180	1336
-1552	-1265	1226
-1145	-948	1216
-1032	-729	883
-820	-800	572
-700	-1008	374
-376	-1249	299
-122	-1327	304
-265	-1125	374
-564	-959	606
-621	-877	948
-729	-985	1358
-1229	-810	1635
-1736	-703	1584
-2048	-769	1302
-2048	-836	871
-1746	-823	567
-1370	-712	305
-1088	-537	118
-897	-370	-16
-749	-162	-160
-666	115	-217
-708	305	-64
-752	380	287
-781	384	504
-1009	284	688
-1426	7	809
-1840	-276	972
-2048	-433	999
-2048	-584	937
-1794	-804	843
-1400	-937	672
-1079	-1127	560
-746	-1252	391
-484	-1196	431
-601	-1108	384
-752	-1005	334
-703	-884	422
-751	-884	575
-1103	-1040	769
-1713	-1380	883
-2048	-1121	924
-2048	-861	1023
-2048	-612	643
-1898	-512	283
-1488	-442	8
-1297	-372	-93
-1373	-300	-185
-1376	-184	-237
-1039	321	-417
-516	766	-356
-412	876	108
-673	568	470
-1368	208	603
-2048	-281	460
-2048	-847	39
-2048	-1309	-100
-2048	-848	-73
-1881	-884	-161
-1383	-839	-312
-916	-658	-385
-793	-1263	-505
-376	-1623	-901
-484	-1432	-825
-861	-1080	-433
-1593	-999	-194
-2048	-1296	455
-2048	-1392	1007
-2048	-1032	1151
-2048	-778	831
-2048	-421	393
-1658	-130	-13
-1001	19	-421
-584	7	-565
-328	99	-565
-322	248	-562
-413	102	-282
-656	-121	75
-1103	-298	449
-1618	-378	1028
-2048	-893	1006
-2048	-1732	497
-2048	-2048	-258
-1781	-1568	7
-1508	-1120	6
-1080	-884	-552
-148	-1378	-980
-121	-1405	-817
-418	-1084	-529
-641	-855	-77
-928	-725	711
-1041	-569	1575
-881	-365	2047
-759	-26	2047
-1082	-125	2040
-1049	-481	1430
-1013	-932	1134
-1036	-1165	1064
-1013	-1104	888
-897	-800	619
-701	-495	369
-623	-274	163
-541	7	8
-328	227	-57
-168	279	88
-260	135	472
-733	-137	839
-1460	-481	982
-2048	-744	417
-2048	-431	-321
-1816	-228	-537
-1592	-527	-516
-1440	-821	-413
-1301	-669	-340
-1117	-461	-304
-740	-392	-225
-625	-453	-98
-941	-633	-242
-976	-1781	-740
-108	-1178	-525
-610	-1073	-453
-1223	-993	-280
-1548	-1106	15
-1680	-1092	156
-1882	-1032	118
-2048	-594	6
-2048	-349	15
-1552	-336	39
-1042	-281	-47
-721	-149	-122
-530	-61	-180
-535	-79	-292
-658	-98	-132
-893	-305	383
-1256	-298	148
-1721	-97	-359
-2020	-249	-488
-1972	-680	-305
-1620	-877	-159
-1530	-749	-208
-1637	-820	-281
-1476	-949	-353
-1453	-1101	-340
-1271	-1265	-522
-810	-1194	-389
-556	-1250	-247
-583	-1149	-143
-1097	-1021	-153
-1841	-1058	-73
-2048	-1165	108
-2048	-873	-32
-2048	-501	-176
-1906	-258	-84
-1122	-77	-56
-760	7	-153
-648	51	-290
-586	216	-346
-541	127	-289
-672	-132	-144
-1044	-355	159
-1722	-552	224
-2048	-657	-242
-2048	-737	-559
-2048	-916	-497
-1972	-960	-376
-1585	-895	-274
-1335	-964	-441
-905	-1514	-937
-576	-1223	-740
-386	-780	-375
-629	-772	-325
-1239	-807	-413
-1694	-1136	-125
-2048	-1628	318
-2048	-1352	39
-2048	-12	137
-1665	176	180
-852	51	51
-573	-103	-89
-513	-125	-276
-468	-72	-410
-402	-92	-564
-671	-408	-269
-1064	-880	796
-1768	-810	483
-2048	267	-240
-2048	216	-469
-2048	-964	-541
-1673	-1437	-276
-1505	-824	-233
-1210	-909	-36
-954	-1381	-32
-853	-1193	-208
-876	-1149	-176
-1160	-880	-36
-1677	-868	76
-2048	-1136	358
-2048	-1084	393
-2048	-1012	19
-2048	-756	-193
-1468	-399	-200
-1085	-223	-245
-900	-148	-377
-717	-52	-488
-436	96	-373
-193	56	-74
-184	-63	478
-610	-137	543
-1585	-144	-169
-2048	-260	-472
-2048	-946	-514
-2048	-1488	-511
-1729	-1253	-241
-1257	-688	135
-1199	-800	-169
-1098	-1068	-653
-945	-1088	-589
-824	-772	-378
-722	-665	-144
-872	-855	-104
-1164	-1042	-288
-1425	-871	-393
-1689	-593	-413
-1837	-386	-381
-1672	-229	-241
-1424	-306	-80
-1264	-340	-144
-1128	-400	-194
-1015	-313	-191
-935	-160	-145
-855	-116	-79
-815	-104	-17
-872	-89	95
-1125	-125	39
-1353	-416	-141
-1356	-503	-65
-1354	-455	-18
-1329	-640	-136
-1313	-823	-199
-1268	-807	-317
-1073	-904	-288
-913	-880	-200
-957	-671	-210
-995	-680	-248
-904	-677	-137
-976	-769	-159
-1316	-885	-300
-1793	-584	38
-1693	566	-797
-705	615	-378
-820	-184	-189
-871	-865	-376
-881	-911	-532
-1028	-564	-440
-1106	-333	-292
-1101	-389	-180
-1104	-500	-191
-1012	-464	-236
-724	-295	-208
-925	-200	-196
-1385	-136	-160
-1295	-84	-122
-1001	-82	28
-880	-248	143
-832	-362	167
-832	-393	158
-853	-472	254
-925	-580	255
-976	-628	116
-1076	-601	-32
-1201	-605	-122
-1069	-583	-167
-893	-553	-232
-912	-735	-378
-849	-762	-496
-818	-685	-536
-823	-769	-493
-845	-749	-465
-874	-680	-416
-936	-612	-377
-1049	-601	-338
-1165	-557	-345
-1236	-522	-330
-1241	-413	-314
-978	-330	-217
-681	-385	204
-820	-465	312
-997	-508	295
-928	-577	391
-745	-655	431
-421	-1057	377
-72	-1249	441
-55	-1336	455
-217	-1177	129
-356	-985	108
-557	-737	208
-800	-481	248
-761	-344	335
-557	-528	432
-280	-792	452
-74	-882	310
-282	-968	96
-594	-861	-29
-660	-797	143
-781	-704	252
-964	-604	176
-1017	-605	259
-913	-548	448
-988	-516	428
-1015	-567	487
-769	-594	632
-660	-527	553
-596	-564	552
-657	-604	582
-708	-505	583
-680	-468	534
-656	-493	446
-679	-532	454
-741	-633	538
-737	-592	588
-680	-530	572
-648	-544	552
-751	-584	560
-696	-645	608
-848	-912	390
-884	-1039	254
-769	-1178	-89
-480	-1213	-404
-247	-1226	-653
-64	-1276	-724
-40	-1101	-562
-84	-876	-311
-104	-765	-149
-74	-765	-24
-13	-861	120
28	-792	120
145	-761	264
228	-680	299
287	-665	284
370	-637	401
455	-712	560
515	-884	470
547	-618	419
635	-644	388
644	-548	440
607	-704	339
543	-639	447
510	-765	387
510	-820	358
505	-802	214
547	-681	-13
540	-557	-361
673	-513	-580
607	-919	-697
489	-705	-561
500	-269	-524
753	-151	-577
792	-433	-793
732	-325	-845
601	12	-904
545	-173	-885
499	-252	-784
539	-276	-706
600	-244	-769
620	-228	-810
608	-264	-820
591	-269	-743
580	-368	-717
575	-404	-653
593	-416	-629
611	-441	-594
624	-485	-596
624	-472	-601
631	-493	-616
655	-481	-613
654	-468	-569
676	-424	-538
684	-436	-532
659	-473	-511
659	-495	-511
671	-484	-509
672	-484	-520
675	-488	-529
668	-485	-528
673	-484	-532
679	-484	-524
672	-484	-529
668	-485	-545
664	-484	-546
670	-481	-546
679	-481	-537
683	-481	-537
676	-472	-538
672	-468	-525
680	-466	-537
679	-476	-533
680	-471	-533
683	-463	-537
668	-455	-509
671	-464	-536
679	-450	-544
684	-458	-538
689	-452	-548
687	-444	-554
684	-449	-549
688	-448	-553
684	-441	-554
686	-444	-546
687	-436	-565
688	-431	-553
683	-434	-548
679	-444	-561
675	-449	-559
680	-441	-560
668	-441	-552
675	-447	-556
4095	4095	4095
1032	330	85
