Activity Name: walk/
UserID: 22270
StartTime: 0
x	y	z
-880	740	-100
-882	662	-125
-839	608	-132
-816	632	-168
-770	599	-223
-701	531	-209
-697	440	-132
-781	414	-133
-840	460	-143
-848	558	-137
-788	611	-141
-729	556	-132
-744	465	-129
-808	492	-109
-841	558	-103
-825	561	-109
-857	590	-144
-904	607	-164
-959	624	-160
-953	655	-153
-889	688	-198
-807	702	-261
-687	662	-258
-596	600	-256
-548	576	-210
-576	608	-184
-687	719	-175
-772	795	-117
-760	672	-109
-705	558	-120
-674	526	-119
-697	591	-87
-784	639	-66
-836	652	-71
-857	632	-77
-845	624	-113
-825	657	-84
-820	771	-57
-820	744	-119
-813	671	-151
-820	664	-202
-756	599	-232
-673	550	-240
-658	472	-213
-705	432	-186
-797	463	-208
-847	583	-224
-765	635	-221
-696	603	-232
-701	583	-264
-743	487	-221
-775	638	-178
-761	684	-109
-778	700	-127
-831	743	-132
-848	700	-104
-905	683	-101
-881	638	-116
-832	663	-193
-697	689	-200
-653	700	-205
-565	615	-184
-535	639	-201
-562	664	-138
-640	807	-84
-705	903	-121
-673	764	-176
-629	616	-173
-634	543	-226
-680	636	-193
-737	649	-232
-749	675	-240
-740	708	-213
-736	583	-240
-769	671	-314
-754	684	-269
-781	700	-301
-767	588	-365
-744	576	-437
-749	665	-605
-656	560	-585
-602	467	-650
-629	385	-549
-675	396	-509
-685	483	-460
-674	571	-461
-669	504	-450
-703	440	-449
-753	440	-416
-793	552	-391
-799	487	-373
-810	531	-353
-804	580	-300
-820	588	-297
-864	566	-248
-879	542	-282
-813	563	-360
-700	588	-413
-610	577	-434
-569	558	-444
-521	524	-452
-543	619	-449
-633	748	-456
-730	799	-463
-703	633	-418
-637	524	-375
-581	471	-352
-637	575	-392
-685	632	-386
-737	655	-368
-793	707	-401
-784	710	-433
-744	692	-370
-730	664	-301
-744	636	-272
-777	592	-317
-792	563	-424
-737	488	-476
-644	361	-455
-596	414	-408
-669	408	-456
-688	529	-487
-677	657	-496
-608	679	-362
-628	611	-432
-689	476	-424
-741	527	-445
-749	543	-416
-737	567	-434
-721	551	-472
-712	504	-472
-714	515	-448
-744	552	-426
-765	567	-426
-757	526	-497
-705	451	-544
-657	396	-674
-557	396	-761
-455	343	-733
-369	328	-754
-293	423	-860
-249	486	-928
-303	479	-919
-377	440	-866
-368	352	-840
-266	316	-871
-202	304	-908
-209	395	-945
-168	408	-951
-149	393	-1032
-147	334	-1009
-113	265	-973
-96	340	-957
-96	376	-1000
-157	361	-991
-200	380	-1017
-201	372	-996
-226	396	-994
-204	376	-977
-159	380	-988
-125	383	-964
-137	432	-953
-189	457	-936
-199	419	-928
-205	415	-909
-207	416	-912
-181	423	-890
-191	382	-904
-217	423	-943
-218	443	-921
-212	423	-909
-221	419	-901
-208	408	-884
-208	423	-885
-189	408	-890
-197	439	-906
-205	431	-909
-225	417	-925
-212	444	-916
-204	440	-922
-194	428	-897
-199	409	-898
-200	414	-905
-202	423	-901
-186	448	-911
-193	444	-914
-193	431	-921
-197	438	-909
-200	423	-905
-193	423	-900
-192	430	-897
-202	435	-906
-212	432	-912
-193	415	-911
-200	431	-909
-197	423	-912
-193	427	-904
-200	432	-912
-193	430	-909
-205	432	-912
-194	430	-911
-194	431	-904
-205	423	-904
-202	435	-905
-196	430	-911
-207	432	-918
-201	428	-908
-193	427	-901
-208	428	-909
-202	420	-904
-202	443	-901
-194	428	-904
-208	422	-906
-210	428	-916
-200	436	-909
-199	438	-908
-215	424	-909
-193	428	-897
-200	433	-913
-208	435	-912
-200	438	-905
-212	435	-908
-208	423	-904
-208	432	-901
-212	439	-912
-207	428	-893
-200	432	-901
-202	432	-900
-208	436	-909
-205	444	-901
-212	432	-897
-208	435	-906
-204	432	-897
-208	428	-900
-208	425	-897
-221	424	-909
-212	444	-912
-196	435	-904
-208	432	-898
-202	425	-887
-205	432	-908
-205	432	-908
-201	435	-898
-216	432	-906
-209	438	-905
-208	435	-904
-209	439	-917
-215	435	-929
-207	463	-940
-212	473	-941
-205	460	-912
-200	448	-909
-193	459	-880
-210	463	-895
-225	487	-890
-234	499	-904
-244	551	-938
-244	571	-948
-234	600	-929
-245	611	-884
-244	628	-836
-239	624	-784
-241	636	-713
-280	632	-674
-312	644	-639
-345	639	-625
-365	638	-589
-365	639	-561
-369	636	-537
-397	667	-521
-417	692	-493
-436	718	-506
-469	702	-568
-490	664	-592
-509	672	-593
-506	643	-561
-513	708	-569
-530	675	-516
-564	687	-503
-594	710	-516
-601	675	-488
-592	638	-481
-607	495	-447
-664	415	-468
-720	393	-500
-720	432	-505
-701	518	-490
-669	508	-484
-664	600	-473
-653	625	-500
-623	527	-476
-658	518	-477
-712	497	-468
-744	505	-456
-754	473	-433
-760	451	-464
-794	520	-488
-799	611	-520
-784	624	-519
-783	595	-528
-762	553	-533
-703	558	-575
-625	524	-577
-544	487	-567
-473	472	-533
-456	511	-484
-513	611	-520
-644	657	-564
-729	604	-535
-660	527	-509
-544	508	-496
-496	551	-525
-556	568	-559
-625	585	-521
-704	584	-545
-719	563	-576
-698	579	-584
-701	598	-592
-728	571	-569
-729	526	-578
-696	524	-634
-644	529	-705
-501	464	-615
-449	423	-597
-514	342	-602
-588	470	-626
-586	604	-585
-557	591	-593
-553	510	-569
-584	376	-553
-641	428	-580
-663	487	-584
-688	504	-656
-665	526	-666
-640	617	-687
-633	611	-720
-615	616	-748
-520	633	-796
-426	563	-818
-338	425	-712
-327	443	-700
-429	567	-711
-488	575	-744
-471	556	-732
-381	423	-712
-420	419	-653
-476	503	-644
-546	622	-657
-544	524	-649
-516	519	-641
-495	568	-628
-525	568	-738
-560	587	-728
-589	620	-689
-592	632	-665
-602	566	-655
-609	545	-712
-633	511	-727
-596	529	-749
-522	457	-749
-472	396	-712
-474	374	-644
-508	326	-594
-567	337	-665
-573	430	-733
-561	556	-807
-520	550	-708
-552	371	-569
-609	304	-536
-656	390	-588
-668	515	-660
-632	511	-660
-639	483	-655
-689	511	-648
-730	534	-616
-765	547	-679
-753	500	-663
-737	481	-701
-644	440	-725
-561	467	-653
-503	432	-644
-520	396	-625
-548	511	-572
-599	695	-554
-600	759	-541
-528	700	-442
-543	545	-413
-551	723	-224
-575	615	-217
-665	600	-281
-713	583	-313
-744	700	-305
-724	718	-312
-705	752	-290
-777	731	-285
-825	659	-292
-831	659	-360
-776	675	-440
-680	612	-505
-585	473	-490
-562	465	-343
-602	547	-313
-661	655	-324
-656	691	-333
-633	620	-308
-605	595	-280
-637	620	-266
-653	615	-244
-641	687	-264
-689	796	-260
-711	785	-345
-749	812	-301
-784	847	-325
-762	844	-336
-690	723	-314
-608	742	-410
-464	681	-357
-385	615	-308
-375	750	-274
-445	824	-333
-557	838	-392
-609	739	-385
-604	591	-345
-597	563	-345
-580	641	-324
-591	751	-336
-608	751	-385
-669	745	-410
-737	774	-394
-740	799	-356
-737	787	-385
-692	732	-452
-628	676	-429
-617	703	-423
-592	671	-488
-470	606	-426
-469	500	-404
-554	507	-452
-628	615	-504
-612	761	-473
-546	745	-413
-517	723	-373
-560	668	-356
-584	691	-317
-621	678	-356
-712	679	-340
-709	684	-356
-720	687	-405
-736	755	-388
-760	828	-356
-698	931	-319
-575	876	-424
-447	750	-488
-383	648	-474
-385	691	-317
-472	655	-112
-602	848	-136
-664	899	-216
-629	684	-205
-631	627	-173
-605	617	-69
-601	692	-57
-641	777	-121
-679	742	-178
-729	811	-167
-712	896	-103
-701	977	-104
-681	908	-173
-680	777	-199
-705	750	-193
-647	691	-269
-516	591	-359
-461	476	-373
-517	536	-377
-585	694	-362
-623	852	-345
-551	831	-312
-528	721	-308
-562	632	-320
-653	638	-365
-689	683	-377
-671	824	-359
-636	868	-349
-623	864	-376
-658	883	-409
-650	892	-458
-525	854	-480
-356	678	-415
-306	624	-357
-356	713	-313
-484	860	-303
-557	835	-345
-592	780	-354
-552	671	-324
-493	687	-281
-457	760	-305
-500	825	-320
-592	823	-313
-688	761	-305
-737	697	-328
-713	700	-349
-695	759	-333
-689	785	-333
-676	777	-311
-639	764	-301
-616	764	-421
-546	758	-492
-409	659	-426
-421	547	-405
-490	559	-466
-562	679	-445
-601	787	-389
-570	777	-392
-541	668	-348
-569	632	-351
-609	659	-352
-631	736	-306
-632	748	-305
-656	743	-345
-703	736	-356
-756	819	-279
-777	859	-261
-698	839	-249
-586	824	-231
-497	775	-237
-448	788	-232
-407	791	-207
-368	768	-160
-436	816	-167
-548	904	-193
-600	892	-217
-560	755	-180
-525	675	-137
-536	700	-146
-580	761	-153
-633	793	-165
-665	774	-173
-674	807	-192
-663	856	-208
-653	904	-194
-660	903	-205
-658	791	-237
-626	752	-249
-621	799	-266
-562	780	-314
-493	711	-317
-489	617	-296
-552	620	-304
-626	716	-296
-613	816	-274
-528	792	-249
-509	668	-249
-576	628	-285
-644	672	-288
-673	735	-317
-669	760	-369
-660	831	-377
-648	851	-397
-632	835	-420
-584	814	-425
-533	841	-436
-464	783	-439
-397	704	-424
-354	686	-362
-365	768	-301
-441	872	-301
-528	899	-388
-551	780	-397
-509	671	-320
-485	679	-272
-481	751	-249
-477	812	-273
-506	831	-300
-570	848	-277
-597	824	-260
-596	819	-313
-586	830	-313
-610	903	-305
-633	847	-343
-631	835	-343
-584	831	-349
-500	823	-369
-421	739	-360
-410	648	-336
-479	639	-343
-580	695	-340
-617	777	-261
-570	824	-210
-537	739	-229
-552	659	-260
-576	644	-253
-596	716	-226
-624	808	-218
-625	808	-231
-644	835	-244
-648	843	-274
-674	851	-333
-677	816	-322
-644	831	-281
-573	839	-272
-489	825	-298
-439	830	-266
-433	785	-257
-372	780	-210
-409	878	-162
-456	903	-208
-533	937	-297
-525	780	-249
-496	720	-153
-488	723	-130
-516	787	-162
-544	824	-205
-586	807	-216
-610	803	-196
-628	854	-232
-621	878	-242
-629	921	-215
-660	848	-253
-666	809	-281
-640	847	-349
-544	804	-392
-405	712	-314
-402	639	-282
-484	615	-292
-578	704	-301
-608	800	-271
-527	807	-245
-509	742	-233
-564	707	-269
-610	739	-281
-616	787	-265
-608	807	-269
-624	831	-282
-660	835	-288
-708	832	-284
-713	824	-298
-625	839	-296
-508	838	-336
-436	798	-413
-426	783	-376
-373	745	-272
-365	776	-244
-429	839	-257
-512	891	-313
-575	772	-341
-576	691	-300
-554	684	-240
-552	704	-237
-572	752	-306
-592	751	-304
-623	775	-274
-661	785	-297
-680	819	-333
-676	886	-356
-655	806	-393
-637	771	-434
-585	799	-479
-472	721	-482
-386	620	-413
-421	575	-399
-496	612	-399
-561	740	-413
-552	816	-460
-513	724	-409
-511	638	-391
-562	639	-444
-605	659	-448
-625	734	-445
-620	716	-410
-609	708	-456
-616	659	-464
-609	628	-449
-625	659	-436
-629	689	-449
-617	739	-474
-581	744	-521
-556	700	-561
-516	678	-572
-479	663	-615
-452	671	-601
-400	686	-596
-353	649	-589
-349	696	-589
-389	761	-568
-450	808	-577
-504	771	-584
-506	739	-505
-472	716	-416
-464	743	-381
-479	771	-418
-489	787	-445
-501	817	-423
-498	790	-372
-487	775	-381
-481	748	-369
-449	783	-385
-432	807	-404
-402	799	-397
-408	792	-389
-439	791	-392
-477	796	-424
-488	807	-440
-468	798	-456
-464	784	-442
-455	796	-418
-461	776	-424
-473	752	-433
-488	771	-432
-482	766	-416
-479	783	-441
-477	775	-437
-474	787	-424
-480	775	-420
-482	775	-416
-482	775	-407
-487	769	-424
-487	755	-428
-484	752	-426
-482	752	-433
-485	760	-425
-495	764	-424
-496	755	-429
-497	760	-429
-493	761	-429
-497	760	-423
-497	752	-429
-504	745	-429
-497	759	-434
-509	758	-437
-493	761	-429
-505	775	-440
-495	745	-445
-504	752	-449
-500	764	-449
-501	764	-461
-500	760	-456
-488	752	-448
-493	751	-448
-492	740	-445
-489	736	-442
-487	755	-441
-497	743	-435
-488	755	-426
-493	776	-429
-496	775	-433
-493	780	-420
-489	780	-410
-496	763	-409
-504	769	-407
-497	775	-410
-490	775	-400
-488	767	-409
-492	775	-413
-493	780	-408
-484	771	-408
-484	787	-409
-485	783	-402
-482	790	-405
-481	772	-407
-484	767	-404
-484	777	-400
-488	775	-409
-497	791	-404
-493	784	-409
-488	780	-409
-493	777	-413
-492	769	-400
-497	769	-404
-497	772	-402
-500	764	-400
-496	776	-409
-496	772	-410
-495	772	-415
-490	769	-412
-500	764	-413
-498	763	-409
-497	768	-413
-496	764	-415
-497	775	-416
-497	767	-418
-503	764	-420
-500	761	-417
-498	769	-420
-495	760	-417
-497	764	-413
-498	768	-408
-498	771	-405
-500	774	-404
-503	783	-402
-498	787	-402
-497	782	-397
-500	782	-388
-498	771	-388
-500	759	-381
-512	753	-397
-522	744	-400
-525	742	-408
-525	728	-420
-522	681	-420
-546	649	-416
-605	671	-441
-657	743	-447
-637	771	-436
-585	723	-409
-576	643	-410
-577	615	-409
-578	636	-409
-591	692	-386
-641	707	-423
-672	737	-449
-689	780	-465
-680	819	-488
-644	835	-479
-569	835	-498
-466	771	-514
-381	689	-492
-305	643	-437
-281	672	-394
-345	755	-381
-493	860	-389
-605	831	-436
-575	719	-389
-500	664	-333
-488	679	-345
-535	692	-388
-594	712	-377
-637	728	-333
-650	729	-324
-629	775	-377
-613	792	-408
-637	839	-410
-656	812	-452
-618	830	-481
-528	839	-521
-392	748	-497
-330	600	-436
-413	563	-477
-506	657	-442
-520	800	-377
-479	796	-376
-466	671	-365
-516	615	-365
-584	665	-381
-616	728	-416
-631	751	-450
-658	784	-482
-697	775	-479
-737	799	-456
-712	764	-473
-612	796	-487
-477	776	-516
-362	713	-504
-301	696	-424
-305	716	-330
-418	809	-317
-536	878	-407
-538	758	-401
-481	671	-310
-456	668	-285
-477	728	-285
-505	775	-306
-552	814	-321
-593	803	-300
-626	815	-328
-648	848	-381
-637	889	-368
-664	911	-424
-625	827	-432
-562	779	-400
-511	771	-461
-409	647	-437
-394	559	-393
-482	536	-400
-581	630	-365
-596	780	-386
-532	816	-433
-488	711	-383
-520	639	-385
-592	665	-381
-625	720	-349
-616	728	-351
-648	760	-385
-669	788	-409
-698	830	-400
-705	831	-397
-674	835	-416
-567	793	-441
-436	697	-458
-356	647	-441
-328	675	-352
-353	787	-284
-447	910	-365
-520	886	-442
-509	711	-349
-489	671	-296
-495	679	-305
-540	771	-330
-568	811	-381
-594	812	-375
-621	823	-393
-637	856	-440
-626	924	-429
-591	880	-456
-596	831	-472
-564	783	-482
-441	627	-448
-388	527	-402
-456	491	-426
-562	504	-453
-648	630	-449
-632	700	-449
-538	711	-385
-506	638	-385
-562	622	-420
-644	671	-418
-687	764	-402
-680	777	-397
-660	751	-426
-658	707	-445
-687	760	-444
-656	787	-404
-576	839	-404
-464	825	-440
-402	755	-417
-352	705	-354
-349	716	-289
-410	799	-312
-493	908	-372
-553	860	-392
-532	728	-338
-509	687	-298
-520	710	-295
-520	737	-308
-528	767	-343
-554	787	-297
-607	819	-297
-634	844	-338
-633	886	-313
-644	919	-328
-657	835	-332
-657	827	-352
-591	803	-400
-449	712	-377
-369	609	-345
-436	592	-349
-569	657	-335
-658	793	-304
-621	817	-285
-568	734	-239
-575	654	-245
-629	652	-264
-656	707	-232
-649	744	-213
-653	732	-236
-701	748	-260
-733	739	-280
-773	785	-273
-762	799	-292
-703	792	-273
-637	806	-301
-580	739	-365
-516	752	-353
-463	736	-320
-421	732	-280
-436	793	-236
-537	857	-274
-620	817	-324
-596	691	-253
-556	623	-197
-541	659	-193
-562	764	-200
-601	761	-209
-665	752	-180
-712	760	-196
-730	819	-263
-689	887	-237
-671	927	-217
-680	880	-225
-679	835	-204
-656	840	-282
-578	764	-356
-468	623	-324
-473	553	-308
-548	553	-320
-617	675	-277
-605	814	-280
-557	814	-234
-520	695	-215
-578	654	-240
-652	687	-252
-679	713	-257
-680	761	-247
-693	831	-260
-705	843	-272
-746	839	-281
-764	808	-290
-672	811	-301
-551	792	-329
-439	724	-324
-365	719	-260
-369	784	-169
-441	860	-168
-528	924	-236
-551	793	-249
-533	720	-184
-538	687	-148
-565	728	-154
-604	792	-207
-637	792	-223
-676	801	-226
-697	803	-253
-697	872	-245
-696	928	-295
-663	864	-370
-632	803	-386
-562	732	-392
-481	632	-376
-477	568	-392
-536	579	-377
-616	703	-336
-633	774	-321
-557	745	-269
-528	664	-276
-570	615	-308
-642	655	-298
-685	711	-288
-697	748	-279
-712	822	-284
-705	839	-322
-701	824	-321
-703	814	-327
-616	870	-365
-469	800	-360
-392	688	-336
-418	696	-253
-464	768	-183
-517	871	-232
-532	865	-290
-509	748	-226
-527	688	-207
-544	692	-191
-584	739	-181
-633	780	-223
-656	769	-209
-672	777	-223
-705	815	-280
-724	887	-236
-738	937	-268
-717	857	-320
-666	809	-353
-559	716	-386
-442	615	-349
-428	598	-311
-514	627	-292
-599	740	-263
-592	785	-260
-569	727	-242
-580	652	-248
-628	655	-274
-673	704	-266
-685	723	-250
-690	735	-256
-712	782	-253
-735	803	-247
-776	830	-269
-772	832	-273
-653	856	-289
-482	823	-326
-381	713	-345
-402	711	-252
-441	760	-121
-529	889	-144
-561	864	-223
-541	744	-197
-528	675	-152
-554	686	-148
-583	723	-160
-609	743	-228
-657	792	-249
-714	835	-239
-712	884	-242
-729	944	-271
-697	888	-340
-671	835	-369
-621	791	-413
-501	679	-402
-415	575	-349
-452	548	-354
-544	619	-327
-621	731	-293
-620	748	-296
-586	702	-281
-580	636	-296
-609	665	-305
-650	719	-282
-665	732	-272
-682	772	-279
-689	825	-282
-706	847	-304
-709	814	-311
-689	783	-321
-610	795	-332
-548	775	-420
-434	743	-381
-392	737	-268
-456	771	-225
-576	822	-258
-623	775	-301
-569	652	-252
-552	611	-196
-565	663	-180
-600	727	-193
-649	756	-234
-697	755	-250
-721	771	-288
-717	847	-269
-730	918	-285
-724	857	-356
-657	780	-338
-596	792	-372
-520	723	-424
-436	639	-359
-461	598	-325
-544	647	-301
-576	776	-281
-552	819	-269
-527	720	-217
-562	624	-237
-633	632	-264
-669	700	-247
-666	740	-268
-669	787	-292
-690	819	-301
-728	831	-312
-759	856	-328
-724	846	-360
-624	862	-380
-513	752	-409
-441	656	-392
-378	615	-276
-434	703	-232
-557	803	-255
-616	798	-325
-584	715	-306
-548	679	-240
-536	680	-220
-573	721	-233
-621	734	-264
-655	751	-266
-671	792	-258
-674	859	-298
-673	860	-293
-700	831	-301
-721	766	-329
-708	787	-362
-632	792	-431
-489	687	-389
-441	556	-377
-520	563	-420
-602	663	-305
-609	831	-192
-580	782	-202
-548	622	-210
-576	627	-217
-637	676	-225
-677	735	-217
-697	806	-197
-701	847	-205
-701	879	-209
-737	867	-216
-756	859	-265
-656	927	-305
-456	856	-276
-335	707	-288
-344	652	-272
-408	689	-193
-549	887	-217
-623	960	-279
-573	796	-215
-557	659	-216
-577	638	-217
-585	655	-199
-633	707	-218
-685	748	-232
-720	799	-253
-730	847	-217
-745	932	-199
-760	881	-300
-732	848	-415
-628	816	-469
-432	625	-381
-365	511	-321
-437	561	-282
-541	705	-205
-559	816	-250
-532	806	-300
-504	687	-269
-552	750	-258
-608	803	-261
-608	766	-271
-633	798	-321
-672	807	-344
-746	860	-317
-792	847	-354
-724	780	-381
-589	780	-381
-439	784	-441
-353	735	-404
-341	686	-249
-477	691	-218
-612	748	-292
-604	729	-324
-530	684	-264
-536	691	-226
-578	734	-249
-618	767	-281
-637	748	-276
-679	721	-333
-705	767	-353
-744	920	-250
-808	963	-344
-772	809	-405
-660	764	-388
-514	648	-416
-418	560	-388
-442	556	-328
-564	627	-292
-655	759	-319
-592	739	-333
-497	678	-290
-481	609	-271
-584	667	-296
-672	729	-311
-664	737	-314
-666	780	-354
-669	816	-372
-720	864	-377
-772	856	-372
-733	831	-383
-576	796	-392
-394	672	-404
-324	625	-392
-353	700	-296
-504	862	-260
-633	876	-332
-605	703	-288
-561	583	-224
-589	590	-231
-634	664	-225
-660	716	-249
-697	734	-324
-729	771	-397
-719	824	-375
-729	920	-397
-709	862	-500
-637	760	-472
-541	668	-484
-447	583	-472
-432	553	-416
-509	588	-445
-589	704	-404
-564	728	-324
-506	700	-303
-506	665	-308
-559	620	-317
-637	688	-352
-660	716	-354
-660	715	-349
-708	771	-354
-735	803	-360
-769	806	-381
-749	783	-409
-665	812	-404
-537	776	-425
-404	686	-415
-349	606	-367
-391	652	-266
-557	807	-255
-644	915	-409
-581	752	-376
-532	643	-272
-561	652	-272
-596	692	-272
-613	704	-274
-640	696	-301
-657	716	-314
-676	798	-276
-706	876	-297
-744	880	-372
-696	792	-416
-628	798	-452
-516	752	-520
-381	681	-474
-346	644	-410
-449	704	-352
-516	847	-288
-493	840	-280
-464	721	-217
-503	623	-231
-576	668	-247
-623	752	-229
-631	799	-233
-669	796	-273
-737	811	-319
-777	856	-297
-776	855	-312
-708	839	-313
-577	839	-330
-482	816	-413
-388	734	-392
-332	691	-264
-407	716	-202
-559	803	-260
-599	822	-308
-532	721	-216
-512	691	-154
-557	692	-180
-623	740	-173
-672	771	-192
-733	792	-228
-733	783	-269
-720	841	-189
-729	903	-167
-765	784	-312
-749	711	-400
-676	743	-456
-509	643	-441
-388	539	-378
-436	568	-386
-528	675	-376
-561	780	-345
-545	735	-296
-564	664	-296
-604	651	-319
-650	664	-333
-676	670	-360
-712	707	-385
-740	780	-392
-760	782	-400
-776	799	-401
-732	744	-450
-601	716	-490
-433	710	-500
-353	636	-453
-354	726	-370
-441	832	-340
-575	846	-429
-589	729	-386
-528	612	-258
-522	563	-249
-577	609	-296
-644	689	-340
-697	745	-389
-717	774	-433
-708	812	-388
-725	892	-327
-761	911	-439
-721	783	-498
-564	689	-477
-404	579	-420
-365	511	-385
-461	579	-392
-576	704	-433
-585	800	-408
-525	780	-333
-508	700	-297
-544	617	-305
-616	600	-330
-685	671	-338
-697	743	-349
-704	772	-360
-729	788	-344
-778	848	-328
-761	822	-372
-685	847	-426
-530	856	-442
-373	591	-400
-328	574	-320
-400	663	-252
-535	792	-324
-609	876	-391
-570	775	-296
-521	703	-196
-530	743	-210
-580	691	-228
-650	739	-242
-724	856	-295
-749	926	-281
-757	985	-297
-724	972	-434
-589	774	-441
-385	568	-296
-369	524	-245
-464	545	-320
-580	699	-436
-580	902	-449
-533	820	-385
-521	611	-296
-561	572	-274
-628	654	-301
-660	652	-296
-688	727	-271
-735	819	-280
-773	857	-274
-785	855	-298
-753	803	-322
-697	873	-352
-557	833	-333
-368	639	-246
-351	696	-169
-436	755	-148
-580	799	-175
-647	782	-181
-634	686	-129
-605	671	-80
-601	723	-80
-632	715	-89
-698	707	-167
-728	752	-201
-736	871	-105
-777	1008	-58
-800	952	-180
-751	748	-249
-671	780	-288
-527	643	-271
-436	632	-210
-481	659	-193
-557	751	-141
-584	839	-100
-569	759	-96
-569	659	-100
-612	635	-100
-672	679	-109
-704	745	-136
-752	791	-143
-776	828	-153
-783	910	-170
-761	887	-160
-729	791	-168
-689	799	-229
-578	772	-274
-472	668	-249
-452	703	-138
-538	713	-95
-671	719	-202
-665	649	-212
-616	632	-127
-608	711	-124
-617	739	-141
-623	784	-129
-648	787	-128
-738	775	-193
-866	800	-249
-932	880	-247
-881	820	-293
-727	612	-336
-572	691	-317
-525	665	-356
-528	617	-396
-560	631	-329
-589	750	-193
-561	809	-188
-519	720	-173
-524	624	-159
-600	638	-180
-660	721	-178
-704	787	-189
-752	840	-200
-793	886	-193
-800	912	-180
-781	835	-210
-738	787	-233
-676	715	-244
-557	608	-191
-441	572	-145
-416	582	-116
-479	720	-121
-618	960	-148
-671	931	-170
-658	828	-161
-620	593	-136
-612	620	-127
-616	688	-109
-624	664	-154
-644	744	-193
-708	920	-132
-746	903	-141
-756	889	-136
-769	799	-200
-740	775	-273
-656	875	-320
-433	809	-240
-372	679	-207
-441	663	-156
-457	828	-80
-497	937	-128
-537	812	-133
-568	673	-116
-560	700	-82
-546	819	-88
-586	863	-113
-655	843	-177
-722	835	-216
-729	921	-149
-672	1008	-162
-564	1087	-205
-448	940	-304
-353	808	-327
-296	705	-208
-364	692	-168
-573	784	-200
-681	694	-239
-673	628	-180
-649	647	-144
-624	647	-164
-609	704	-213
-625	752	-207
-689	844	-212
-737	856	-176
-776	918	-63
-817	895	-116
-783	856	-207
-680	791	-202
-578	835	-180
-505	719	-200
-481	547	-199
-505	614	-129
-588	700	-114
-621	799	-84
-596	771	-113
-589	681	-129
-605	652	-138
-680	731	-153
-708	798	-153
-708	831	-153
-692	839	-173
-677	920	-146
-704	856	-178
-729	883	-250
-680	838	-301
-573	803	-350
-458	689	-340
-381	579	-285
-391	617	-186
-525	831	-167
-649	924	-255
-610	807	-215
-580	691	-154
-609	632	-176
-657	639	-213
-693	657	-263
-737	759	-306
-752	831	-306
-762	911	-241
-765	924	-303
-712	807	-340
-685	768	-313
-676	752	-345
-568	580	-333
-488	444	-292
-516	412	-305
-616	492	-369
-692	662	-372
-661	679	-360
-592	654	-364
-580	648	-364
-616	568	-393
-695	579	-452
-729	579	-495
-749	624	-552
-713	716	-592
-679	742	-629
-608	675	-653
-560	632	-730
-492	604	-792
-392	404	-737
-343	310	-640
-359	391	-649
-421	560	-712
-480	671	-833
-463	627	-777
-473	540	-692
-505	467	-601
-541	503	-516
-569	679	-474
-605	668	-498
-649	596	-474
-676	743	-488
-685	927	-442
-690	839	-400
-695	737	-386
-687	727	-402
-592	764	-394
-473	679	-340
-413	624	-313
-452	560	-297
-557	688	-281
-625	812	-254
-570	857	-210
-516	743	-162
-495	679	-225
-520	601	-225
-642	622	-328
-676	878	-337
-685	1019	-272
-672	908	-288
-672	784	-375
-637	831	-281
-589	907	-317
-509	971	-308
-353	814	-289
-300	646	-336
-285	636	-296
-344	740	-257
-472	1011	-353
-488	1049	-365
-424	790	-309
-441	721	-281
-479	727	-196
-505	723	-146
-564	827	-200
-609	831	-261
-687	833	-328
-685	816	-276
-687	923	-234
-680	883	-312
-673	868	-391
-580	856	-449
-432	731	-468
-356	619	-426
-381	542	-434
-466	615	-450
-544	748	-432
-537	847	-420
-497	756	-325
-517	665	-281
-589	643	-293
-632	751	-285
-625	796	-242
-596	847	-213
-584	927	-192
-652	953	-145
-703	915	-196
-621	927	-264
-495	852	-249
-436	905	-241
-325	748	-250
-297	750	-209
-362	902	-103
-528	902	-146
-573	809	-185
-488	680	-45
-420	671	-29
-484	787	-111
-560	835	-103
-578	828	-130
-616	910	-276
-585	888	-244
-583	1008	-189
-615	1016	-240
-628	895	-241
-633	940	-212
-551	904	-229
-407	718	-160
-360	624	-164
-468	697	-215
-570	700	-189
-537	871	-89
-504	815	-185
-516	739	-194
-525	688	-161
-618	711	-148
-621	783	-161
-640	892	-258
-615	988	-273
-572	1159	-329
-592	803	-312
-594	876	-340
-505	935	-428
-353	803	-433
-237	721	-324
-221	745	-226
-305	799	-231
-429	905	-305
-458	803	-320
-441	736	-237
-464	732	-224
-498	787	-217
-520	911	-212
-512	937	-210
-546	926	-282
-575	891	-303
-621	990	-269
-621	956	-325
-599	903	-353
-569	857	-416
-500	764	-428
-433	639	-409
-425	561	-388
-468	568	-373
-525	732	-359
-532	856	-303
-488	835	-232
-477	734	-185
-520	684	-212
-586	656	-244
-628	736	-272
-663	851	-261
-661	952	-271
-653	999	-285
-689	992	-277
-681	847	-328
-544	798	-313
-359	844	-264
-248	769	-232
-264	771	-217
-338	827	-130
-481	952	-188
-554	935	-207
-524	743	-162
-500	636	-141
-504	752	-116
-519	889	-108
-525	880	-153
-544	831	-205
-573	918	-189
-593	1025	-88
-613	1049	-136
-637	902	-273
-585	816	-313
-517	847	-349
-408	744	-333
-346	688	-288
-377	691	-287
-452	795	-281
-445	876	-244
-445	847	-217
-468	776	-175
-540	759	-201
-581	729	-242
-589	760	-247
-596	831	-240
-636	847	-276
-658	776	-296
-697	867	-346
-668	864	-420
-640	736	-501
-591	643	-672
-447	608	-685
-313	606	-596
-296	603	-516
-353	708	-541
-442	750	-665
-488	553	-672
-508	452	-562
-528	534	-509
-553	551	-544
-569	606	-567
-575	627	-617
-580	639	-701
-602	704	-752
-617	777	-732
-605	704	-753
-584	572	-749
-541	569	-717
-468	528	-708
-400	483	-637
-392	436	-605
-452	448	-601
-509	540	-567
-517	641	-537
-517	632	-509
-525	572	-472
-561	543	-477
-623	606	-494
-655	662	-497
-689	647	-497
-724	696	-509
-729	736	-513
-720	735	-508
-687	718	-513
-616	788	-538
-516	707	-536
-392	567	-466
-346	579	-405
-359	704	-365
-458	862	-404
-560	899	-504
-545	719	-444
-544	556	-349
-557	527	-317
-592	632	-340
-620	716	-357
-629	739	-385
-656	719	-445
-680	727	-468
-701	819	-437
-705	844	-537
-689	812	-647
-596	795	-665
-428	665	-516
-356	531	-412
-409	497	-458
-508	577	-480
-557	651	-433
-545	729	-400
-528	691	-364
-532	627	-337
-589	662	-388
-609	667	-409
-617	710	-413
-637	803	-424
-666	851	-448
-689	831	-457
-677	847	-480
-567	828	-464
-441	704	-468
-353	641	-458
-321	708	-391
-380	883	-340
-503	870	-400
-537	696	-416
-530	622	-333
-541	625	-266
-569	663	-266
-589	675	-295
-610	695	-368
-629	728	-413
-637	774	-402
-634	827	-333
-677	883	-412
-680	783	-532
-658	772	-609
-570	732	-599
-444	614	-488
-409	571	-464
-450	599	-458
-497	662	-407
-516	721	-404
-525	678	-354
-535	598	-317
-581	628	-353
-618	688	-400
-621	745	-399
-648	785	-441
-689	785	-453
-705	832	-456
-665	846	-481
-564	911	-487
-410	774	-477
-303	639	-436
-290	680	-343
-404	782	-345
-569	769	-457
-599	711	-461
-541	659	-357
-519	656	-324
-525	691	-370
-554	691	-392
-601	702	-396
-645	694	-394
-687	705	-380
-717	804	-353
-714	843	-416
-685	799	-498
-663	828	-541
-584	760	-583
-450	632	-493
-397	563	-425
-456	564	-433
-517	632	-413
-521	744	-385
-493	796	-329
-500	692	-304
-576	654	-321
-644	703	-328
-633	742	-308
-625	783	-308
-664	769	-320
-709	772	-336
-753	792	-351
-730	796	-377
-644	860	-375
-554	851	-432
-452	719	-399
-349	662	-306
-372	675	-241
-516	767	-313
-616	803	-374
-599	700	-340
-572	611	-287
-561	659	-261
-569	696	-287
-576	704	-329
-613	737	-369
-649	830	-353
-665	910	-296
-634	876	-253
-650	824	-317
-640	764	-329
-637	711	-324
-644	876	-481
-465	743	-453
-361	628	-437
-385	671	-404
-400	824	-298
-402	880	-285
-461	792	-260
-504	607	-256
-605	680	-284
-656	828	-233
-612	831	-200
-592	831	-231
-592	812	-232
-628	816	-193
-671	915	-223
-682	911	-296
-616	896	-345
-487	902	-454
-317	713	-420
-260	604	-392
-306	755	-413
-386	803	-372
-481	934	-464
-468	816	-441
-481	679	-408
-549	700	-370
-548	659	-313
-500	718	-237
-584	787	-308
-644	867	-276
-706	875	-296
-749	923	-392
-697	980	-605
-561	947	-661
-385	720	-609
-289	540	-477
-345	511	-409
-404	583	-388
-480	728	-404
-527	764	-447
-522	711	-452
-497	611	-369
-503	647	-349
-551	689	-399
-609	748	-431
-672	796	-466
-728	827	-493
-773	838	-573
-761	876	-633
-680	879	-693
-477	783	-626
-281	616	-535
-217	587	-484
-221	588	-472
-253	684	-434
-351	830	-402
-429	838	-381
-465	759	-312
-477	691	-313
-480	672	-327
-490	726	-324
-568	775	-369
-644	820	-434
-655	816	-466
-628	798	-445
-681	799	-461
-776	724	-580
-741	668	-634
-639	664	-633
-460	593	-572
-357	632	-544
-377	643	-557
-409	664	-511
-455	687	-370
-544	678	-272
-567	599	-249
-608	616	-253
-605	604	-369
-653	696	-420
-616	719	-493
-599	761	-599
-525	728	-625
-497	775	-624
-471	774	-600
-400	790	-636
-320	748	-653
-226	662	-573
-178	624	-573
-185	639	-624
-231	655	-674
-268	659	-631
-288	684	-520
-313	704	-482
-345	748	-512
-375	758	-577
-381	768	-600
-378	798	-631
-370	807	-709
-322	816	-776
-285	803	-847
-236	736	-898
-196	668	-908
-167	681	-889
-125	575	-784
-113	507	-793
-116	537	-889
-109	577	-941
-100	579	-868
-84	591	-738
-120	511	-618
-168	534	-576
-228	548	-639
-239	543	-676
-233	620	-762
-212	734	-961
-185	776	-921
-196	787	-884
-239	799	-900
-210	769	-810
-116	638	-685
-49	577	-676
-5	553	-720
-2	569	-781
15	598	-757
14	620	-624
-48	644	-504
-151	688	-528
-226	704	-612
-263	700	-701
-274	729	-788
-311	792	-928
-306	764	-1000
-301	784	-969
-311	801	-941
-297	799	-932
-191	711	-777
-141	591	-672
-168	608	-737
-136	624	-831
-42	569	-749
9	567	-645
-16	563	-607
-82	504	-612
-153	487	-624
-233	543	-653
-322	632	-737
-349	750	-840
-308	883	-911
-324	876	-936
-320	791	-930
-205	736	-900
-32	599	-820
80	486	-721
68	444	-786
35	457	-793
-44	591	-816
-77	672	-761
-89	665	-642
-138	652	-623
-208	633	-697
-288	564	-740
-328	575	-729
-354	671	-808
-320	764	-911
-241	812	-928
-225	817	-962
-231	728	-977
-117	707	-961
41	624	-746
99	617	-704
104	619	-786
78	540	-740
23	476	-660
-36	480	-608
-106	536	-612
-165	551	-612
-196	601	-642
-241	659	-792
-248	720	-887
-202	835	-900
-148	950	-916
-109	972	-925
-55	867	-912
19	707	-719
71	588	-584
49	593	-645
40	590	-711
-15	558	-769
-52	575	-741
-81	556	-605
-127	607	-537
-185	638	-578
-241	652	-645
-280	656	-656
-309	736	-786
-301	815	-936
-255	807	-906
-241	840	-916
-252	838	-953
-196	793	-968
-105	609	-781
-40	585	-665
-36	590	-804
9	524	-848
56	451	-749
48	481	-697
3	483	-703
-49	511	-682
-97	542	-669
-153	567	-713
-196	697	-802
-180	841	-911
-127	920	-949
-160	887	-1000
-151	761	-957
-36	679	-930
92	547	-785
126	356	-729
103	352	-746
48	433	-791
41	524	-812
47	531	-744
39	519	-655
-36	568	-692
-113	574	-784
-144	556	-824
-157	600	-900
-136	719	-1071
-89	728	-1069
-82	776	-1028
-103	771	-1028
-100	663	-1041
-8	507	-920
56	462	-826
55	489	-880
15	487	-920
20	432	-868
35	377	-776
24	376	-711
-53	393	-697
-156	408	-692
-226	432	-693
-288	526	-810
-296	659	-1016
-239	760	-1090
-208	819	-1073
-168	839	-1017
-93	755	-897
11	572	-695
91	499	-681
137	495	-783
148	488	-807
83	548	-825
17	560	-752
-29	559	-617
-93	619	-570
-189	652	-655
-264	646	-721
-289	639	-781
-296	703	-908
-257	758	-991
-193	771	-976
-145	780	-973
-93	732	-1017
7	604	-895
64	543	-784
12	551	-802
-21	536	-825
-4	496	-776
20	511	-685
-10	551	-594
-64	572	-578
-136	601	-628
-186	655	-697
-210	702	-781
-205	811	-872
-178	899	-874
-202	974	-864
-232	915	-900
-146	766	-857
46	624	-732
159	596	-741
198	544	-735
167	527	-705
84	527	-657
-1	531	-583
-77	576	-537
-153	655	-554
-221	736	-656
-241	743	-810
-256	756	-909
-273	798	-978
-225	823	-954
-208	808	-884
-233	787	-871
-225	788	-890
-132	680	-791
-104	553	-720
-121	584	-808
-104	547	-881
-40	459	-753
6	481	-584
-26	531	-537
-121	523	-584
-194	511	-631
-232	540	-700
-249	664	-871
-250	774	-964
-250	934	-996
-241	1033	-990
-191	1014	-957
-45	760	-762
75	584	-633
124	566	-674
167	540	-727
143	504	-717
72	511	-615
-33	527	-557
-215	579	-647
-303	627	-760
-353	631	-753
-385	656	-816
-375	732	-936
-312	806	-993
-241	835	-991
-185	831	-994
-141	812	-1040
-56	684	-928
-2	608	-809
-13	582	-810
12	503	-762
51	375	-612
48	415	-520
6	487	-529
-66	511	-586
-144	552	-650
-204	638	-786
-260	775	-951
-248	883	-991
-185	987	-959
-157	1022	-951
-88	940	-944
28	803	-868
166	624	-760
243	519	-730
251	479	-697
182	487	-689
79	520	-687
-25	507	-631
-116	518	-605
-196	579	-672
-263	652	-770
-271	679	-800
-281	755	-825
-276	828	-906
-241	843	-928
-215	835	-922
-208	847	-948
-168	824	-978
-64	719	-901
7	627	-809
31	607	-812
59	585	-800
83	521	-689
63	489	-573
7	455	-537
-49	430	-522
-88	504	-552
-109	579	-663
-130	656	-925
-133	664	-1056
-74	700	-1164
-55	768	-1196
-31	783	-1165
56	639	-976
131	540	-817
152	511	-840
201	470	-884
215	473	-872
199	441	-744
118	444	-612
7	492	-557
-96	571	-577
-168	625	-617
-225	748	-765
-264	835	-877
-226	758	-858
-242	888	-889
-272	1011	-877
-209	1068	-901
-84	972	-853
63	852	-722
71	812	-697
60	824	-746
100	710	-688
124	572	-551
95	521	-441
39	487	-392
-20	508	-386
-89	563	-420
-160	663	-532
-208	835	-749
-239	939	-772
-202	1112	-765
-144	1270	-786
-45	1139	-751
60	865	-626
89	718	-650
115	639	-669
119	575	-645
83	575	-626
30	576	-592
-26	568	-528
-105	620	-530
-191	719	-584
-212	750	-616
-232	788	-741
-221	868	-890
-168	849	-897
-160	855	-946
-159	896	-1032
-106	860	-1025
-16	737	-869
22	688	-797
12	639	-820
48	603	-801
108	564	-676
120	548	-565
60	528	-541
-125	520	-592
-210	465	-632
-189	577	-589
-237	785	-569
-225	999	-580
-232	1123	-813
-266	908	-954
-164	851	-936
-49	775	-825
6	643	-665
-13	614	-639
-36	591	-641
-81	615	-689
-114	595	-625
-167	599	-497
-272	684	-476
-349	799	-516
-349	783	-528
-360	827	-653
-324	919	-818
-221	888	-769
-180	963	-751
-183	974	-778
-164	948	-818
-72	820	-697
-20	688	-544
-73	675	-604
-109	643	-665
-77	572	-584
-58	583	-473
-100	628	-447
-176	655	-485
-237	732	-551
-258	832	-599
-289	915	-697
-281	976	-736
-237	1075	-752
-231	1049	-777
-170	992	-753
-45	833	-624
48	727	-541
89	726	-553
115	703	-557
94	679	-514
15	655	-466
-97	667	-440
-218	720	-400
-311	807	-442
-320	823	-493
-312	849	-573
-287	916	-712
-191	932	-728
-148	931	-732
-153	942	-744
-130	934	-743
-73	903	-752
19	807	-672
83	715	-636
91	699	-712
89	679	-685
80	664	-568
48	683	-481
-32	663	-468
-167	646	-520
-258	655	-561
-330	735	-592
-360	852	-688
-360	927	-725
-328	991	-708
-328	1063	-720
-269	1075	-712
-136	952	-680
7	767	-604
83	639	-549
97	583	-530
47	576	-576
-61	639	-609
-144	638	-569
-215	646	-477
-311	732	-505
-393	812	-594
-383	801	-584
-376	836	-649
-359	883	-735
-314	880	-759
-313	899	-807
-292	924	-877
-189	887	-904
-48	783	-786
28	700	-724
3	633	-741
-24	560	-706
-32	540	-581
-63	590	-505
-136	608	-487
-244	625	-520
-311	684	-557
-320	792	-624
-313	847	-656
-301	902	-656
-316	979	-717
-319	992	-786
-255	972	-800
-141	841	-690
-52	663	-544
-47	590	-544
-80	569	-616
-135	583	-688
-177	600	-695
-221	632	-605
-298	716	-525
-370	775	-552
-385	766	-564
-392	736	-624
-389	779	-792
-325	793	-823
-264	811	-770
-264	865	-784
-241	836	-820
-189	784	-812
-121	702	-737
-104	647	-729
-116	600	-729
-88	575	-697
-77	595	-626
-128	608	-532
-236	612	-527
-344	662	-561
-377	697	-564
-375	747	-626
-372	815	-719
-340	867	-712
-313	926	-717
-305	926	-760
-264	896	-770
-160	772	-685
-79	656	-605
-65	609	-601
-66	591	-629
-100	599	-685
-127	591	-637
-161	647	-532
-241	728	-474
-333	782	-543
-356	775	-584
-353	752	-656
-370	816	-776
-328	831	-825
-269	831	-808
-258	855	-829
-240	880	-895
-157	822	-868
-49	719	-720
-49	686	-676
-97	648	-722
-89	590	-705
-68	608	-634
-87	615	-549
-157	615	-497
-298	623	-538
-400	668	-569
-388	712	-553
-364	817	-628
-320	920	-696
-253	967	-706
-255	948	-761
-234	913	-786
-125	764	-688
-31	668	-629
-21	620	-618
-56	584	-645
-112	593	-669
-164	579	-594
-228	609	-498
-336	678	-535
-404	726	-628
-372	688	-648
-357	721	-705
-328	792	-808
-272	788	-841
-255	796	-877
-248	838	-959
-161	825	-948
-29	743	-815
-13	716	-738
-64	679	-778
-49	600	-738
-24	561	-644
-45	617	-594
-104	624	-560
-228	627	-592
-320	691	-605
-352	748	-640
-345	803	-752
-308	839	-789
-281	903	-712
-277	911	-682
-281	856	-676
-215	744	-570
-160	624	-532
-176	628	-609
-193	688	-647
-203	748	-626
-247	751	-488
-316	726	-369
-409	728	-346
-480	716	-409
-465	667	-441
-440	689	-496
-421	800	-626
-377	838	-649
-349	840	-612
-385	880	-644
-383	839	-649
-376	828	-709
-316	775	-672
-242	735	-637
-247	723	-712
-223	707	-740
-150	655	-612
-125	647	-506
-180	623	-517
-249	583	-549
-289	625	-560
-322	668	-609
-336	736	-666
-356	824	-761
-340	871	-754
-332	911	-772
-320	969	-816
-212	916	-727
-84	757	-610
-31	700	-561
6	670	-567
15	641	-617
-34	681	-687
-61	732	-663
-61	726	-528
-89	766	-432
-157	753	-480
-244	711	-577
-288	708	-657
-253	780	-706
-196	862	-757
-119	899	-808
-111	913	-850
-140	903	-840
-144	899	-825
-95	864	-754
-28	760	-633
-23	700	-644
-49	694	-725
-31	675	-749
12	643	-679
7	627	-580
-55	563	-524
-173	547	-536
-272	588	-546
-328	655	-596
-343	783	-765
-330	864	-848
-285	908	-804
-281	919	-807
-273	887	-769
-192	776	-685
-103	657	-592
-44	657	-592
14	652	-612
9	668	-623
-8	664	-584
-39	655	-530
-100	702	-527
-162	745	-557
-194	772	-577
-207	798	-621
-212	865	-740
-200	920	-881
-152	926	-912
-120	905	-897
-85	849	-874
-16	764	-826
38	657	-770
7	628	-818
6	638	-807
60	595	-673
87	583	-554
60	543	-522
-29	499	-576
-133	528	-584
-212	601	-640
-263	759	-833
-247	864	-909
-209	948	-872
-228	1001	-884
-185	991	-857
-29	796	-673
59	696	-586
67	657	-645
89	592	-676
57	558	-668
20	568	-610
-18	571	-562
-41	600	-514
-72	704	-584
-117	721	-692
-151	744	-831
-136	847	-833
-82	915	-769
-100	932	-805
-137	920	-866
-116	891	-929
-37	857	-913
71	764	-793
102	707	-732
71	671	-797
56	572	-757
78	543	-639
81	543	-544
32	545	-535
-48	521	-544
-116	563	-544
-164	623	-575
-215	784	-730
-234	919	-873
-199	961	-916
-180	1003	-932
-143	993	-877
-39	856	-733
63	675	-602
108	647	-647
143	588	-697
123	563	-719
79	551	-656
30	574	-580
-45	616	-546
-141	694	-557
-200	711	-586
-218	743	-652
-220	871	-817
-161	910	-852
-114	912	-857
-129	911	-893
-119	881	-927
-65	831	-948
40	745	-816
86	679	-705
51	639	-708
35	591	-720
49	555	-664
49	551	-581
-8	575	-568
-80	595	-540
-161	622	-543
-196	681	-573
-209	801	-665
-205	908	-797
-146	956	-786
-137	966	-781
-143	974	-778
-103	889	-751
-20	744	-645
24	684	-633
86	663	-647
121	625	-660
83	615	-663
24	616	-609
-36	628	-575
-104	681	-561
-165	716	-592
-192	745	-633
-177	782	-705
-176	843	-785
-122	879	-812
-72	841	-816
-89	855	-840
-103	815	-839
-88	783	-829
-36	736	-745
7	656	-647
-16	654	-697
-25	676	-784
28	652	-764
71	636	-656
48	644	-602
-18	611	-585
-89	623	-576
-122	615	-552
-161	659	-613
-200	784	-773
-185	879	-861
-176	899	-825
-161	928	-873
-116	908	-881
-24	823	-776
81	728	-680
118	715	-679
110	672	-633
49	668	-633
-4	655	-596
-49	648	-525
-106	686	-461
-175	745	-477
-212	783	-503
-207	784	-504
-234	851	-593
-240	908	-674
-213	899	-676
-225	937	-700
-232	967	-756
-207	963	-804
-98	812	-674
-68	739	-612
-88	728	-705
-64	671	-744
-13	627	-663
-10	622	-600
-80	600	-565
-185	567	-521
-317	584	-557
-377	623	-585
-373	739	-631
-328	855	-733
-289	911	-728
-308	948	-729
-308	908	-719
-213	863	-690
-73	787	-656
39	716	-639
72	676	-610
12	655	-616
-100	654	-672
-154	600	-604
-186	574	-514
-274	616	-552
-353	659	-644
-353	675	-692
-338	736	-788
-313	828	-921
-244	864	-929
-210	864	-889
-201	777	-897
-175	726	-912
-96	639	-764
-72	553	-648
-154	572	-689
-180	575	-756
-106	561	-724
-48	560	-617
-32	577	-621
-61	536	-672
-81	551	-697
-97	627	-722
-97	743	-845
-68	832	-945
-25	920	-921
16	948	-877
35	960	-855
176	852	-853
278	561	-612
207	575	-617
127	563	-708
75	515	-727
36	527	-688
3	575	-645
-52	668	-653
-101	696	-669
-144	665	-673
-193	668	-744
-189	739	-887
-130	767	-936
-88	768	-976
-25	792	-1028
94	767	-1037
209	639	-799
167	588	-633
96	712	-681
120	736	-712
159	655	-613
143	616	-561
102	611	-600
56	622	-585
-8	623	-617
-88	652	-660
-153	688	-745
-165	816	-905
-113	911	-890
-61	944	-820
-40	967	-770
38	856	-717
176	723	-676
248	638	-665
263	655	-673
207	651	-680
143	636	-650
83	601	-561
6	601	-506
-80	630	-537
-128	652	-612
-137	675	-684
-145	780	-812
-87	859	-856
-31	895	-889
-44	908	-921
-49	895	-909
-15	857	-887
46	712	-729
44	623	-609
1	675	-674
7	679	-740
64	624	-665
105	608	-585
83	600	-612
47	563	-592
8	568	-575
-40	587	-616
-93	680	-781
-109	799	-994
-84	883	-991
-106	867	-921
-148	895	-943
-23	856	-780
118	750	-682
180	705	-772
231	591	-785
214	489	-772
120	523	-725
27	568	-648
-73	588	-584
-172	662	-586
-231	696	-596
-263	695	-648
-281	768	-797
-258	782	-887
-228	758	-871
-225	803	-845
-221	816	-880
-193	771	-877
-130	688	-729
-97	681	-655
-95	696	-717
-82	647	-729
-80	583	-668
-95	591	-609
-122	606	-573
-178	593	-577
-264	615	-601
-328	616	-610
-386	654	-674
-404	759	-820
-365	830	-850
-360	903	-841
-356	945	-961
-200	951	-865
22	775	-536
110	681	-544
124	603	-618
88	572	-685
1	652	-695
-89	664	-600
-178	702	-541
-244	712	-565
-296	689	-609
-336	695	-672
-362	704	-714
-356	753	-732
-325	836	-788
-320	919	-957
-313	969	-1085
-184	864	-797
-104	728	-466
-113	639	-524
-74	652	-719
-26	560	-720
-20	552	-609
-97	611	-618
-168	543	-628
-218	536	-586
-269	615	-583
-306	672	-610
-296	788	-802
-237	896	-932
-173	961	-900
-160	983	-904
-112	1001	-857
39	854	-608
121	755	-484
103	721	-548
112	643	-632
91	617	-626
35	652	-567
-64	664	-516
-159	689	-519
-239	691	-564
-289	680	-601
-354	742	-689
-373	839	-823
-327	883	-865
-303	908	-866
-276	895	-825
-217	844	-783
-138	736	-690
-98	659	-674
-100	639	-711
-100	614	-729
-106	519	-733
-136	600	-753
-122	614	-586
-175	684	-564
-281	686	-637
-335	603	-616
-365	526	-644
-392	595	-749
-381	720	-820
-333	855	-808
-269	915	-717
-201	943	-704
-121	959	-692
-13	833	-649
31	752	-634
-8	670	-636
-64	624	-644
-96	591	-610
-136	588	-585
-184	600	-596
-232	647	-647
-273	719	-687
-273	766	-728
-272	854	-785
-245	927	-836
-212	931	-856
-191	908	-881
-141	835	-861
-45	720	-776
1	655	-708
-25	643	-733
-60	622	-784
-42	592	-749
-15	604	-647
-36	576	-569
-122	568	-573
-232	588	-588
-317	601	-601
-360	617	-652
-392	811	-754
-356	924	-748
-333	960	-730
-343	951	-821
-249	814	-834
-84	679	-721
12	649	-673
72	654	-665
96	623	-626
22	657	-632
-66	680	-618
-100	664	-559
-133	668	-513
-186	696	-569
-223	718	-631
-237	728	-663
-289	764	-778
-264	804	-805
-180	880	-824
-133	892	-892
-122	919	-1000
-49	880	-968
39	756	-708
7	568	-554
-33	591	-615
-61	619	-672
-29	598	-644
-29	639	-660
-40	643	-656
-45	583	-632
-66	636	-612
-84	687	-617
-100	784	-697
-66	932	-801
33	956	-794
71	999	-793
73	958	-793
143	860	-762
230	704	-712
287	587	-669
272	545	-636
206	561	-621
121	632	-633
73	631	-605
28	632	-573
-36	697	-575
-96	772	-612
-114	828	-634
-93	822	-665
-84	832	-732
-93	963	-849
-76	999	-933
-25	961	-948
41	903	-928
145	713	-717
159	617	-658
127	647	-753
127	596	-737
112	572	-599
68	606	-516
28	604	-527
-16	604	-562
-47	655	-564
-72	700	-576
-84	759	-637
-95	871	-778
-88	960	-836
-60	1003	-823
-25	1014	-808
56	977	-754
176	766	-592
152	636	-615
91	686	-697
-65	822	-905
-241	919	-951
-381	803	-840
-464	840	-801
-534	793	-788
-649	631	-765
-697	511	-589
-754	543	-536
-813	278	-466
-908	215	-193
-845	103	71
-829	236	-116
-753	177	-212
-708	136	-64
-712	179	71
-717	196	179
-733	199	291
-752	241	351
-821	275	355
-848	246	348
-889	206	304
-920	192	287
-948	215	268
-909	239	391
-968	231	391
-1028	291	337
-1104	319	336
-1021	367	390
-889	440	360
-773	411	268
-696	342	195
-716	331	248
-848	342	288
-967	336	423
-957	300	476
-852	212	423
-712	193	339
-612	264	332
-613	318	368
-744	324	335
-786	348	276
-841	382	196
-777	342	135
-856	423	38
-769	476	-105
-857	599	-281
-825	704	-333
-744	775	-437
-641	747	-576
-473	721	-655
-305	711	-634
-260	760	-656
-266	700	-633
-258	739	-725
-305	759	-840
-320	692	-932
-305	680	-983
-253	751	-928
-221	846	-912
-189	855	-837
-144	839	-799
-26	743	-697
124	591	-548
156	601	-528
120	651	-628
71	696	-720
56	644	-653
16	704	-589
-50	755	-591
-88	792	-585
-124	865	-608
-117	894	-636
-104	942	-684
-45	975	-769
19	960	-881
67	920	-933
112	848	-913
137	726	-749
120	592	-656
80	577	-672
92	595	-644
88	574	-541
47	609	-501
-9	688	-605
-18	689	-663
6	671	-657
15	728	-680
14	812	-728
22	881	-737
31	972	-765
32	1039	-749
22	1063	-725
39	1003	-660
110	796	-456
118	675	-416
96	655	-504
94	656	-608
76	665	-618
51	659	-551
14	711	-484
-39	756	-468
-80	815	-474
-116	806	-487
-159	888	-564
-109	991	-647
-24	985	-695
-9	988	-753
-15	944	-751
-33	896	-765
-16	822	-728
-13	801	-690
-1	777	-674
31	750	-658
73	692	-601
79	664	-541
64	624	-537
63	577	-553
70	580	-537
44	632	-557
7	740	-711
14	844	-832
49	891	-748
14	928	-695
-52	1047	-817
48	960	-724
184	876	-578
167	832	-548
152	769	-552
144	728	-584
127	643	-557
84	662	-528
19	732	-530
-25	768	-508
-42	736	-497
-64	828	-632
51	920	-717
167	835	-648
120	871	-711
62	876	-749
60	864	-770
108	808	-757
136	771	-706
159	777	-744
184	729	-757
195	696	-644
150	659	-569
127	587	-500
96	574	-508
36	599	-569
-8	632	-624
-29	652	-687
-61	782	-852
-74	942	-944
-87	967	-909
-97	990	-861
-77	940	-770
31	824	-605
152	766	-594
238	723	-668
240	672	-692
182	648	-656
123	611	-608
49	608	-544
-29	688	-548
-73	729	-537
-69	743	-519
-90	807	-573
-93	864	-697
-58	856	-720
-44	884	-697
-68	945	-729
-49	915	-746
31	864	-749
126	832	-717
195	812	-708
230	753	-711
192	647	-592
79	627	-505
11	615	-476
-73	604	-561
-119	631	-562
-135	639	-564
-160	710	-648
-202	796	-776
-209	880	-810
-193	950	-801
-172	838	-834
-120	814	-820
-49	771	-756
3	702	-729
49	662	-642
94	631	-613
44	680	-708
32	664	-693
51	595	-597
-15	606	-577
-122	679	-591
-185	732	-634
-225	775	-776
-269	836	-832
-157	865	-804
-65	862	-836
-61	849	-889
-13	792	-912
64	780	-962
150	708	-882
172	668	-840
159	671	-871
151	627	-813
163	624	-679
168	582	-519
127	551	-456
72	531	-473
35	528	-498
-12	617	-562
-68	728	-759
-113	883	-936
-92	944	-930
-120	908	-985
-80	792	-921
-36	721	-833
-45	678	-762
-25	601	-690
8	584	-653
32	620	-724
47	676	-818
83	671	-727
87	617	-585
1	624	-592
-100	630	-657
-100	608	-637
-98	678	-730
-55	849	-920
44	878	-944
60	888	-964
67	908	-952
78	892	-944
147	744	-728
179	652	-585
176	671	-640
172	680	-727
192	627	-664
172	572	-528
113	569	-464
64	526	-461
-4	540	-522
-72	659	-626
-100	780	-753
-121	878	-880
-66	999	-852
-36	1080	-880
-16	1078	-863
24	1016	-799
96	876	-682
204	702	-537
236	611	-532
185	590	-594
183	624	-642
190	606	-580
168	631	-540
88	688	-538
-7	747	-533
-82	760	-535
-136	760	-610
-137	868	-765
-74	945	-885
-32	987	-985
8	959	-1016
62	854	-937
110	719	-769
86	643	-684
51	622	-717
78	628	-703
129	617	-589
143	627	-537
121	612	-557
96	617	-516
65	633	-500
16	707	-557
-17	815	-626
-1	896	-645
24	995	-669
-8	1068	-784
-66	1072	-840
-13	1048	-781
147	843	-607
193	696	-557
214	668	-625
223	608	-665
182	615	-632
148	664	-577
103	657	-530
36	664	-543
-15	672	-570
-69	719	-608
-152	760	-672
-205	807	-729
-185	831	-808
-168	808	-863
-165	774	-897
-144	784	-941
-84	838	-972
22	703	-861
64	675	-820
41	656	-866
60	590	-825
87	524	-645
62	513	-564
25	494	-553
7	521	-561
-16	551	-569
-55	620	-671
-80	792	-930
-56	883	-938
-31	935	-848
-64	911	-807
-74	884	-820
-18	846	-788
78	750	-776
183	668	-743
199	593	-692
127	568	-648
51	543	-596
-20	529	-570
-96	582	-568
-153	663	-592
-177	671	-636
-208	756	-832
-157	814	-881
-101	856	-921
-109	865	-938
-89	846	-948
-36	814	-948
62	695	-825
112	670	-729
86	668	-717
57	643	-708
40	599	-624
30	568	-575
15	536	-576
-26	543	-580
-89	537	-637
-168	567	-705
-228	719	-836
-208	892	-925
-132	1008	-817
-95	1027	-714
-90	998	-698
-8	862	-765
158	710	-749
284	656	-693
283	633	-589
163	657	-580
47	659	-608
-25	639	-596
-72	649	-569
-93	711	-589
-121	744	-642
-138	719	-637
-148	783	-706
-125	855	-754
-84	876	-797
-79	897	-865
-52	921	-959
51	830	-887
131	735	-761
134	692	-732
124	643	-743
111	583	-672
87	616	-585
78	646	-548
65	604	-557
54	596	-573
28	624	-593
-13	656	-637
-84	748	-722
-111	871	-832
-66	975	-856
-45	998	-796
7	1025	-796
97	868	-720
179	711	-612
201	679	-596
222	671	-636
197	655	-637
158	632	-576
108	641	-537
56	688	-556
20	727	-605
-15	735	-610
-36	763	-606
-48	835	-673
-25	856	-744
3	851	-761
-18	899	-793
-16	896	-824
28	871	-842
136	760	-730
190	719	-660
208	726	-744
231	668	-756
220	619	-631
159	588	-543
78	556	-538
15	526	-584
-32	591	-626
-63	608	-674
-93	615	-761
-146	807	-964
-127	947	-965
-36	979	-882
-4	1028	-808
49	1043	-812
179	881	-676
292	668	-501
328	624	-520
316	599	-586
230	639	-648
203	678	-610
172	688	-545
102	707	-554
3	710	-613
-76	691	-617
-119	743	-623
-128	841	-705
-57	913	-794
28	911	-797
39	908	-833
49	863	-826
72	828	-871
142	695	-740
156	647	-633
102	639	-719
81	571	-730
115	511	-612
99	595	-600
56	654	-648
51	617	-665
28	625	-676
-34	657	-680
-105	711	-746
-132	793	-881
-55	883	-921
15	926	-898
55	878	-813
86	823	-777
159	732	-685
225	662	-596
232	672	-570
191	679	-596
131	680	-629
88	670	-601
39	704	-594
-24	716	-628
-63	745	-633
-74	755	-589
-95	756	-632
-89	831	-709
-36	865	-744
-13	880	-783
3	824	-784
-4	792	-793
15	782	-784
76	724	-720
91	705	-720
72	688	-761
67	673	-756
76	655	-698
72	651	-631
44	591	-596
4	540	-605
-42	553	-637
-81	625	-689
-93	739	-804
-47	860	-892
30	871	-765
15	903	-722
-34	903	-753
3	876	-784
103	777	-693
207	728	-565
236	728	-561
220	716	-581
158	696	-604
78	691	-612
6	695	-609
-40	736	-594
-49	760	-601
-68	760	-623
-72	736	-609
-82	776	-648
-82	814	-733
-52	819	-769
-32	844	-781
-8	828	-769
-18	816	-813
24	774	-783
96	704	-692
112	710	-730
118	711	-821
136	659	-770
123	643	-660
73	648	-616
9	606	-610
-52	583	-609
-128	607	-633
-168	615	-642
-180	678	-728
-173	755	-840
-141	836	-865
-109	908	-888
-77	944	-880
-7	929	-836
71	828	-753
131	671	-601
124	620	-588
129	599	-637
108	604	-719
83	652	-744
62	639	-621
7	639	-544
-90	687	-576
-164	699	-610
-184	713	-615
-180	758	-688
-176	831	-825
-104	844	-849
-36	839	-852
-40	808	-801
-64	760	-794
-57	747	-865
35	711	-837
120	654	-756
136	641	-752
107	627	-781
78	592	-738
48	574	-665
31	574	-609
15	566	-609
-24	615	-652
-72	670	-690
-66	689	-701
-66	809	-783
-47	868	-840
-20	895	-817
-24	926	-834
-16	912	-797
48	846	-719
80	756	-743
131	663	-760
207	583	-701
238	567	-648
179	583	-680
99	632	-724
56	620	-628
-4	631	-565
-80	671	-567
-144	710	-621
-154	743	-665
-144	785	-722
-120	833	-793
-66	863	-820
-62	878	-833
-58	841	-808
-52	812	-845
7	760	-809
71	671	-733
83	691	-784
71	675	-865
105	624	-808
126	601	-644
73	604	-589
-7	568	-578
-87	542	-576
-151	600	-599
-172	676	-633
-170	808	-777
-135	879	-784
-87	951	-754
-89	961	-776
-64	940	-760
-32	888	-748
11	782	-775
80	627	-642
110	579	-567
96	585	-624
48	615	-720
-2	679	-737
-25	652	-647
-57	657	-573
-108	726	-577
-132	758	-612
-113	758	-569
-112	808	-648
-93	860	-753
-49	883	-733
-15	897	-724
-25	891	-721
-45	816	-663
-72	799	-729
-73	839	-841
43	755	-754
97	716	-685
56	707	-737
28	664	-753
24	603	-681
7	604	-612
-23	588	-580
-45	583	-584
-61	606	-609
-65	654	-647
-66	769	-773
-25	860	-820
46	944	-797
64	988	-800
44	1025	-849
103	958	-780
183	775	-561
199	671	-487
204	623	-529
220	643	-623
192	676	-692
145	695	-601
72	718	-536
-18	737	-580
-82	704	-625
-111	696	-644
-121	705	-634
-132	742	-644
-152	771	-708
-141	790	-756
-105	796	-804
-90	836	-889
-61	855	-968
17	863	-962
123	752	-772
152	720	-656
127	711	-682
92	667	-720
59	624	-729
31	579	-682
7	574	-639
-34	540	-616
-95	542	-631
-154	591	-692
-175	654	-690
-175	764	-796
-137	879	-898
-37	889	-801
-8	943	-793
-41	936	-805
-5	865	-749
81	742	-640
145	668	-596
185	665	-637
179	654	-645
108	712	-650
48	700	-578
-12	696	-528
-82	691	-525
-160	703	-592
-205	718	-645
-200	743	-642
-186	775	-677
-175	832	-784
-122	828	-789
-112	831	-772
-132	835	-826
-109	843	-936
-1	798	-856
92	675	-693
135	684	-729
167	665	-820
192	636	-746
156	627	-626
80	606	-610
19	542	-577
-40	551	-592
-106	591	-666
-144	609	-720
-146	670	-784
-167	755	-877
-159	803	-866
-135	841	-864
-136	857	-885
-77	819	-877
24	779	-887
148	655	-783
209	575	-709
227	591	-741
254	600	-776
243	668	-786
217	688	-695
167	663	-601
75	622	-578
1	609	-593
-39	622	-633
-52	647	-657
-82	723	-685
-113	809	-800
-60	862	-857
19	889	-816
31	918	-841
30	857	-857
79	771	-793
150	680	-657
198	675	-674
255	659	-753
255	632	-804
195	623	-751
129	652	-687
92	643	-656
75	619	-685
12	647	-711
-58	694	-704
-113	780	-665
-144	846	-681
-97	804	-752
-17	750	-744
31	764	-740
81	739	-728
137	728	-730
223	679	-701
287	723	-720
374	627	-601
312	625	-557
195	707	-641
156	694	-701
142	742	-744
143	691	-669
113	703	-647
49	719	-689
-1	716	-660
-52	771	-674
-97	815	-726
-87	816	-761
-57	803	-772
-64	812	-802
-45	819	-871
28	771	-961
135	681	-849
158	619	-711
89	644	-719
63	660	-744
83	580	-674
127	556	-604
121	593	-620
96	590	-623
71	588	-637
44	614	-660
7	675	-722
-8	745	-849
52	835	-882
108	905	-893
103	919	-904
95	883	-904
142	787	-730
190	656	-580
201	614	-592
233	590	-660
243	615	-737
239	703	-720
216	700	-628
161	750	-592
71	775	-575
-7	816	-509
-57	787	-497
-89	833	-548
-98	851	-668
-56	856	-765
-1	803	-725
-16	792	-728
-29	792	-769
-25	788	-772
25	751	-680
80	710	-609
105	735	-666
123	729	-776
147	713	-756
127	711	-633
76	671	-576
31	587	-561
4	580	-605
-13	623	-672
-13	659	-733
-7	716	-797
-17	790	-868
-21	807	-840
-29	828	-825
-63	827	-842
-48	780	-808
-23	702	-799
12	617	-720
112	632	-690
243	647	-708
332	662	-752
315	697	-746
265	732	-648
188	743	-548
94	759	-561
35	742	-632
17	716	-701
7	732	-735
-8	729	-712
-29	728	-729
-18	719	-775
12	728	-825
12	735	-832
8	743	-852
33	759	-880
92	728	-817
121	747	-793
131	695	-784
127	561	-753
94	598	-714
44	611	-660
40	587	-641
44	532	-637
15	547	-728
-32	566	-772
-39	591	-820
-31	696	-881
-36	752	-848
-64	808	-845
-85	856	-832
-61	876	-844
-4	785	-773
57	687	-689
108	643	-660
164	608	-669
175	604	-724
151	672	-761
158	668	-650
152	675	-529
95	700	-536
49	678	-589
35	704	-660
39	750	-680
24	790	-720
6	828	-804
15	847	-840
16	851	-861
25	841	-908
75	750	-872
196	670	-833
328	608	-735
368	519	-682
440	535	-744
492	572	-762
476	591	-682
403	583	-578
307	630	-524
195	652	-533
140	687	-596
132	691	-705
132	744	-783
115	815	-773
76	835	-849
49	824	-873
48	796	-861
43	847	-845
59	871	-884
127	771	-756
168	623	-562
131	591	-573
119	579	-610
110	598	-724
115	656	-744
99	659	-637
52	694	-568
-16	711	-584
-72	723	-604
-121	739	-641
-160	780	-672
-170	819	-725
-116	819	-765
-41	819	-728
-45	822	-735
-77	775	-772
-89	783	-864
-32	775	-868
44	727	-754
55	707	-737
23	651	-786
12	627	-769
1	616	-688
-72	632	-657
-149	636	-620
-226	639	-621
-308	657	-658
-340	683	-689
-336	719	-738
-305	736	-762
-281	739	-740
-281	711	-737
-279	716	-760
-241	761	-756
-185	760	-616
-184	758	-514
-210	785	-496
-180	727	-442
-180	692	-453
-202	743	-490
-221	742	-433
-280	739	-452
-353	775	-538
-413	808	-581
-388	880	-576
-351	926	-599
-322	1006	-632
-301	1015	-680
-285	1043	-711
-188	1016	-784
-216	888	-791
-234	736	-623
-237	638	-573
-261	543	-594
-305	510	-529
-301	591	-495
78	639	-272
-216	676	-672
-564	920	-881
-445	547	-633
-393	568	-509
-506	806	-464
-500	739	-381
-554	908	-296
-685	1096	-264
-660	977	-343
-559	804	-399
-424	734	-497
-285	636	-488
-212	729	-345
-260	967	-196
-385	940	-287
-500	716	-234
-536	665	-153
-509	783	-49
-561	777	81
-600	752	15
-585	804	-1
-618	809	-9
-648	984	22
-618	1039	51
-601	1014	19
-552	926	25
-561	935	-48
-541	996	-138
-521	735	-136
-498	716	-89
-505	729	-25
-505	846	150
-468	910	224
-468	796	104
-456	732	86
-506	679	54
-524	737	89
-625	787	12
-650	875	15
-564	979	96
-548	1036	79
-567	1097	62
-564	1144	84
-522	977	-8
-407	819	-60
-337	748	-266
-263	696	-213
-242	809	-128
-400	864	-183
-484	876	-274
-482	764	-274
-473	704	-241
-495	688	-226
-554	784	-304
-589	876	-353
-578	880	-346
-589	894	-429
-554	867	-449
-572	929	-416
-628	972	-456
-653	883	-521
-557	792	-484
-436	681	-372
-397	636	-324
-409	633	-274
-449	655	-240
-472	744	-258
-477	816	-272
-465	808	-244
-468	758	-241
-532	759	-292
-557	761	-313
-553	831	-313
-548	921	-324
-554	979	-295
-621	1007	-338
-637	927	-360
-561	870	-392
-413	828	-452
-277	719	-409
-244	712	-327
-290	748	-271
-424	817	-305
-493	819	-333
-497	755	-305
-495	739	-269
-514	752	-276
-551	775	-322
-557	790	-349
-573	812	-352
-594	831	-386
-597	847	-429
-597	887	-385
-616	940	-416
-609	844	-445
-576	775	-476
-474	691	-501
-400	639	-495
-400	643	-452
-449	632	-372
-509	670	-377
-517	723	-415
-453	726	-381
-424	692	-368
-484	689	-394
-561	679	-407
-594	695	-436
-625	772	-469
-628	876	-488
-625	920	-464
-633	902	-471
-621	844	-473
-537	783	-488
-356	679	-514
-234	584	-493
-249	636	-408
-328	761	-337
-448	883	-392
-505	908	-471
-477	763	-440
-484	694	-396
-532	668	-378
-562	713	-388
-544	756	-407
-561	751	-424
-597	750	-457
-600	764	-472
-589	830	-433
-610	883	-448
-625	807	-488
-621	809	-581
-482	747	-592
-349	659	-506
-361	652	-456
-402	673	-388
-389	761	-300
-424	839	-321
-452	759	-282
-488	684	-264
-537	694	-320
-564	712	-327
-552	752	-317
-569	835	-375
-607	927	-377
-671	984	-375
-655	1008	-400
-560	940	-418
-432	888	-489
-292	777	-524
-185	670	-415
-210	684	-289
-335	743	-281
-477	803	-381
-506	777	-346
-488	735	-281
-516	737	-269
-557	732	-292
-592	743	-330
-597	758	-333
-640	819	-361
-676	868	-409
-672	915	-369
-665	976	-360
-644	931	-426
-576	841	-465
-474	758	-458
-394	668	-433
-392	624	-400
-442	608	-346
-452	716	-253
-461	911	-232
-441	851	-177
-449	847	-104
-517	822	-87
-552	688	-50
-575	817	-36
-552	947	14
-541	1008	15
-661	1004	-9
-671	967	44
-625	947	12
-554	897	-80
-389	806	-116
-284	691	-87
-319	703	35
-392	784	65
-471	887	-52
-516	964	-138
-481	860	-100
-516	782	-153
-554	787	-208
-496	913	-144
-489	1016	-215
-433	851	-189
-532	927	-177
-551	959	-162
-592	988	-178
-594	961	-240
-538	860	-261
-509	937	-281
-420	881	-296
-367	732	-284
-424	716	-333
-452	644	-273
-429	704	-205
-468	828	-260
-490	801	-225
-545	740	-228
-565	784	-249
-589	803	-336
-573	908	-372
-538	967	-340
-559	979	-281
-609	868	-305
-591	916	-381
-416	1008	-417
-208	854	-279
-232	779	-160
-361	760	-162
-485	783	-193
-511	775	-185
-493	795	-136
-493	809	-108
-541	819	-119
-569	796	-168
-557	792	-208
-561	846	-186
-610	856	-201
-655	841	-210
-665	883	-167
-687	963	-205
-660	889	-250
-632	879	-308
-544	852	-336
-418	766	-349
-365	712	-328
-404	660	-285
-487	696	-250
-535	760	-253
-532	856	-233
-496	860	-176
-514	783	-212
-567	732	-257
-577	736	-264
-575	752	-233
-618	777	-216
-688	831	-234
-736	860	-255
-761	871	-255
-720	913	-233
-623	947	-256
-512	935	-337
-429	804	-381
-327	655	-290
-309	656	-193
-383	766	-172
-496	844	-200
-544	800	-212
-575	755	-165
-594	743	-144
-618	752	-162
-632	753	-189
-644	767	-210
-660	809	-263
-636	852	-272
-605	905	-232
-644	958	-228
-708	888	-301
-704	851	-369
-561	758	-369
-452	697	-353
-437	664	-346
-477	627	-322
-490	681	-249
-497	771	-200
-497	792	-173
-498	751	-162
-554	752	-200
-605	752	-250
-609	734	-261
-609	808	-258
-628	943	-284
-672	972	-301
-681	934	-313
-605	918	-345
-461	864	-377
-349	744	-360
-303	720	-248
-385	799	-216
-505	784	-253
-544	779	-253
-527	831	-221
-525	785	-189
-537	783	-177
-532	777	-200
-535	792	-225
-532	823	-217
-544	839	-225
-584	860	-237
-621	880	-216
-676	888	-241
-676	851	-285
-672	847	-375
-546	771	-388
-417	708	-319
-428	715	-297
-450	736	-292
-429	876	-209
-442	908	-138
-473	776	-138
-497	704	-116
-560	710	-173
-624	728	-212
-655	750	-189
-725	801	-200
-786	848	-232
-785	888	-217
-740	992	-213
-639	983	-240
-504	972	-308
-329	831	-336
-217	707	-260
-225	688	-170
-346	736	-199
-509	795	-288
-557	799	-225
-535	815	-127
-564	784	-144
-642	739	-237
-658	704	-279
-672	719	-296
-701	792	-301
-720	876	-281
-706	961	-277
-713	1006	-357
-693	950	-500
-525	748	-449
-376	622	-321
-413	568	-313
-527	550	-360
-576	572	-377
-569	695	-328
-544	796	-229
-520	785	-178
-570	739	-212
-621	707	-249
-633	710	-279
-633	737	-281
-633	830	-244
-658	937	-210
-720	940	-240
-708	889	-274
-626	904	-336
-456	812	-365
-346	687	-333
-356	664	-292
-372	751	-208
-437	889	-202
-536	952	-249
-562	814	-228
-559	712	-193
-581	697	-192
-570	727	-192
-578	775	-199
-609	782	-204
-649	798	-208
-680	824	-255
-681	847	-269
-689	903	-244
-711	911	-256
-677	880	-249
-607	862	-296
-473	728	-328
-432	630	-324
-482	604	-296
-546	657	-249
-569	758	-215
-560	815	-183
-514	806	-128
-538	721	-168
-605	688	-234
-656	687	-263
-685	750	-272
-697	844	-234
-688	892	-180
-749	894	-192
-777	799	-241
-705	772	-248
-584	796	-269
-482	808	-313
-424	769	-289
-385	752	-197
-400	771	-132
-472	846	-170
-544	892	-228
-569	828	-200
-586	774	-157
-602	764	-152
-584	775	-157
-549	785	-168
-552	783	-173
-576	774	-162
-596	792	-177
-609	863	-173
-604	904	-130
-649	940	-119
-680	867	-153
-685	867	-221
-616	849	-276
-473	792	-264
-404	743	-217
-463	696	-212
-525	671	-208
-532	750	-193
-521	844	-172
-497	860	-114
-505	806	-121
-589	769	-176
-636	760	-202
-642	764	-224
-649	839	-244
-647	879	-228
-692	929	-180
-729	937	-136
-711	945	-176
-580	892	-224
-416	779	-248
-324	695	-231
-317	671	-164
-356	728	-105
-458	876	-138
-549	924	-160
-561	811	-124
-569	760	-113
-585	780	-129
-580	811	-144
-569	807	-157
-609	812	-164
-660	807	-217
-664	814	-218
-645	864	-148
-687	920	-173
-706	891	-237
-701	883	-313
-589	831	-349
-431	736	-322
-377	694	-265
-442	678	-269
-493	691	-237
-532	784	-215
-525	847	-148
-504	816	-113
-557	771	-183
-639	728	-244
-644	716	-263
-647	736	-253
-685	807	-249
-717	851	-239
-778	871	-232
-765	843	-241
-708	839	-253
-621	822	-298
-501	775	-336
-418	736	-320
-388	692	-228
-409	734	-145
-477	825	-162
-552	899	-220
-570	832	-192
-556	751	-154
-544	726	-132
-548	744	-127
-545	771	-144
-569	775	-160
-624	761	-164
-656	806	-177
-653	895	-215
-618	940	-234
-592	972	-225
-608	892	-217
-634	831	-244
-613	847	-285
-493	816	-324
-392	723	-312
-420	676	-276
-493	655	-272
-538	743	-266
-533	864	-212
-493	887	-146
-500	801	-164
-586	719	-233
-648	675	-277
-642	697	-241
-641	764	-216
-672	824	-213
-711	856	-218
-754	871	-224
-745	896	-223
-656	926	-226
-541	918	-274
-415	827	-311
-345	703	-280
-341	667	-201
-404	735	-148
-497	846	-162
-537	871	-180
-537	796	-133
-528	763	-100
-559	753	-127
-586	764	-157
-605	768	-177
-617	820	-173
-653	860	-196
-661	891	-217
-669	960	-200
-677	960	-212
-677	931	-241
-602	865	-265
-495	736	-280
-418	679	-271
-441	631	-257
-535	609	-282
-605	672	-308
-592	822	-264
-528	876	-152
-497	832	-136
-553	711	-194
-621	671	-249
-647	672	-296
-648	729	-272
-674	833	-248
-689	908	-232
-708	936	-212
-712	870	-237
-672	831	-255
-601	819	-292
-509	792	-308
-433	743	-288
-401	704	-210
-431	731	-176
-473	824	-178
-517	918	-210
-527	860	-185
-524	771	-146
-540	743	-137
-560	764	-149
-560	803	-164
-559	819	-157
-589	824	-165
-599	828	-196
-576	883	-185
-592	924	-165
-647	912	-176
-676	894	-205
-649	915	-253
-532	888	-306
-372	784	-317
-346	689	-272
-432	656	-249
-532	687	-277
-565	804	-321
-530	903	-268
-464	902	-184
-484	760	-189
-559	711	-241
-590	697	-272
-575	740	-237
-589	796	-202
-648	847	-217
-697	871	-237
-749	867	-249
-754	887	-234
-689	899	-221
-585	888	-194
-504	849	-269
-433	776	-322
-377	675	-308
-360	659	-234
-394	739	-189
-464	833	-184
-537	928	-225
-560	839	-216
-552	764	-185
-565	744	-178
-577	769	-185
-585	800	-191
-609	815	-200
-642	815	-221
-633	844	-226
-618	896	-189
-650	940	-189
-676	839	-215
-664	780	-234
-602	761	-284
-495	760	-333
-425	718	-322
-473	683	-308
-537	670	-301
-557	774	-282
-533	844	-236
-497	828	-180
-513	755	-185
-575	713	-229
-639	683	-288
-666	723	-289
-679	816	-264
-685	897	-242
-680	923	-233
-696	849	-264
-693	820	-290
-644	876	-324
-500	891	-297
-349	807	-188
-336	792	-141
-391	792	-137
-464	812	-169
-509	772	-168
-509	835	-133
-490	894	-72
-503	870	-84
-519	799	-136
-525	745	-186
-511	739	-180
-522	816	-178
-493	910	-167
-505	952	-141
-552	934	-141
-581	879	-159
-585	824	-140
-613	787	-116
-652	787	-116
-701	825	-184
-661	844	-216
-609	856	-285
-544	824	-279
-479	801	-244
-481	771	-232
-545	703	-260
-591	648	-289
-633	671	-328
-618	723	-314
-561	766	-217
-536	785	-164
-585	739	-205
-637	680	-255
-656	681	-277
-679	716	-271
-663	780	-225
-679	828	-220
-733	824	-247
-789	823	-244
-781	844	-242
-696	878	-221
-592	905	-289
-449	780	-328
-368	622	-285
-397	600	-229
-464	657	-216
-552	830	-225
-589	904	-200
-575	817	-168
-564	775	-157
-570	740	-170
-562	735	-194
-565	732	-200
-616	756	-193
-666	793	-231
-660	857	-232
-623	880	-193
-628	886	-178
-669	817	-193
-692	799	-221
-692	819	-353
-586	752	-417
-445	712	-337
-420	696	-281
-473	633	-252
-521	696	-249
-548	827	-292
-520	833	-233
-496	764	-176
-552	732	-208
-625	739	-249
-646	737	-250
-671	775	-280
-676	886	-292
-665	956	-268
-664	960	-255
-674	920	-281
-625	888	-337
-484	793	-359
-356	700	-321
-313	684	-285
-333	748	-233
-415	868	-148
-498	915	-108
-541	831	-144
-527	736	-153
-512	721	-140
-504	764	-164
-514	840	-210
-549	872	-221
-621	868	-225
-673	863	-249
-657	860	-253
-647	902	-237
-656	871	-280
-616	806	-292
-581	811	-344
-479	792	-416
-364	788	-367
-360	743	-271
-441	711	-282
-509	736	-349
-505	811	-349
-445	852	-271
-429	812	-236
-505	720	-288
-594	696	-336
-612	704	-351
-613	760	-328
-637	808	-304
-666	831	-312
-693	823	-322
-703	792	-319
-676	807	-306
-609	831	-296
-564	855	-325
-505	867	-345
-460	847	-354
-448	739	-329
-417	688	-250
-410	718	-234
-441	806	-272
-487	908	-281
-506	876	-226
-528	814	-180
-556	760	-178
-540	752	-185
-506	800	-217
-497	817	-228
-497	803	-201
-518	851	-192
-514	895	-221
-508	920	-197
-536	937	-200
-584	864	-239
-612	827	-290
-570	867	-319
-472	924	-322
-389	860	-301
-393	718	-308
-478	635	-348
-567	616	-377
-560	785	-362
-484	847	-260
-440	841	-225
-482	742	-265
-564	704	-317
-605	703	-365
-604	718	-354
-642	808	-356
-665	892	-345
-689	961	-369
-669	931	-404
-641	931	-397
-546	899	-404
-397	728	-376
-301	603	-337
-265	593	-292
-257	686	-256
-330	881	-273
-432	1054	-294
-477	945	-228
-484	862	-151
-485	811	-180
-473	792	-232
-472	795	-266
-511	822	-281
-585	863	-247
-633	883	-232
-653	899	-266
-633	904	-264
-632	905	-237
-640	870	-255
-665	860	-289
-593	846	-333
-431	747	-322
-359	651	-272
-399	583	-186
-493	627	-120
-593	745	-165
-612	815	-175
-570	796	-122
-576	766	-148
-645	718	-200
-685	708	-212
-692	745	-207
-705	792	-200
-717	828	-208
-735	833	-185
-780	859	-184
-761	843	-177
-679	823	-210
-561	799	-272
-437	750	-292
-368	703	-248
-388	688	-186
-477	768	-157
-568	864	-193
-591	809	-194
-584	771	-143
-584	753	-140
-602	780	-180
-592	787	-223
-573	777	-232
-592	796	-237
-605	828	-234
-585	881	-218
-601	948	-208
-612	935	-221
-612	888	-216
-588	867	-232
-519	840	-281
-434	771	-328
-408	688	-338
-455	654	-345
-520	676	-360
-560	780	-333
-536	908	-239
-477	881	-173
-508	766	-205
-572	671	-266
-610	639	-328
-605	679	-313
-601	771	-258
-647	897	-260
-679	931	-257
-720	910	-274
-708	830	-292
-660	808	-271
-605	830	-301
-530	822	-354
-436	769	-333
-365	710	-242
-372	691	-197
-412	752	-207
-458	872	-249
-497	899	-217
-530	815	-175
-561	761	-136
-589	771	-153
-580	796	-200
-552	787	-224
-548	783	-217
-589	804	-242
-612	831	-296
-589	908	-276
-577	975	-264
-584	940	-263
-601	892	-273
-541	846	-274
-461	830	-336
-420	715	-381
-445	625	-381
-521	593	-402
-562	681	-392
-525	775	-320
-474	838	-226
-493	814	-237
-567	729	-287
-628	707	-360
-624	721	-397
-629	771	-353
-649	846	-324
-641	908	-306
-655	897	-336
-633	839	-336
-575	841	-369
-457	814	-364
-402	771	-375
-385	720	-320
-372	752	-239
-429	820	-208
-506	865	-241
-527	831	-234
-537	766	-193
-557	743	-191
-564	753	-197
-544	785	-206
-545	803	-208
-545	764	-177
-592	782	-212
-628	817	-272
-597	871	-253
-607	934	-225
-637	895	-240
-658	873	-292
-615	899	-352
-480	873	-378
-338	798	-340
-335	719	-316
-413	664	-313
-493	711	-321
-528	822	-313
-493	891	-226
-474	856	-202
-543	743	-245
-607	675	-285
-618	668	-305
-605	716	-266
-628	796	-233
-668	871	-249
-708	883	-266
-724	864	-281
-689	839	-279
-655	844	-256
-605	819	-285
-538	800	-343
-433	723	-282
-407	684	-229
-439	668	-204
-456	737	-184
-504	907	-183
-549	886	-221
-557	819	-185
-569	723	-172
-592	689	-194
-577	704	-212
-573	742	-208
-613	780	-202
-682	835	-263
-692	880	-286
-672	934	-202
-685	996	-201
-637	910	-205
-632	817	-281
-589	787	-377
-461	748	-409
-369	703	-333
-400	662	-250
-493	696	-233
-560	812	-248
-546	908	-218
-493	854	-151
-514	750	-175
-600	668	-241
-633	655	-282
-623	703	-260
-626	787	-213
-656	862	-212
-680	888	-218
-728	880	-240
-711	880	-232
-642	924	-249
-557	892	-305
-456	816	-324
-368	728	-276
-362	696	-225
-409	713	-210
-481	817	-209
-551	908	-210
-576	832	-180
-577	760	-162
-553	719	-157
-540	744	-178
-530	775	-194
-541	769	-173
-577	780	-160
-612	825	-196
-616	908	-225
-588	960	-208
-609	940	-194
-637	844	-180
-650	807	-208
-609	792	-244
-541	840	-306
-433	824	-336
-405	743	-274
-480	707	-257
-537	708	-288
-552	803	-273
-505	854	-209
-447	832	-178
-464	711	-196
-567	691	-249
-607	694	-285
-621	742	-281
-665	792	-282
-685	851	-284
-665	928	-285
-685	920	-308
-677	862	-311
-620	864	-316
-554	841	-351
-466	758	-367
-388	721	-328
-345	736	-269
-340	806	-200
-393	911	-196
-505	888	-237
-573	783	-221
-616	713	-193
-604	711	-189
-564	758	-205
-535	807	-237
-538	801	-234
-564	787	-226
-585	814	-241
-569	878	-239
-549	935	-192
-584	947	-196
-605	871	-199
-625	880	-266
-584	897	-356
-453	828	-364
-392	747	-305
-441	707	-285
-505	678	-314
-541	739	-308
-501	831	-249
-464	854	-175
-484	775	-192
-545	716	-237
-580	707	-261
-577	739	-264
-596	828	-264
-624	921	-264
-650	956	-248
-705	920	-260
-704	839	-272
-642	831	-289
-548	799	-322
-450	752	-332
-396	719	-304
-357	713	-221
-369	793	-160
-421	915	-152
-495	963	-205
-548	825	-204
-569	707	-176
-569	700	-161
-547	748	-164
-528	793	-196
-513	828	-196
-552	825	-185
-604	835	-238
-612	847	-281
-568	892	-258
-569	983	-241
-573	1000	-208
-581	974	-183
-593	944	-228
-521	847	-269
-413	760	-292
-360	679	-305
-409	636	-311
-505	601	-317
-618	696	-328
-615	862	-295
-536	944	-185
-481	864	-178
-538	723	-249
-591	652	-313
-594	671	-345
-584	727	-305
-617	814	-276
-650	903	-272
-692	945	-255
-717	908	-284
-696	905	-297
-620	912	-320
-500	790	-320
-433	680	-305
-391	631	-272
-380	688	-220
-410	835	-193
-466	975	-196
-493	889	-144
-537	776	-104
-567	711	-130
-557	731	-156
-533	788	-164
-522	811	-157
-569	811	-153
-609	823	-196
-609	859	-244
-576	892	-210
-589	935	-177
-637	899	-168
-665	880	-186
-663	867	-289
-552	828	-352
-415	760	-345
-397	728	-281
-461	679	-280
-506	680	-260
-537	807	-253
-516	873	-205
-461	838	-148
-496	750	-188
-564	707	-245
-594	702	-266
-592	748	-250
-607	852	-244
-626	943	-242
-676	953	-244
-717	931	-264
-689	952	-268
-569	990	-317
-385	896	-345
-264	743	-305
-248	671	-226
-304	711	-201
-415	817	-220
-504	875	-229
-529	812	-157
-544	767	-105
-576	755	-129
-594	752	-178
-605	731	-205
-648	739	-217
-709	809	-274
-700	852	-317
-649	929	-272
-637	995	-298
-596	920	-324
-552	897	-337
-445	828	-397
-338	707	-402
-356	638	-369
-404	684	-365
-424	792	-352
-424	865	-301
-424	844	-265
-449	760	-272
-525	711	-340
-544	696	-381
-532	764	-361
-548	880	-357
-593	935	-372
-637	944	-353
-684	956	-372
-652	932	-377
-576	888	-389
-482	825	-423
-340	719	-397
-266	651	-336
-305	616	-274
-400	696	-272
-492	801	-309
-528	816	-292
-532	792	-226
-541	792	-199
-544	783	-234
-548	787	-290
-532	787	-305
-552	824	-314
-588	903	-356
-557	956	-314
-559	1016	-260
-609	967	-303
-641	887	-353
-613	839	-393
-484	736	-402
-404	686	-386
-410	615	-360
-460	575	-365
-495	619	-353
-524	748	-324
-516	816	-233
-512	782	-176
-584	739	-226
-642	729	-296
-634	735	-330
-621	799	-343
-612	927	-351
-591	1025	-305
-637	1011	-292
-644	902	-298
-554	840	-336
-444	748	-359
-381	695	-340
-354	612	-317
-365	695	-242
-437	844	-209
-509	916	-244
-522	801	-202
-545	723	-160
-561	692	-176
-552	745	-188
-529	819	-200
-548	847	-223
-585	864	-253
-608	910	-292
-599	931	-266
-626	959	-221
-658	912	-225
-673	873	-288
-618	815	-354
-505	715	-378
-429	684	-349
-449	664	-317
-487	615	-298
-521	684	-308
-536	812	-296
-488	828	-193
-504	777	-168
-578	716	-232
-634	723	-277
-636	750	-260
-637	828	-244
-625	903	-257
-625	920	-276
-672	939	-271
-665	900	-269
-618	920	-313
-480	911	-369
-321	753	-311
-272	723	-236
-329	758	-153
-416	888	-13
-460	950	96
-424	929	233
-509	675	112
-572	625	120
-605	736	172
-637	824	231
-665	783	300
-676	800	260
-698	958	223
-685	865	268
-696	911	255
-687	895	224
-637	849	116
-519	831	47
-460	792	105
-497	743	107
-570	710	38
-578	732	115
-552	844	190
-537	711	158
-528	556	166
-592	577	172
-656	790	51
-685	883	83
-689	851	113
-698	899	67
-717	903	56
-733	952	36
-684	1031	30
-565	999	-49
-400	783	-119
-282	655	-160
-327	761	-144
-365	871	-9
-463	983	-12
-570	804	-220
-621	684	-191
-487	783	-29
-449	847	-56
-463	808	-114
-554	868	-149
-580	835	-180
-601	849	-191
-578	958	-180
-610	1136	-144
-685	1007	-218
-672	897	-360
-567	707	-409
-464	652	-386
-445	622	-317
-473	587	-288
-490	664	-276
-519	803	-273
-536	803	-225
-537	752	-196
-569	716	-216
-633	720	-271
-684	711	-313
-714	726	-313
-712	831	-285
-689	951	-249
-672	1008	-224
-650	983	-244
-557	975	-324
-424	732	-314
-375	623	-292
-400	584	-228
-464	675	-223
-561	807	-249
-577	785	-160
-584	748	-113
-592	744	-116
-584	755	-164
-567	792	-191
-589	838	-202
-607	872	-216
-592	927	-180
-592	974	-154
-637	952	-189
-650	860	-234
-648	875	-301
-532	833	-328
-410	747	-296
-421	695	-289
-481	672	-290
-468	769	-239
-464	851	-168
-482	799	-122
-513	728	-141
-575	728	-189
-618	790	-217
-620	857	-228
-618	900	-231
-626	884	-253
-665	887	-234
-668	879	-210
-634	940	-208
-537	963	-247
-391	855	-250
-305	760	-204
-300	723	-159
-348	771	-129
-455	846	-136
-522	876	-153
-519	803	-90
-525	804	-71
-552	787	-106
-588	767	-135
-631	758	-144
-674	760	-122
-732	800	-148
-783	825	-200
-772	883	-193
-749	977	-189
-705	1006	-244
-602	903	-313
-474	718	-276
-442	660	-258
-456	655	-304
-464	659	-296
-488	728	-237
-520	783	-160
-535	784	-85
-575	748	-105
-629	727	-165
-649	736	-185
-642	775	-178
-656	847	-177
-669	905	-164
-712	952	-145
-740	937	-159
-676	867	-172
-553	860	-196
-433	804	-232
-352	727	-221
-360	760	-145
-424	812	-84
-513	825	-111
-564	783	-100
-596	760	-72
-621	760	-74
-621	796	-80
-601	792	-93
-605	782	-116
-618	780	-146
-616	799	-144
-607	835	-113
-634	911	-77
-680	931	-113
-703	979	-212
-625	953	-274
-428	844	-248
-324	793	-200
-341	748	-210
-410	731	-232
-473	803	-202
-513	884	-161
-484	848	-113
-505	799	-143
-584	752	-212
-616	771	-228
-616	799	-221
-621	825	-225
-637	856	-221
-656	854	-209
-705	899	-168
-711	968	-132
-647	985	-138
-546	944	-178
-423	816	-216
-324	700	-208
-304	647	-177
-352	713	-151
-456	846	-164
-516	856	-119
-553	819	-60
-570	799	-50
-601	831	-97
-580	847	-113
-573	828	-124
-616	831	-136
-634	849	-162
-621	872	-141
-621	943	-88
-653	936	-125
-680	865	-209
-656	856	-272
-549	838	-292
-448	767	-247
-439	688	-223
-496	649	-236
-521	691	-217
-521	787	-193
-497	800	-125
-490	817	-103
-552	793	-132
-625	792	-170
-647	817	-205
-639	870	-193
-620	931	-144
-641	968	-116
-673	927	-120
-666	927	-148
-569	944	-208
-408	817	-196
-344	697	-184
-359	696	-176
-385	755	-125
-453	900	-85
-497	928	-26
-509	849	12
-490	792	51
-474	828	48
-476	864	24
-496	847	8
-530	838	7
-583	856	-9
-607	903	-64
-589	894	-73
-592	916	-25
-642	951	-18
-657	947	-57
4095	4095	4095
2567	1626	85
