Activity Name: walk/
UserID: 228
StartTime: 0
x	y	z
312	688	-680
318	699	-689
319	679	-687
316	675	-682
324	688	-703
319	678	-689
318	676	-689
318	676	-689
321	684	-692
321	681	-695
323	679	-692
323	679	-689
320	679	-685
329	679	-690
319	675	-692
320	673	-688
323	679	-697
326	679	-700
323	681	-696
320	675	-692
323	679	-692
320	671	-689
321	680	-692
318	673	-695
313	671	-693
318	679	-690
321	679	-703
319	675	-698
313	675	-697
316	679	-697
307	708	-704
307	678	-685
289	695	-680
231	736	-682
231	715	-669
211	699	-669
220	643	-721
240	617	-783
263	596	-831
319	606	-857
359	620	-848
316	655	-785
248	689	-708
179	691	-647
163	716	-623
203	759	-663
238	779	-689
246	748	-697
247	702	-724
236	668	-745
211	664	-804
204	684	-824
204	679	-770
211	614	-745
246	556	-776
254	547	-817
271	579	-865
297	620	-890
302	630	-837
296	564	-804
304	515	-832
294	502	-856
275	519	-856
286	523	-845
287	515	-844
289	531	-847
190	568	-765
-32	630	-580
-353	608	-410
-372	655	-692
-740	761	-968
-561	880	-961
-642	1079	-914
-672	1248	-850
-703	1115	-746
-609	659	-680
-714	534	-632
-607	806	-690
-305	892	-992
-216	603	-857
-393	617	-721
-448	872	-594
-465	745	-592
-226	480	-365
-360	537	-338
-493	659	-233
-705	719	-361
-607	807	-660
-674	951	-749
-653	889	-569
-557	748	-356
-437	739	-330
-528	971	-292
-533	1008	-279
-433	920	-285
-372	892	-288
-377	918	-272
-423	908	-260
-441	883	-285
-413	884	-321
-377	886	-337
-377	888	-351
-393	896	-377
-378	888	-416
-351	865	-442
-324	852	-468
-313	867	-497
-309	900	-522
-296	891	-528
-281	856	-504
-269	856	-492
-272	875	-482
-276	879	-468
-257	878	-473
-240	878	-487
-210	891	-483
-193	911	-468
-189	920	-449
-189	927	-428
-200	927	-416
-209	915	-408
-217	919	-409
-224	928	-420
-241	942	-410
-321	1040	-433
-425	1148	-490
-431	940	-463
-424	732	-426
-506	647	-385
-637	655	-377
-700	806	-311
-626	873	-290
-497	771	-320
-444	700	-367
-444	744	-361
-458	812	-305
-433	819	-279
-372	824	-301
-321	844	-298
-317	899	-269
-308	911	-264
-316	904	-279
-332	1020	-249
-441	1079	-400
-637	1080	-633
-609	976	-497
-442	699	-482
-375	620	-527
-388	731	-637
-385	833	-649
-369	787	-553
-346	711	-461
-324	751	-484
-324	849	-532
-361	873	-516
-392	809	-482
-404	780	-501
-397	801	-511
-405	809	-516
-426	881	-489
-532	1086	-514
-616	1291	-711
-616	1035	-636
-648	487	-377
-697	263	-218
-748	544	-311
-656	811	-356
-519	776	-354
-488	671	-388
-517	643	-409
-497	729	-320
-497	783	-300
-505	759	-308
-497	726	-329
-468	775	-333
-436	895	-336
-388	972	-356
-322	934	-367
-441	972	-564
-692	1171	-721
-789	940	-504
-672	481	-420
-623	548	-544
-557	691	-554
-541	684	-537
-503	707	-482
-444	716	-484
-377	735	-472
-397	760	-452
-418	827	-402
-407	862	-458
-423	926	-473
-497	1027	-455
-648	1211	-612
-633	1116	-836
-497	622	-544
-506	480	-305
-592	612	-404
-511	785	-377
-391	775	-296
-399	670	-324
-447	712	-372
-456	675	-357
-413	672	-364
-357	832	-354
-351	995	-321
-319	1115	-216
-370	1079	-383
-525	1073	-722
-452	887	-551
-433	723	-665
-481	832	-709
-479	803	-641
-448	670	-445
-428	548	-354
-432	609	-375
-391	739	-433
-364	884	-445
-356	936	-439
-361	960	-452
-343	1071	-472
-464	1295	-596
-476	1187	-618
-569	748	-420
-732	707	-197
-642	780	-146
-416	681	-162
-288	568	-192
-269	631	-288
-292	784	-392
-316	847	-376
-424	816	-324
-512	835	-281
-433	999	-160
-308	1092	-117
-316	1039	-241
-568	1088	-652
-601	1080	-436
-552	736	-385
-586	755	-607
-601	863	-537
-548	780	-448
-481	697	-348
-421	687	-328
-381	775	-381
-319	883	-370
-301	880	-353
-317	871	-420
-309	913	-511
-353	1024	-535
-610	1351	-509
-729	1351	-432
-656	646	-205
-600	368	-24
-561	583	-109
-524	779	-153
-448	673	-114
-336	758	-141
-320	787	-152
-369	904	-98
-364	952	22
-328	961	12
-328	950	-89
-308	1095	89
-423	1190	8
-909	1183	-416
-772	867	-201
-701	580	-418
-690	696	-489
-717	732	-449
-621	719	-445
-484	724	-428
-388	723	-488
-281	801	-557
-141	916	-533
-55	992	-421
-122	1000	-369
-244	972	-378
-290	1054	-360
-330	1193	-421
-487	1475	-608
-415	1095	-488
-433	502	-337
-569	566	-290
-589	728	-370
-460	713	-343
-345	711	-221
-330	775	-225
-360	830	-308
-376	840	-359
-332	819	-377
-252	895	-272
-217	908	-288
-225	1025	-335
-423	1150	-513
-548	1087	-444
-578	808	-490
-557	899	-573
-532	964	-580
-479	822	-461
-416	684	-348
-386	659	-352
-404	708	-392
-464	760	-418
-497	761	-404
-516	790	-381
-529	932	-376
-565	1287	-401
-532	1439	-525
-484	904	-420
-530	502	-239
-637	483	-137
-615	691	-122
-500	775	-122
-437	711	-168
-401	726	-196
-368	760	-250
-345	828	-314
-319	951	-336
-256	990	-304
-213	1084	-141
-200	1196	-72
-452	1200	-425
-613	1095	-424
-567	788	-352
-614	656	-520
-653	742	-537
-616	747	-367
-569	707	-240
-524	744	-212
-465	775	-281
-416	812	-333
-386	864	-364
-377	915	-356
-381	935	-369
-352	1006	-356
-391	1212	-351
-506	1419	-481
-506	1009	-437
-536	559	-240
-657	524	-88
-656	700	-72
-500	801	-73
-400	726	-135
-345	739	-232
-320	816	-282
-289	831	-292
-285	880	-225
-349	931	-264
-370	1009	-220
-301	1120	-81
-441	1163	-244
-721	1123	-493
-633	856	-269
-576	643	-369
-677	751	-551
-714	803	-477
-664	704	-332
-626	667	-274
-578	711	-322
-559	739	-421
-559	787	-461
-560	824	-481
-548	839	-521
-509	825	-575
-465	807	-605
-425	772	-624
-432	819	-685
-560	1020	-832
-560	1127	-612
-610	902	-100
-744	583	31
-765	627	-125
-641	764	-292
-577	750	-385
-541	771	-333
-417	780	-287
-301	720	-276
-223	785	-241
-184	961	-201
-149	1067	-181
-154	992	-98
-244	963	-36
-356	1028	20
-506	1056	-9
-669	1043	-193
-620	980	-322
-559	817	-464
-557	742	-528
-552	718	-561
-472	675	-497
-464	689	-429
-484	807	-348
-464	920	-336
-429	931	-377
-392	889	-410
-352	873	-429
-313	871	-409
-308	892	-365
-343	947	-309
-409	1049	-252
-536	1208	-335
-689	1388	-528
-516	863	-457
-441	448	-308
-589	527	-319
-625	696	-345
-484	835	-186
-388	837	-141
-369	743	-247
-356	755	-311
-316	752	-353
-269	787	-343
-288	931	-297
-364	1145	-180
-389	1227	-185
-637	1184	-477
-644	952	-439
-532	686	-433
-520	632	-532
-578	731	-620
-568	728	-557
-521	684	-373
-498	723	-220
-501	761	-231
-484	835	-314
-456	856	-362
-466	856	-354
-497	910	-370
-543	1033	-450
-623	1279	-544
-551	1123	-449
-466	783	-312
-501	577	-188
-605	678	-100
-573	844	-52
-457	796	-64
-385	753	-173
-365	816	-257
-353	819	-250
-376	780	-208
-420	819	-164
-488	860	-149
-488	947	-40
-437	995	-16
-441	911	-69
-541	927	-93
-1144	1105	-537
-1143	955	-217
-879	359	-436
-728	608	-351
-681	615	-437
-584	647	-399
-528	715	-329
-538	715	-418
-489	768	-433
-416	851	-434
-352	891	-429
-296	911	-410
-296	913	-400
-345	908	-407
-434	859	-420
-474	852	-416
-440	831	-448
-400	879	-528
-385	967	-493
-632	1164	-448
-772	1209	-423
-717	801	-73
-906	619	348
-1004	571	211
-817	679	22
-655	652	-77
-613	523	-247
-537	636	-192
-511	712	1
-482	755	48
-434	807	-40
-400	780	-89
-353	819	-202
-344	1075	-108
-341	1200	-109
-664	1240	-407
-769	1123	-247
-657	687	-217
-697	724	-328
-740	809	-333
-637	728	-308
-546	700	-297
-506	758	-247
-477	799	-280
-436	860	-305
-388	915	-314
-369	887	-365
-356	880	-377
-324	966	-372
-336	1187	-345
-440	1376	-461
-392	952	-418
-372	590	-273
-505	631	-173
-593	768	-193
-469	806	-146
-353	771	-177
-316	780	-296
-349	848	-423
-415	888	-538
-471	840	-584
-520	803	-493
-553	823	-313
-512	782	-340
-404	796	-434
-362	894	-442
-541	1043	-541
-658	1115	-496
-633	819	-449
-623	695	-552
-642	739	-609
-625	752	-580
-530	729	-420
-505	668	-360
-504	713	-357
-505	788	-385
-517	817	-421
-511	806	-399
-511	807	-367
-557	864	-365
-592	1016	-400
-647	1270	-426
-617	1103	-392
-609	713	-293
-682	515	-128
-722	575	-77
-601	654	-120
-455	673	-156
-404	713	-218
-388	839	-280
-348	891	-300
-306	899	-237
-375	903	-193
-474	876	-189
-431	948	-124
-356	1059	-100
-544	1142	-261
-762	1137	-340
-687	908	-240
-628	627	-368
-660	707	-440
-676	755	-417
-569	720	-281
-484	711	-228
-434	760	-260
-392	816	-314
-345	880	-320
-304	944	-308
-317	939	-381
-343	952	-416
-378	1048	-369
-554	1332	-348
-631	1308	-433
-597	839	-292
-644	531	-1
-720	583	15
-616	678	-80
-455	704	-109
-365	710	-167
-328	731	-245
-301	798	-305
-295	904	-313
-413	915	-288
-473	902	-241
-428	918	-205
-400	944	-207
-401	931	-237
-552	1019	-266
-840	1046	-388
-815	824	-288
-679	702	-440
-597	620	-501
-671	620	-561
-709	688	-500
-648	716	-400
-588	672	-369
-537	696	-418
-488	755	-468
-453	814	-449
-482	819	-424
-548	783	-424
-561	718	-450
-505	816	-488
-488	1039	-490
-592	1107	-471
-744	1070	-505
-658	796	-445
-665	598	-173
-813	551	-177
-743	657	-260
-509	696	-263
-429	657	-282
-458	663	-320
-516	732	-296
-552	668	-256
-484	719	-265
-381	902	-325
-365	1135	-394
-372	1103	-452
-697	1017	-477
-892	931	-505
-848	636	-414
-802	444	-410
-752	536	-469
-664	627	-501
-498	736	-448
-490	683	-444
-553	608	-397
-653	588	-392
-724	608	-413
-712	663	-433
-672	783	-524
-628	871	-600
-665	985	-546
-828	1049	-544
-813	817	-580
-629	615	-229
-644	651	12
-637	707	-149
-583	727	-245
-537	611	-320
-565	590	-324
-620	671	-244
-720	707	-164
-749	774	-120
-800	892	-119
-634	795	-10
-381	852	35
-385	836	-160
-542	1014	-349
-500	1112	-557
-493	988	-536
-537	880	-416
-605	856	-415
-616	780	-369
-613	664	-321
-637	580	-288
-689	556	-268
-717	649	-165
-634	831	-103
-548	897	-199
-513	908	-281
-509	939	-330
-575	1103	-333
-616	1254	-348
-509	894	-320
-436	615	-184
-520	595	-61
-623	831	-34
-516	950	11
-433	752	-63
-404	691	-143
-400	787	-201
-393	886	-241
-397	899	-269
-424	945	-201
-429	929	-180
-380	940	-184
-360	920	-234
-381	904	-309
-616	1055	-496
-676	992	-449
-621	771	-456
-576	688	-541
-569	619	-557
-581	680	-585
-602	771	-580
-605	771	-442
-602	729	-368
-592	775	-424
-591	825	-465
-592	831	-463
-612	830	-400
-653	814	-297
-672	811	-223
-676	860	-244
-706	1008	-348
-596	980	-372
-400	771	-308
-257	606	-244
-266	671	-247
-343	975	-178
-279	1183	-33
-301	903	-120
-336	806	-229
-368	847	-345
-424	876	-412
-516	830	-380
-565	815	-204
-607	790	-141
-532	792	-234
-458	803	-293
-423	871	-279
-426	974	-218
-652	984	-337
-770	1016	-409
-705	855	-372
-626	670	-381
-645	663	-416
-722	732	-458
-684	774	-360
-551	748	-313
-484	769	-336
-461	807	-378
-500	856	-409
-546	862	-391
-567	828	-332
-588	828	-293
-631	868	-303
-711	1006	-332
-832	1233	-416
-642	1007	-336
-452	575	-176
-500	408	-144
-692	465	-289
-720	667	-260
-612	772	-119
-554	763	-89
-533	742	-141
-535	760	-173
-524	752	-164
-488	782	-143
-472	846	-129
-508	932	-132
-457	1068	-48
-562	1155	-199
-760	1105	-413
-623	956	-317
-569	695	-407
-601	724	-450
-612	759	-424
-573	720	-281
-557	687	-200
-569	675	-185
-562	719	-202
-505	796	-226
-456	854	-265
-481	897	-317
-528	920	-317
-577	1027	-253
-689	1294	-257
-625	1190	-324
-481	774	-253
-497	539	-148
-684	600	-164
-657	747	-88
-500	777	3
-442	675	-80
-439	728	-149
-473	739	-212
-464	760	-177
-432	840	-162
-505	999	-100
-493	1223	35
-561	1080	-135
-816	991	-337
-648	932	-234
-578	700	-354
-633	716	-441
-673	764	-452
-663	729	-313
-610	702	-205
-570	687	-193
-533	707	-210
-513	736	-257
-530	833	-288
-561	921	-312
-589	935	-316
-597	975	-264
-687	1158	-241
-693	1129	-328
-609	764	-215
-631	492	-57
-784	543	-13
-720	785	63
-573	748	12
-472	641	-88
-409	684	-138
-372	772	-153
-338	792	-143
-360	881	-130
-389	1006	-175
-360	1140	-100
-349	1155	-111
-656	1091	-349
-733	991	-225
-650	686	-240
-690	726	-385
-729	831	-426
-644	720	-316
-604	648	-183
-601	620	-136
-546	726	-226
-463	841	-305
-464	843	-335
-544	823	-368
-593	791	-368
-568	859	-350
-546	1055	-327
-740	1262	-453
-713	1025	-444
-578	579	-146
-680	515	28
-797	707	-125
-713	804	-143
-596	675	-161
-580	678	-221
-557	735	-233
-519	728	-193
-481	748	-208
-474	832	-220
-479	876	-233
-500	910	-193
-449	956	-193
-400	926	-205
-580	935	-335
-793	1017	-428
-720	847	-322
-591	611	-352
-580	659	-436
-618	831	-466
-592	829	-337
-561	748	-282
-556	710	-272
-561	728	-333
-570	812	-338
-586	828	-317
-605	767	-304
-618	752	-317
-625	894	-292
-754	1127	-352
-736	1075	-340
-698	836	-250
-685	569	-77
-756	499	48
-762	719	35
-633	785	-32
-532	678	-113
-500	679	-151
-487	721	-132
-447	750	-84
-426	791	-61
-433	865	-105
-448	865	-185
-408	956	-105
-381	1169	-5
-799	1128	-304
-832	1000	-161
-717	617	-232
-784	664	-404
-872	787	-393
-817	711	-272
-680	675	-221
-576	664	-244
-492	712	-332
-404	876	-312
-392	995	-233
-466	936	-265
-516	886	-269
-564	888	-228
-680	975	-178
-952	1167	-305
-872	920	-356
-585	350	-144
-665	236	-84
-776	678	-130
-664	1022	-93
-546	736	-137
-500	579	-160
-520	611	-160
-548	743	-104
-525	849	-53
-485	892	-103
-468	843	-197
-413	1006	-76
-580	1143	-189
-897	1063	-288
-879	704	-200
-848	553	-297
-892	633	-392
-764	604	-367
-631	615	-362
-573	701	-396
-484	792	-400
-428	870	-381
-439	888	-359
-495	831	-313
-548	755	-336
-572	884	-296
-562	1025	-264
-697	1068	-349
-892	1203	-551
-609	824	-449
-426	423	-196
-565	497	-212
-674	825	-252
-650	875	-185
-615	641	-175
-601	571	-218
-578	670	-277
-537	739	-266
-463	755	-244
-425	846	-229
-474	984	-208
-465	1016	-272
-625	1033	-410
-842	927	-612
-708	790	-561
-588	574	-532
-633	584	-514
-677	684	-479
-625	704	-389
-592	719	-354
-584	755	-375
-570	787	-417
-567	823	-465
-561	843	-473
-573	800	-432
-615	787	-349
-706	863	-273
-797	999	-352
-650	931	-394
-458	638	-381
-505	539	-340
-682	508	-345
-808	608	-254
-805	800	-7
-701	713	39
-616	551	-156
-541	697	-233
-473	835	-308
-434	812	-361
-445	780	-336
-490	881	-258
-605	944	-225
-596	1046	-177
-794	1111	-277
-956	952	-352
-728	751	-290
-618	652	-391
-669	711	-441
-689	687	-385
-616	664	-257
-584	644	-218
-576	681	-217
-564	724	-225
-535	792	-242
-537	851	-280
-557	867	-333
-573	856	-346
-616	924	-317
-720	1096	-229
-770	1217	-242
-695	911	-272
-561	535	-185
-632	415	-156
-777	560	-160
-698	743	-25
-584	750	7
-544	684	-103
-509	720	-154
-481	727	-180
-439	736	-184
-408	833	-173
-421	990	-164
-392	1203	-76
-570	1171	-232
-818	1075	-392
-697	884	-313
-586	705	-369
-617	736	-434
-640	764	-418
-605	716	-311
-589	675	-228
-610	671	-221
-609	694	-216
-584	760	-204
-567	822	-253
-592	847	-282
-605	915	-253
-663	1110	-208
-724	1368	-378
-463	936	-316
-309	526	-153
-463	524	-193
-634	679	-313
-583	736	-248
-463	764	-121
-409	863	-68
-401	940	-177
-429	927	-327
-487	903	-378
-532	867	-322
-529	903	-160
-480	848	-228
-455	808	-304
-537	833	-440
-721	927	-589
-584	711	-448
-545	502	-373
-633	687	-573
-665	855	-729
-628	796	-720
-578	727	-685
-569	716	-674
-605	716	-692
-657	656	-762
-711	472	-884
-745	398	-1020
-717	391	-828
-708	264	-729
-765	430	-512
-741	744	-400
-653	776	-633
-544	625	-637
-556	603	-605
-573	668	-487
-596	623	-377
-648	560	-356
-656	649	-311
-580	774	-361
-546	675	-440
-532	649	-473
-567	707	-402
-621	764	-333
-648	854	-364
-544	966	-400
-767	999	-513
-890	868	-596
-626	651	-416
-548	504	-528
-648	606	-633
-738	609	-615
-770	616	-476
-737	551	-401
-715	566	-368
-690	600	-361
-676	638	-373
-669	688	-393
-656	695	-452
-633	720	-513
-631	782	-552
-621	916	-569
-736	1097	-649
-680	907	-593
-509	555	-375
-569	470	-296
-778	601	-346
-762	804	-232
-648	704	-218
-580	561	-248
-584	588	-287
-573	607	-328
-503	627	-348
-498	696	-365
-561	833	-447
-525	1025	-441
-498	1155	-488
-703	985	-616
-610	836	-536
-560	647	-484
-690	579	-554
-807	655	-537
-772	639	-436
-697	599	-386
-650	647	-375
-615	654	-392
-576	663	-377
-569	680	-356
-601	736	-441
-616	792	-553
-629	860	-586
-773	1063	-592
-865	1167	-576
-696	766	-349
-583	423	-84
-746	304	-109
-781	479	-180
-642	702	-194
-509	643	-309
-457	683	-380
-452	828	-372
-450	843	-258
-417	844	-239
-423	855	-340
-428	937	-401
-410	1219	-335
-733	1127	-479
-818	872	-404
-725	592	-420
-807	619	-572
-810	676	-583
-673	609	-407
-597	607	-301
-620	667	-288
-636	704	-301
-596	750	-300
-540	768	-344
-509	761	-447
-506	803	-532
-503	870	-553
-599	1061	-552
-704	1287	-653
-568	888	-473
-481	563	-205
-637	463	-218
-677	552	-321
-533	632	-293
-431	620	-281
-381	743	-321
-330	984	-377
-359	835	-458
-359	766	-489
-386	851	-490
-445	1027	-477
-449	1007	-557
-669	959	-740
-713	847	-733
-621	520	-576
-641	478	-680
-641	627	-817
-591	620	-735
-559	588	-604
-559	604	-594
-597	591	-616
-656	609	-580
-689	622	-532
-696	631	-473
-724	702	-433
-759	910	-429
-840	1163	-640
-576	931	-621
-409	652	-520
-440	527	-400
-597	585	-362
-621	776	-356
-538	700	-354
-519	676	-381
-552	716	-400
-592	683	-402
-585	614	-381
-578	664	-338
-573	780	-269
-536	832	-345
-496	849	-367
-436	960	-349
-679	939	-594
-762	984	-537
-660	727	-416
-669	560	-535
-740	675	-607
-791	665	-498
-701	636	-372
-575	580	-367
-505	593	-468
-469	694	-500
-476	801	-416
-541	796	-333
-573	796	-400
-561	860	-511
-569	1007	-512
-692	1139	-615
-644	908	-610
-625	636	-407
-736	564	-143
-756	719	-196
-557	716	-304
-466	639	-321
-520	601	-288
-589	612	-266
-537	649	-276
-516	687	-335
-576	803	-381
-568	920	-273
-473	1046	-273
-381	1015	-370
-744	865	-532
-1005	956	-553
-714	679	-368
-636	545	-505
-746	652	-505
-791	595	-407
-620	636	-444
-493	696	-493
-471	713	-452
-465	739	-421
-453	755	-386
-445	787	-404
-452	846	-487
-465	940	-473
-623	1043	-424
-784	1049	-529
-745	860	-564
-692	609	-276
-765	560	-40
-698	748	-175
-560	732	-244
-498	593	-234
-482	590	-236
-497	700	-301
-509	739	-244
-464	798	-165
-429	910	-193
-434	1062	-317
-644	1206	-404
-1040	1100	-601
-951	660	-416
-826	502	-488
-743	507	-495
-672	535	-473
-604	568	-468
-552	647	-450
-493	667	-461
-474	726	-436
-532	787	-392
-584	839	-295
-577	849	-383
-552	880	-444
-565	835	-324
-697	876	-349
-804	982	-720
-612	696	-685
-609	623	-404
-665	780	-298
-544	851	-234
-452	656	-255
-433	545	-282
-464	574	-328
-452	699	-423
-423	876	-425
-437	1008	-304
-485	952	-224
-433	969	-196
-420	1001	-317
-658	972	-552
-701	995	-432
-621	732	-445
-599	691	-541
-618	787	-552
-591	760	-484
-514	683	-344
-456	608	-295
-420	647	-313
-423	743	-381
-428	833	-424
-439	847	-423
-479	880	-418
-532	1004	-404
-641	1252	-416
-647	1244	-509
-561	831	-392
-541	566	-189
-665	524	-173
-612	646	-185
-464	716	-169
-381	719	-218
-377	793	-285
-426	817	-308
-431	766	-255
-396	820	-250
-458	927	-312
-473	1126	-193
-452	1230	-232
-743	1118	-490
-696	883	-386
-620	551	-400
-665	632	-509
-669	787	-484
-586	780	-377
-529	691	-305
-532	671	-276
-548	688	-282
-517	737	-276
-466	816	-301
-452	883	-368
-477	921	-425
-524	976	-399
-689	1270	-452
-677	1168	-596
-432	623	-301
-482	494	-185
-669	654	-284
-576	831	-217
-433	848	-116
-415	689	-228
-416	729	-296
-420	799	-336
-408	832	-349
-424	928	-330
-455	990	-237
-417	953	-200
-404	931	-409
-616	943	-628
-618	729	-596
-578	604	-609
-594	625	-680
-602	638	-717
-593	711	-658
-609	721	-580
-642	691	-596
-644	663	-597
-641	627	-588
-661	612	-536
-660	665	-441
-641	867	-329
-703	888	-413
-733	873	-576
-633	883	-679
-488	772	-551
-426	644	-281
-456	671	-183
-556	782	-281
-578	833	-367
-553	718	-369
-561	654	-369
-600	713	-392
-584	716	-352
-548	715	-300
-508	785	-312
-482	875	-345
-540	924	-381
-509	983	-295
-441	967	-232
-800	942	-511
-858	915	-488
-656	625	-469
-559	540	-541
-525	691	-598
-575	735	-536
-576	686	-381
-575	647	-351
-552	711	-424
-506	782	-500
-484	816	-503
-504	803	-439
-562	800	-416
-642	902	-429
-839	1128	-540
-765	1100	-602
-552	708	-400
-516	520	-225
-661	560	-223
-674	704	-199
-570	748	-168
-552	684	-249
-546	688	-324
-543	748	-360
-554	756	-343
-580	728	-303
-601	771	-250
-561	803	-228
-514	784	-269
-497	803	-321
-480	887	-314
-485	900	-273
-711	889	-465
-865	1078	-441
-719	812	-217
-764	480	-305
-826	697	-449
-723	795	-464
-639	660	-388
-592	622	-289
-573	647	-320
-530	777	-388
-444	854	-377
-404	865	-338
-441	823	-378
-464	783	-420
-477	911	-354
-488	1091	-328
-561	1182	-321
-732	1228	-456
-652	847	-505
-557	492	-343
-633	492	-281
-701	568	-324
-589	688	-250
-474	790	-169
-493	686	-279
-527	684	-338
-532	707	-324
-477	764	-245
-441	903	-223
-457	1083	-305
-397	1222	-264
-516	1172	-506
-744	961	-578
-729	681	-444
-628	670	-529
-648	679	-497
-711	540	-234
-644	563	-216
-503	591	-292
-441	716	-311
-442	792	-376
-452	822	-378
-472	780	-402
-548	880	-336
-548	1027	-314
-682	1217	-333
-791	1199	-560
-643	775	-500
-615	519	-137
-708	664	22
-657	856	-84
-577	723	-153
-517	582	-167
-464	595	-189
-426	696	-252
-376	761	-320
-305	847	-303
-260	984	-301
-272	1235	-225
-276	1217	-125
-528	1087	-303
-762	944	-425
-713	871	-295
-666	679	-466
-604	716	-488
-616	707	-457
-615	680	-340
-575	688	-228
-513	728	-264
-441	800	-346
-389	851	-392
-404	867	-361
-473	847	-344
-517	875	-385
-480	1068	-359
-564	1316	-461
-556	1183	-488
-513	831	-386
-545	616	-178
-600	643	-40
-551	736	-72
-453	707	-98
-377	684	-178
-353	792	-264
-361	835	-324
-353	793	-304
-381	836	-268
-484	895	-223
-465	1047	-97
-349	1072	-109
-546	1070	-313
-785	1063	-448
-701	870	-309
-655	638	-447
-674	720	-505
-697	719	-465
-648	720	-282
-601	705	-185
-551	696	-220
-482	748	-296
-423	793	-397
-394	838	-412
-425	880	-321
-484	876	-309
-481	931	-330
-545	1166	-377
-695	1336	-469
-617	940	-413
-545	632	-232
-661	633	-21
-644	825	41
-500	819	-16
-417	679	-103
-385	708	-183
-369	758	-249
-313	787	-272
-308	856	-241
-426	839	-281
-468	892	-137
-368	1070	-15
-364	1049	-77
-612	1054	-289
-815	1134	-404
-717	871	-165
-761	607	-367
-826	758	-377
-797	748	-282
-692	664	-229
-607	654	-272
-554	692	-345
-505	775	-372
-413	867	-344
-361	896	-320
-397	876	-375
-423	912	-367
-436	993	-321
-561	1107	-322
-794	1247	-433
-685	839	-433
-557	399	-242
-744	422	-77
-832	753	-36
-647	854	-135
-492	751	-245
-426	780	-340
-385	780	-298
-369	743	-173
-498	743	-200
-690	900	-281
-733	950	-281
-674	728	-218
-855	844	-413
-842	881	-541
-706	711	-452
-674	611	-444
-687	655	-421
-740	735	-346
-868	760	-474
-729	870	-648
-441	824	-543
-261	790	-497
-137	852	-405
-58	1046	-204
-193	915	-100
-345	809	-29
-397	864	-40
-399	1008	-52
-497	1115	59
-772	1039	-89
-1037	1087	-369
-761	841	-456
-533	524	-473
-588	460	-516
-652	569	-580
-597	648	-532
-564	704	-477
-557	836	-328
-592	864	-268
-599	831	-313
-540	841	-393
-493	823	-420
-496	812	-405
-530	830	-391
-559	851	-397
-625	1102	-480
-576	1288	-564
-423	866	-452
-496	612	-343
-740	556	-250
-793	718	-61
-607	740	-45
-477	606	-112
-436	624	-205
-463	708	-305
-457	752	-345
-391	760	-295
-396	831	-264
-521	935	-226
-532	1235	-1
-760	1249	-276
-889	956	-375
-722	824	-362
-641	625	-497
-697	588	-592
-749	560	-504
-664	601	-232
-607	686	-109
-570	752	-228
-525	811	-360
-484	839	-441
-433	871	-440
-405	864	-449
-396	864	-466
-377	967	-433
-381	1174	-386
-538	1316	-417
-592	1048	-430
-616	731	-353
-687	600	-63
-625	691	55
-493	736	-8
-407	670	-73
-377	707	-175
-376	811	-272
-345	851	-328
-290	838	-301
-269	886	-199
-399	899	-216
-433	1123	-68
-407	1203	-32
-732	1071	-303
-775	1033	-311
-680	801	-333
-697	633	-449
-720	673	-477
-660	639	-404
-596	627	-237
-584	675	-141
-580	775	-180
-528	860	-263
-461	880	-322
-413	895	-361
-424	876	-404
-449	867	-416
-434	998	-367
-549	1303	-381
-592	1264	-404
-544	929	-304
-509	591	-122
-583	523	22
-577	659	24
-449	785	3
-360	824	-73
-352	860	-194
-324	928	-244
-287	838	-292
-288	807	-313
-365	849	-311
-453	927	-188
-424	1087	-65
-376	1094	-80
-538	1048	-218
-772	1052	-372
-769	911	-320
-708	711	-349
-708	652	-397
-712	665	-394
-671	627	-298
-629	668	-200
-621	739	-208
-578	804	-268
-509	801	-301
-458	811	-324
-434	879	-356
-433	892	-413
-440	907	-397
-418	975	-362
-490	1151	-386
-557	1276	-409
-488	958	-376
-445	681	-253
-569	566	-144
-658	743	-49
-537	840	-29
-400	761	-93
-348	723	-207
-352	835	-281
-340	883	-320
-304	849	-288
-319	880	-281
-388	911	-273
-397	1039	-149
-328	1126	-114
-607	1096	-345
-775	1036	-378
-738	748	-336
-712	611	-388
-757	687	-442
-727	711	-392
-621	705	-208
-578	655	-161
-541	704	-218
-516	796	-329
-472	865	-373
-401	892	-364
-401	876	-396
-441	905	-464
-439	959	-456
-564	1207	-444
-609	1172	-365
-617	995	-218
-612	699	-20
-687	596	134
-628	753	84
-498	788	-17
-420	713	-109
-380	735	-185
-369	785	-212
-345	808	-160
-344	838	-120
-393	891	-175
-461	907	-144
-404	1055	-20
-344	1104	-37
-552	1019	-207
-813	1083	-372
-791	904	-361
-697	657	-421
-671	652	-453
-690	695	-484
-666	694	-313
-648	684	-129
-618	691	-136
-546	771	-241
-500	799	-333
-506	847	-337
-514	881	-261
-509	876	-263
-477	871	-345
-433	926	-375
-442	1127	-370
-570	1340	-428
-580	1072	-397
-456	643	-261
-481	542	-121
-624	696	-89
-548	892	-52
-369	921	-80
-279	864	-231
-276	932	-329
-324	862	-356
-400	820	-392
-479	889	-344
-487	905	-285
-490	758	-311
-481	624	-368
-527	587	-468
-708	611	-593
-980	705	-769
-872	855	-757
-615	736	-706
-500	684	-676
-465	791	-644
-487	839	-633
-589	839	-633
-729	755	-637
-762	678	-561
-737	580	-492
-672	606	-425
-656	827	-452
-677	1019	-464
-674	952	-231
-648	721	-77
-665	620	-100
-664	712	-160
-599	758	-157
-532	755	-137
-471	750	-164
-433	739	-212
-420	769	-237
-445	807	-249
-488	782	-177
-541	760	-90
-577	793	-125
-521	1014	-34
-377	1191	-41
-536	1043	-184
-898	995	-405
-867	887	-277
-743	655	-385
-724	673	-487
-722	668	-473
-690	632	-311
-632	615	-181
-601	632	-205
-575	719	-260
-549	807	-313
-496	831	-305
-464	872	-295
-447	889	-345
-433	915	-377
-440	972	-346
-497	1119	-241
-680	1396	-303
-682	1080	-385
-557	519	-248
-628	435	-132
-724	657	-114
-573	835	-50
-425	737	-96
-385	684	-208
-388	783	-269
-372	831	-268
-328	856	-244
-287	899	-252
-364	945	-311
-365	1160	-154
-458	1283	-241
-797	1136	-429
-749	803	-282
-749	561	-378
-807	695	-461
-729	696	-369
-580	670	-173
-538	649	-160
-537	691	-178
-532	758	-216
-484	824	-248
-424	888	-288
-437	899	-352
-513	927	-360
-572	1075	-288
-722	1361	-308
-676	1112	-344
-596	694	-260
-685	511	-121
-746	588	-7
-609	679	-15
-448	679	-55
-381	665	-136
-377	771	-228
-362	831	-260
-324	830	-233
-301	903	-193
-356	998	-221
-328	1283	-98
-537	1273	-304
-793	1047	-360
-737	795	-333
-852	689	-538
-832	737	-545
-679	620	-399
-535	649	-162
-525	647	-141
-553	699	-157
-508	780	-216
-425	841	-300
-408	884	-356
-449	880	-404
-488	913	-356
-473	1095	-293
-573	1384	-372
-532	1115	-360
-452	747	-278
-503	608	-184
-672	648	-136
-612	695	-92
-460	719	-64
-369	718	-125
-352	806	-232
-332	849	-296
-292	847	-296
-292	852	-296
-416	963	-272
-434	1313	-60
-602	1193	-225
-836	1022	-410
-736	819	-425
-677	641	-503
-701	667	-577
-722	655	-581
-645	588	-397
-623	585	-88
-657	615	-10
-615	736	-177
-495	823	-338
-407	856	-444
-417	876	-441
-488	908	-344
-536	999	-225
-537	1190	-271
-656	1337	-400
-540	915	-338
-464	592	-305
-548	679	-276
-605	696	-256
-474	624	-221
-313	689	-146
-260	844	-156
-271	940	-281
-303	831	-325
-282	806	-338
-353	883	-354
-394	1299	-138
-532	1199	-225
-829	1072	-421
-800	918	-431
-690	639	-473
-695	647	-559
-676	672	-536
-600	620	-388
-562	591	-215
-596	647	-93
-593	751	-164
-500	839	-305
-449	859	-404
-484	880	-388
-532	856	-362
-541	894	-349
-567	1129	-392
-698	1296	-449
-625	999	-372
-552	712	-226
-621	585	-47
-668	652	28
-530	731	6
-409	724	-64
-377	747	-189
-365	828	-248
-329	831	-266
-300	823	-192
-336	871	-194
-484	933	-208
-413	1144	6
-473	1139	-57
-912	1097	-436
-721	888	-144
-769	561	-296
-951	839	-436
-820	862	-266
-623	670	-159
-552	600	-146
-537	648	-193
-476	704	-289
-340	849	-308
-308	942	-314
-405	903	-360
-477	880	-296
-482	1011	-169
-509	1268	-200
-632	1414	-378
-487	968	-402
-370	588	-296
-526	604	-263
-653	668	-301
-485	785	-199
-306	888	-65
-303	803	-200
-344	831	-285
-389	801	-296
-393	775	-269
-436	815	-242
-488	867	-160
-367	1120	-17
-324	1192	-144
-669	1155	-484
-761	999	-356
-685	679	-421
-663	708	-567
-690	753	-561
-669	659	-320
-642	636	-44
-645	552	-25
-612	583	-103
-640	563	-473
-656	751	-320
-680	889	-178
-845	835	-148
-797	868	-265
-600	1124	-753
-602	1201	-837
-564	999	-554
-532	752	-13
-689	856	427
-836	652	103
-600	655	32
-452	636	-65
-433	728	-63
-465	740	-50
-452	756	-40
-456	760	-90
-490	739	-121
-472	819	0
-413	927	60
-436	905	-40
-436	876	-132
-437	888	-201
-788	1136	-281
-832	1198	-64
-700	535	94
-988	655	-273
-1036	1080	-300
-800	800	-272
-552	625	-336
-388	657	-338
-386	712	-239
-397	849	-164
-292	929	-253
-237	926	-377
-268	918	-439
-328	967	-305
-433	1206	-208
-656	1390	-296
-674	1228	-400
-505	734	-336
-493	582	-208
-665	583	-225
-669	630	-236
-532	697	-161
-468	704	-160
-461	767	-232
-433	856	-296
-397	851	-360
-392	817	-391
-401	872	-330
-496	963	-221
-484	1011	-188
-440	1009	-336
-682	984	-528
-689	865	-493
-628	592	-433
-705	646	-520
-712	704	-525
-644	689	-366
-621	696	-269
-601	727	-276
-573	782	-353
-564	803	-400
-592	839	-373
-625	886	-293
-633	904	-234
-623	911	-288
-680	1001	-406
-660	1048	-349
-488	736	-232
-369	544	-170
-400	704	-153
-479	952	-176
-364	1014	-120
-263	883	-217
-266	849	-324
-373	844	-404
-508	780	-439
-616	734	-447
-682	712	-400
-689	719	-308
-660	689	-306
-617	719	-333
-625	716	-394
-704	718	-553
-724	727	-588
-664	527	-509
-720	671	-604
-733	863	-800
-668	804	-785
-615	688	-630
-656	595	-564
-712	608	-545
-720	656	-545
-696	668	-520
-642	659	-469
-607	684	-432
-581	716	-421
-661	892	-532
-836	1120	-711
-685	876	-424
-567	665	-93
-589	608	-4
-716	656	-85
-740	699	-92
-677	633	-144
-594	636	-212
-557	659	-305
-597	659	-305
-672	696	-205
-698	732	-64
-665	729	-64
-626	791	-136
-656	844	-175
-776	819	-148
-948	897	-229
-889	847	-301
-704	702	-385
-705	672	-484
-728	744	-616
-607	723	-525
-527	643	-369
-514	611	-260
-576	636	-232
-625	728	-237
-615	816	-263
-562	844	-296
-528	851	-340
-517	887	-361
-509	958	-344
-552	1116	-320
-650	1257	-376
-592	975	-360
-519	631	-296
-615	483	-240
-695	615	-154
-552	782	-17
-396	819	-41
-311	787	-181
-260	879	-200
-264	865	-196
-229	838	-189
-192	935	-188
-308	1209	-143
-685	1379	-266
-857	1086	-341
-727	812	-418
-653	604	-464
-650	559	-521
-665	569	-538
-639	646	-392
-631	752	-162
-626	769	-173
-556	807	-292
-485	820	-402
-496	820	-434
-522	832	-410
-509	839	-386
-480	864	-370
-479	844	-377
-477	852	-367
-519	1004	-409
-621	1196	-473
-509	947	-372
-477	827	-252
-570	694	-116
-669	755	31
-584	824	12
-450	713	-106
-351	716	-224
-327	816	-313
-344	831	-285
-343	814	-186
-328	844	-157
-361	913	-180
-447	1060	-100
-431	1196	-88
-772	1163	-319
-852	975	-303
-672	711	-346
-685	679	-479
-720	735	-503
-680	639	-433
-625	617	-241
-632	639	-146
-639	700	-144
-569	787	-216
-487	831	-311
-434	884	-354
-439	897	-361
-476	865	-349
-495	880	-312
-503	1027	-290
-586	1279	-345
-554	1103	-343
-484	808	-276
-468	639	-141
-573	679	-77
-568	792	-48
-423	828	-18
-349	777	-121
-349	812	-212
-360	862	-285
-359	809	-306
-405	783	-295
-473	835	-184
-504	920	-109
-449	960	-128
-359	1030	-167
-599	1139	-311
-840	1078	-325
-752	807	-258
-684	638	-380
-741	759	-456
-745	727	-416
-660	655	-200
-621	609	-136
-602	655	-160
-552	758	-212
-497	830	-305
-449	904	-305
-468	924	-297
-492	897	-340
-481	935	-380
-504	1176	-333
-572	1305	-314
-544	1044	-321
-516	729	-244
-628	591	-72
-705	675	140
-601	752	153
-461	654	-8
-385	664	-173
-354	785	-236
-322	863	-186
-295	888	-58
-338	924	-101
-466	1020	-104
-465	1222	56
-722	1151	-151
-848	1051	-233
-720	835	-260
-672	651	-388
-681	652	-445
-677	644	-439
-602	622	-313
-577	655	-154
-568	736	-108
-529	839	-205
-445	880	-293
-410	888	-359
-432	892	-352
-476	887	-308
-474	972	-264
-472	1182	-226
-607	1311	-294
-612	1084	-285
-568	759	-186
-648	583	-95
-685	608	-58
-586	601	-90
-440	609	-133
-359	707	-178
-333	886	-207
-320	963	-154
-333	870	-109
-353	902	-141
-481	992	-144
-488	1208	23
-757	1171	-207
-840	1033	-242
-697	783	-328
-669	680	-432
-738	691	-481
-692	577	-405
-599	599	-233
-589	700	-97
-569	812	-151
-488	892	-257
-381	886	-349
-337	895	-370
-386	892	-353
-434	870	-333
-449	928	-281
-453	1079	-232
-586	1264	-274
-637	1175	-313
-544	806	-269
-528	625	-103
-633	636	-56
-589	694	-77
-448	766	-42
-385	804	-97
-392	851	-192
-404	876	-249
-407	812	-264
-445	787	-258
-508	822	-173
-522	895	-89
-440	977	-49
-361	995	-104
-433	1020	-185
-765	1116	-360
-706	1012	-183
-628	675	-237
-668	691	-317
-752	791	-356
-698	739	-258
-597	689	-156
-554	695	-152
-537	745	-173
-500	824	-193
-440	883	-213
-426	880	-265
-461	903	-340
-453	975	-335
-488	1123	-260
-633	1344	-264
-626	1095	-253
-562	751	-144
-592	531	-29
-658	604	19
-577	731	15
-429	755	-18
-360	753	-112
-336	839	-189
-313	892	-228
-296	856	-196
-332	888	-202
-429	940	-207
-402	1113	-36
-349	1214	-32
-656	1123	-257
-728	961	-282
-648	688	-296
-644	639	-380
-728	763	-452
-700	777	-359
-626	713	-153
-616	659	-93
-594	711	-130
-548	799	-212
-488	856	-269
-464	876	-298
-489	883	-314
-493	928	-308
-465	1086	-288
-585	1400	-368
-549	1183	-346
-397	648	-236
-397	495	-157
-592	686	-136
-612	824	-121
-416	871	32
-314	785	-89
-276	847	-201
-293	935	-351
-365	931	-456
-433	919	-385
-473	929	-193
-439	888	-194
-394	824	-316
-380	832	-409
-529	943	-564
-680	1147	-589
-602	759	-445
-576	487	-433
-594	583	-506
-679	764	-636
-673	863	-681
-584	764	-580
-551	704	-456
-586	739	-431
-631	779	-452
-616	755	-436
-584	727	-408
-589	851	-408
-688	1187	-429
-592	1115	-345
-424	851	-276
-408	752	-284
-570	684	-333
-634	719	-289
-530	727	-191
-407	734	-130
-392	807	-200
-417	886	-301
-457	871	-356
-477	775	-328
-500	711	-245
-469	839	-100
-448	871	-209
-441	1075	-237
-672	1184	-344
-756	1043	-308
-708	772	-312
-647	636	-325
-708	676	-404
-728	688	-413
-634	691	-241
-573	707	-173
-545	781	-191
-527	835	-241
-503	857	-276
-487	852	-263
-489	847	-247
-513	855	-272
-541	958	-308
-625	1235	-340
-663	1319	-333
-577	904	-270
-529	608	-136
-623	503	-77
-665	623	-48
-560	700	-45
-433	744	-44
-378	803	-121
-369	888	-185
-353	867	-217
-340	831	-215
-375	895	-205
-490	958	-168
-457	1079	24
-408	1072	-4
-637	1059	-281
-684	1027	-292
-621	771	-279
-633	643	-359
-701	755	-404
-674	769	-340
-583	742	-153
-567	716	-141
-544	753	-193
-511	815	-244
-453	863	-261
-423	891	-261
-441	902	-284
-484	931	-320
-487	1007	-289
-580	1267	-285
-601	1256	-287
-551	955	-249
-508	659	-156
-586	515	-68
-633	647	-13
-551	732	-8
-410	775	-7
-365	793	-113
-373	843	-184
-364	824	-209
-360	809	-193
-410	851	-193
-481	903	-114
-441	1115	24
-420	1159	-40
-729	1103	-274
-801	985	-293
-713	711	-380
-689	702	-452
-684	735	-473
-601	670	-361
-530	670	-141
-548	655	-103
-564	760	-200
-497	855	-309
-423	871	-351
-416	881	-349
-448	899	-367
-492	929	-333
-516	1071	-264
-599	1270	-292
-653	1257	-338
-567	855	-281
-520	577	-141
-609	556	-68
-596	595	-98
-471	647	-96
-378	751	-88
-365	860	-175
-330	947	-215
-304	870	-225
-305	828	-248
-385	908	-257
-453	1120	-85
-431	1185	-80
-721	1134	-292
-800	966	-333
-696	711	-364
-698	668	-460
-712	671	-460
-641	631	-335
-583	668	-152
-596	703	-93
-569	777	-152
-500	833	-265
-416	860	-360
-364	892	-381
-407	924	-364
-456	966	-309
-473	1094	-266
-573	1336	-340
-537	1081	-353
-476	716	-290
-589	614	-208
-697	715	-105
-566	755	-61
-418	718	-61
-356	719	-153
-361	820	-234
-361	824	-279
-320	790	-272
-288	864	-249
-407	1038	-244
-410	1264	-2
-618	1187	-157
-792	1007	-272
-727	848	-305
-657	681	-401
-669	710	-474
-682	721	-465
-605	703	-272
-562	681	-101
-557	688	-103
-505	779	-204
-433	859	-305
-416	880	-325
-461	891	-296
-471	894	-305
-448	945	-330
-456	1127	-317
-589	1305	-320
-617	1073	-303
-552	727	-212
-629	551	-40
-688	648	60
-569	723	31
-433	743	-25
-368	739	-162
-344	814	-237
-335	824	-236
-340	840	-154
-385	931	-104
-477	927	-185
-450	1147	25
-817	1228	-177
-1021	1078	-136
-911	465	-39
-975	497	-242
-881	748	-377
-709	639	-425
-601	609	-410
-541	716	-434
-468	795	-476
-335	931	-409
-272	937	-354
-313	891	-356
-380	897	-353
-416	1039	-263
-409	1193	-239
-564	1372	-385
-545	1168	-466
-528	743	-285
-661	561	-141
-682	484	-97
-516	577	-18
-429	641	-61
-441	752	-177
-448	865	-256
-391	889	-239
-336	856	-173
-320	911	-137
-409	1055	-138
-420	1150	-128
-497	1107	-292
-729	1099	-418
-677	860	-417
-609	604	-450
-658	649	-506
-680	672	-540
-600	667	-365
-544	699	-138
-585	700	-152
-578	814	-249
-548	871	-365
-500	863	-412
-468	833	-393
-509	836	-326
-561	1020	-197
-687	1339	-306
-541	1262	-404
-353	737	-336
-436	492	-289
-688	527	-314
-712	649	-242
-561	700	-157
-431	822	-52
-415	839	-162
-392	831	-285
-366	803	-378
-370	799	-372
-442	819	-257
-559	940	-114
-569	1132	19
-647	1160	-113
-840	1063	-319
-764	964	-353
-604	716	-376
-569	552	-464
-552	607	-495
-525	660	-473
-537	739	-360
-520	808	-239
-441	943	-196
-433	929	-267
-484	808	-276
-493	835	-73
-594	816	-276
-615	768	-269
-552	1012	-156
-597	1201	-376
-524	1195	-444
-665	679	-292
-781	545	-277
-695	755	-313
-541	775	-301
-490	555	-221
-426	543	-117
-369	824	-269
-458	844	-280
-541	745	-106
-556	803	-137
-625	911	-129
-589	1180	136
-753	967	-216
-746	967	-543
-543	876	-568
-458	796	-426
-456	665	-456
-511	599	-620
-517	688	-628
-521	721	-556
-553	688	-474
-528	791	-369
-498	1094	-41
-569	974	-397
-536	803	-592
-754	675	-733
-903	911	-720
-661	608	60
-561	470	-274
-608	679	-480
-596	825	-449
-592	748	-275
-528	617	-314
-465	489	-449
-449	449	-605
-495	447	-892
-648	691	-970
-956	807	-532
-1117	687	-500
-815	803	-639
-489	759	-597
-495	648	-520
-560	630	-584
-556	737	-618
-580	755	-559
-594	726	-485
-592	702	-445
-590	683	-413
-625	726	-361
-688	824	-269
-706	969	-272
-777	1087	-473
-705	1023	-514
-557	732	-474
-493	543	-369
-552	563	-290
-586	664	-277
-514	775	-186
-497	787	-177
-541	743	-237
-544	769	-276
-493	775	-317
-455	780	-308
-477	800	-273
-489	854	-216
-519	871	-232
-493	1022	-200
-746	1097	-372
-897	1032	-328
-706	751	-210
-607	561	-338
-641	679	-404
-753	708	-468
-714	707	-338
-631	670	-212
-584	696	-224
-543	759	-248
-511	799	-290
-490	816	-308
-484	823	-328
-471	866	-354
-469	992	-352
-584	1177	-348
-744	1240	-369
-720	1003	-360
-648	635	-221
-641	446	-36
-672	576	1
-599	737	-73
-484	767	-127
-420	760	-185
-416	775	-220
-408	760	-209
-383	775	-183
-399	844	-200
-488	876	-236
-440	1087	-71
-485	1183	-93
-888	1136	-253
-856	928	-220
-693	598	-247
-756	576	-381
-848	716	-375
-732	723	-252
-618	668	-221
-541	691	-276
-528	729	-352
-493	822	-297
-464	878	-225
-465	891	-314
-449	892	-385
-452	942	-352
-511	1102	-257
-721	1292	-311
-788	1096	-424
-637	619	-269
-604	380	-64
-669	529	-20
-596	796	-65
-477	824	-92
-433	739	-184
-436	758	-237
-440	760	-228
-402	790	-161
-420	880	-143
-500	915	-225
-433	1103	-53
-455	1171	-98
-812	1092	-367
-775	888	-221
-637	488	-168
-813	591	-345
-921	806	-320
-784	679	-185
-680	651	-196
-605	729	-285
-541	787	-336
-445	848	-308
-369	881	-289
-389	910	-367
-375	935	-429
-345	968	-377
-487	1022	-250
-848	1196	-301
-800	864	-320
-706	472	-56
-922	579	207
-912	862	43
-656	796	-90
-464	670	-199
-397	616	-232
-439	587	-173
-498	684	-1
-557	824	35
-545	847	-133
-464	943	-16
-434	1172	72
-839	1164	-177
-1040	921	-129
-852	439	-109
-884	545	-272
-874	792	-346
-682	671	-402
-580	596	-433
-516	678	-456
-394	823	-488
-276	942	-412
-252	959	-337
-296	910	-309
-352	905	-361
-413	991	-309
-432	1108	-193
-584	1259	-281
-753	1139	-471
-709	704	-321
-733	572	-80
-713	627	-50
-538	695	-82
-415	673	-136
-404	697	-208
-442	771	-266
-420	811	-269
-345	817	-257
-320	908	-253
-457	966	-232
-482	1112	-76
-524	1167	-199
-753	1063	-340
-705	855	-298
-613	638	-354
-644	720	-437
-666	745	-431
-583	718	-292
-528	686	-178
-527	679	-178
-525	771	-231
-497	817	-287
-474	839	-308
-527	851	-333
-577	931	-313
-544	1123	-250
-625	1260	-368
-557	1011	-388
-504	671	-311
-615	591	-168
-720	700	-80
-609	756	-65
-456	763	-65
-409	724	-168
-388	812	-244
-397	799	-303
-364	780	-311
-361	851	-306
-397	979	-245
-456	1135	-104
-541	1183	-244
-785	1033	-399
-717	761	-381
-617	575	-409
-676	679	-520
-706	719	-564
-618	656	-408
-581	615	-233
-600	655	-157
-585	772	-217
-517	851	-333
-476	870	-362
-527	942	-333
-621	958	-381
-692	857	-496
-692	803	-378
-704	808	-276
-625	947	-349
-521	801	-471
-401	543	-481
-377	403	-473
-528	460	-540
-817	616	-724
-897	839	-858
-764	865	-857
-684	753	-733
-637	719	-553
-649	711	-456
-706	684	-391
-761	624	-297
-776	534	-255
-680	655	-225
-607	857	-274
-577	1083	-345
-610	1167	-408
-648	983	-433
-696	726	-313
-749	534	-164
-760	507	-136
-648	583	-160
-520	697	-152
-513	758	-199
-561	798	-265
-553	822	-242
-516	772	-231
-473	766	-212
-464	831	-186
-525	915	-193
-561	992	-136
-644	1083	-156
-873	1008	-303
-761	851	-241
-610	711	-353
-559	620	-392
-628	624	-397
-693	631	-367
-665	665	-241
-621	736	-175
-529	852	-237
-429	881	-349
-397	839	-353
-464	835	-233
-554	816	-269
-572	883	-296
-525	1036	-260
-644	1254	-319
-689	1201	-393
-602	792	-385
-621	560	-228
-719	572	-87
-660	684	-58
-493	739	-48
-410	672	-89
-415	708	-184
-436	760	-264
-391	796	-289
-349	841	-242
-481	881	-265
-530	1208	39
-601	1257	-82
-860	1107	-361
-685	871	-164
-666	604	-350
-720	665	-413
-720	667	-392
-633	635	-269
-584	667	-149
-561	748	-153
-500	806	-218
-440	839	-285
-409	851	-324
-442	849	-371
-481	945	-329
-512	1142	-196
-676	1350	-320
-591	1182	-433
-529	769	-360
-615	496	-133
-669	561	-13
-568	684	-34
-439	719	-15
-415	673	-98
-433	777	-212
-408	815	-298
-349	830	-360
-325	896	-369
-413	974	-289
-497	1243	-7
-668	1164	-125
-834	984	-322
-744	819	-308
-679	615	-405
-705	664	-477
-745	668	-474
-697	638	-281
-644	644	-100
-644	647	-97
-605	719	-186
-570	773	-296
-516	828	-346
-482	851	-381
-484	920	-333
-497	1096	-266
-665	1304	-375
-618	1089	-423
-615	684	-388
-776	616	-141
-732	703	-33
-527	713	-55
-402	577	-113
-373	576	-196
-445	719	-296
-484	787	-360
-409	808	-313
-399	883	-234
-562	1039	-144
-569	1196	48
-756	1129	-279
-817	935	-289
-732	739	-340
-690	624	-468
-685	668	-497
-663	655	-473
-594	670	-272
-570	688	-129
-557	729	-157
-513	815	-271
-440	855	-346
-423	871	-340
-497	835	-316
-551	865	-308
-548	1036	-304
-693	1331	-375
-658	1176	-377
-567	838	-314
-588	543	-180
-680	536	-8
-625	675	31
-488	705	-13
-404	683	-92
-399	753	-193
-417	804	-249
-383	806	-228
-356	855	-178
-448	924	-225
-481	1223	-9
-676	1251	-145
-941	1060	-277
-754	775	-261
-653	579	-365
-725	635	-456
-772	671	-473
-663	670	-279
-605	665	-132
-594	681	-120
-550	767	-196
-505	816	-274
-497	831	-305
-519	851	-317
-532	915	-324
-505	1039	-313
-584	1287	-327
-640	1239	-361
-549	884	-292
-505	604	-212
-624	540	-104
-633	639	-31
-497	679	-29
-357	736	-57
-336	791	-180
-348	887	-249
-329	852	-258
-305	848	-233
-416	913	-288
-465	1232	-40
-640	1345	-116
-848	1068	-237
-729	766	-271
-673	579	-365
-754	639	-441
-789	647	-432
-674	670	-213
-612	688	-58
-597	707	-95
-549	764	-192
-512	807	-279
-468	841	-317
-471	856	-353
-485	940	-362
-482	1128	-317
-618	1363	-365
-593	1103	-353
-541	788	-264
-618	580	-93
-720	635	22
-605	691	1
-436	686	-44
-356	676	-144
-368	794	-228
-391	839	-279
-351	812	-260
-345	856	-260
-477	968	-212
-461	1208	-9
-509	1209	-180
-826	1055	-370
-706	783	-228
-720	585	-360
-848	775	-449
-749	807	-354
-613	712	-149
-584	622	-89
-575	632	-100
-562	696	-177
-514	825	-232
-465	902	-277
-481	899	-354
-492	926	-365
-501	1111	-295
-612	1347	-296
-605	1094	-306
-520	740	-208
-561	511	-66
-693	603	15
-629	761	19
-476	807	-7
-416	732	-114
-399	771	-200
-397	808	-241
-372	812	-232
-365	880	-192
-441	915	-240
-429	1116	-45
-381	1188	-72
-741	1112	-316
-813	935	-282
-685	579	-271
-732	599	-364
-863	768	-388
-800	736	-159
-685	615	-73
-594	600	-135
-545	713	-265
-506	864	-298
-468	907	-241
-498	865	-260
-569	859	-320
-553	899	-296
-541	1016	-247
-680	1219	-305
-663	1082	-336
-554	719	-268
-520	527	-114
-665	588	-58
-656	828	-2
-493	952	-5
-405	808	-152
-402	803	-205
-473	827	-218
-464	803	-180
-500	824	-141
-544	851	-121
-484	940	-74
-349	1035	-132
-308	1030	-177
-370	870	-185
-529	817	-345
-928	1067	-600
-717	751	-445
-572	504	-496
-548	691	-589
-589	732	-701
-640	726	-669
-655	646	-716
-656	627	-725
-698	595	-658
-783	551	-561
-815	500	-445
-799	615	-360
-800	742	-328
-725	787	-330
-677	824	-397
-712	835	-505
-776	753	-391
-866	575	-113
-845	603	-33
-777	753	-177
-737	675	-204
-642	673	-197
-695	630	-253
-735	583	-207
-701	652	-168
-656	680	-200
-637	671	-210
-584	695	-185
-521	823	-152
-516	929	-208
-569	950	-208
-546	958	-160
-801	995	-184
-952	812	-298
-797	704	-353
-674	596	-452
-666	571	-497
-724	611	-474
-692	622	-340
-656	609	-245
-689	652	-290
-642	700	-354
-618	784	-360
-634	835	-333
-679	798	-332
-639	803	-328
-628	951	-377
-802	1198	-482
-949	1287	-588
-712	839	-373
-708	527	-111
-928	399	-73
-932	259	1
-692	448	144
-480	551	1
-328	659	-113
-285	769	-196
-410	803	-335
-552	864	-418
-744	867	-229
-825	963	200
-672	1031	171
-882	1120	-212
-868	947	-168
-727	716	-341
-788	803	-439
-706	785	-303
-697	542	-149
-624	472	-84
-516	499	-180
-436	599	-212
-488	697	-207
-609	928	-249
-661	987	-295
-669	847	-292
-668	884	-210
-792	1136	-178
-839	1155	-360
-705	780	-301
-705	632	-52
-760	728	110
-576	819	39
-345	584	23
-231	399	-20
-328	504	-160
-488	791	-209
-597	935	-253
-498	1142	-233
-481	1017	-185
-474	1008	-33
-413	1048	-82
-761	1092	-244
-873	958	-192
-735	732	-241
-744	678	-367
-788	750	-349
-716	696	-234
-621	647	-157
-617	652	-168
-602	719	-186
-549	784	-208
-528	839	-199
-537	854	-196
-537	839	-241
-497	849	-269
-480	840	-260
-528	923	-201
-672	1095	-127
-789	1176	-224
-701	896	-260
-580	599	-152
-636	494	-57
-729	735	7
-573	956	47
-460	766	-58
-440	659	-125
-464	705	-191
-488	769	-225
-461	771	-209
-445	848	-173
-497	953	-136
-517	1078	-65
-448	1004	-92
-666	1035	-228
-850	988	-308
-706	838	-272
-637	625	-344
-717	696	-401
-743	755	-408
-664	728	-277
-621	665	-184
-616	657	-164
-593	697	-188
-565	766	-208
-548	830	-212
-580	839	-239
-592	844	-269
-588	894	-280
-569	952	-242
-648	1103	-220
-701	1083	-272
-586	790	-260
-544	616	-143
-689	622	-113
-716	811	3
-516	865	19
-436	707	-109
-461	664	-197
-488	764	-260
-468	796	-264
-484	803	-225
-524	884	-141
-511	967	-121
-441	960	-145
-417	928	-207
-657	999	-343
-794	1031	-353
-689	806	-274
-599	623	-320
-687	686	-385
-801	771	-409
-735	731	-281
-657	654	-193
-624	659	-201
-617	716	-232
-618	779	-234
-616	804	-220
-605	826	-216
-589	831	-242
-583	838	-300
-561	852	-306
-612	952	-280
-784	1121	-255
-780	1022	-241
-650	760	-129
-556	516	-32
-653	569	-25
-660	769	32
-545	819	39
-493	719	-41
-514	684	-120
-532	729	-162
-495	748	-112
-536	784	-82
-599	780	-136
-552	951	-45
-410	1055	-23
-400	975	-37
-729	960	-128
-1026	1016	-274
-788	796	-144
-759	568	-274
-882	715	-300
-876	707	-224
-719	663	-154
-621	663	-193
-589	694	-264
-562	775	-264
-535	857	-189
-506	871	-192
-496	871	-297
-485	899	-368
-489	928	-338
-605	1041	-205
-861	1112	-185
-856	880	-141
-656	467	15
-729	432	126
-800	747	86
-658	816	16
-535	668	-73
-482	624	-141
-458	704	-125
-433	812	-25
-409	903	15
-420	903	-129
-429	931	-137
-440	1315	28
-912	1183	-109
-872	699	-101
-744	568	-205
-845	694	-328
-872	763	-264
-736	734	-166
-637	711	-172
-569	734	-205
-528	755	-239
-481	839	-209
-436	876	-212
-445	864	-303
-465	889	-322
-474	934	-250
-575	1048	-180
-760	1260	-250
-672	991	-301
-511	636	-157
-541	527	-84
-684	694	-97
-588	881	12
-468	782	-57
-432	671	-160
-463	758	-253
-501	839	-322
-519	812	-320
-538	825	-213
-503	876	-148
-449	960	-162
-377	960	-252
-441	1017	-305
-848	1057	-433
-815	856	-257
-647	497	-345
-784	718	-532
-781	740	-554
-612	579	-320
-575	515	-205
-631	611	-216
-724	760	-255
-785	817	-180
-787	804	-111
-720	798	-143
-656	835	-253
-618	856	-324
-612	931	-336
-689	1107	-341
-685	1012	-304
-552	608	-224
-637	569	-89
-872	620	-169
-756	624	-73
-548	703	24
-488	664	-97
-505	668	-160
-549	704	-245
-525	783	-245
-506	937	-154
-557	1063	-16
-517	961	-15
-740	942	-160
-948	1015	-381
-729	1012	-441
-605	719	-465
-602	584	-464
-616	575	-429
-628	654	-272
-680	671	-167
-680	671	-146
-620	724	-180
-565	763	-247
-540	782	-296
-596	824	-295
-652	871	-253
-642	982	-247
-701	1167	-378
-669	1243	-436
-401	791	-313
-385	655	-137
-616	675	-168
-648	719	-208
-537	775	-154
-520	953	-232
-520	985	-216
-410	752	-132
-376	595	-138
-400	704	-221
-520	847	-276
-649	904	-212
-660	984	-58
-537	854	-188
-692	791	-450
-746	676	-544
-770	641	-581
-735	664	-720
-657	628	-772
-681	687	-714
-738	716	-616
-784	704	-592
-762	596	-616
-720	527	-540
-737	569	-466
-820	692	-324
-957	920	-324
-772	864	-388
-601	691	-301
-554	536	-290
-641	558	-351
-749	656	-364
-765	662	-266
-740	697	-58
-769	664	-49
-769	606	-82
-712	608	-120
-620	646	-130
-552	746	-64
-546	892	-116
-530	1033	-161
-557	998	-226
-828	972	-378
-775	1015	-362
-655	760	-306
-712	779	-412
-792	755	-472
-793	636	-369
-740	528	-249
-729	467	-154
-748	483	-104
-741	566	-61
-689	704	-74
-661	800	-164
-661	846	-263
-672	889	-290
-690	971	-281
-823	1167	-249
-808	1099	-247
-592	718	-168
-548	519	-77
-666	531	-93
-663	600	-120
-541	671	-93
-493	711	-87
-520	804	-104
-538	775	-55
-521	700	-63
-490	748	-80
-561	856	-135
-596	1059	-69
-698	1299	-56
-960	1087	-208
-820	715	-64
-863	556	-196
-976	648	-266
-874	607	-173
-706	593	-153
-620	620	-185
-570	710	-281
-506	798	-345
-416	839	-308
-330	931	-205
-381	984	-241
-504	1040	-216
-700	1161	-103
-997	1233	-176
-936	841	-129
-805	412	49
-852	240	-1
-725	444	-44
-544	660	-57
-447	710	-144
-409	838	-170
-421	878	-98
-441	743	-61
-449	808	-48
-567	931	-89
-615	1211	-4
-785	1216	-165
-906	924	-177
-769	718	-197
-781	656	-330
-802	711	-356
-724	705	-256
-612	654	-112
-585	639	-89
-586	689	-153
-561	743	-207
-532	782	-241
-497	838	-249
-492	907	-250
-517	961	-285
-704	1184	-285
-785	1252	-373
-548	737	-181
-568	612	-69
-761	620	-193
-714	617	-184
-549	646	-106
-450	759	-72
-480	822	-181
-562	803	-287
-641	732	-349
-623	700	-345
-559	816	-242
-493	979	-125
-529	830	-221
-554	864	-344
-769	992	-402
-825	879	-361
-687	632	-346
-665	647	-434
-753	696	-546
-781	656	-525
-695	568	-394
-676	560	-340
-713	655	-340
-740	732	-324
-703	767	-233
-689	750	-257
-712	758	-296
-744	769	-317
-781	856	-317
-897	1025	-359
-868	940	-336
-621	686	-205
-580	585	-137
-701	543	-132
-719	583	-81
-584	716	55
-514	743	-9
-540	689	-113
-538	710	-170
-503	686	-200
-476	695	-217
-480	863	-199
-544	1011	-168
-568	1143	-129
-887	1086	-276
-872	888	-138
-805	637	-153
-905	691	-255
-949	691	-269
-818	636	-172
-701	579	-121
-634	598	-127
-601	639	-193
-567	732	-232
-500	831	-232
-488	879	-261
-565	932	-289
-644	1027	-208
-820	1191	-121
-904	1107	-172
-721	764	-85
-658	491	19
-714	438	-53
-593	556	-81
-452	623	-113
-353	811	-63
-343	908	-72
-440	766	-121
-473	704	-167
-477	796	-180
-544	968	-160
-509	1148	-50
-553	1196	-104
-872	1003	-269
-801	831	-193
-722	716	-282
-820	792	-340
-837	771	-292
-705	664	-196
-601	588	-141
-586	591	-121
-605	639	-144
-578	719	-152
-521	811	-160
-520	884	-260
-548	967	-314
-581	1022	-269
-720	1164	-168
-802	1100	-181
-677	758	-148
-712	600	-56
-804	547	-50
-652	600	-1
-463	643	3
-382	715	-76
-412	766	-148
-452	776	-193
-445	775	-193
-426	835	-167
-488	1059	-111
-416	1273	-52
-648	1171	-199
-885	956	-292
-765	748	-207
-754	713	-316
-794	783	-353
-720	678	-269
-609	588	-186
-592	592	-148
-632	646	-112
-623	696	-88
-557	790	-98
-520	840	-185
-548	880	-303
-583	935	-288
-649	1038	-173
-882	1231	-175
-813	975	-185
-607	587	-97
-660	513	-72
-732	583	-97
-596	686	-9
-424	814	40
-415	732	-84
-485	687	-164
-497	708	-215
-456	740	-225
-421	872	-180
-492	1139	-168
-489	1200	-125
-706	1124	-276
-841	945	-282
-777	739	-193
-821	735	-309
-820	729	-324
-698	647	-242
-600	593	-189
-597	607	-132
-650	632	-124
-639	684	-101
-575	764	-114
-540	831	-176
-573	881	-281
-655	966	-287
-815	1120	-208
-866	1156	-137
-712	785	-92
-623	467	4
-764	463	-52
-776	659	-36
-612	724	31
-476	716	15
-444	710	-88
-445	739	-138
-429	744	-144
-407	815	-93
-504	932	-151
-556	1144	-24
-625	1339	-57
-857	1031	-160
-722	736	-177
-637	652	-271
-757	760	-338
-829	785	-263
-780	708	-133
-696	601	-72
-644	604	-68
-650	655	-161
-645	732	-202
-596	812	-225
-562	879	-261
-561	883	-357
-575	892	-344
-804	992	-212
-984	1006	-119
-850	673	-8
-800	472	92
-887	486	39
-848	636	-57
-767	664	-157
-701	657	-225
-624	686	-274
-544	726	-288
-495	759	-280
-441	864	-178
-380	972	-113
-333	974	-122
-337	996	-178
-472	1068	-224
-602	960	-288
-586	761	-288
-634	796	-282
-677	911	-250
-580	854	-215
-445	799	-221
-383	812	-225
-410	862	-205
-469	897	-159
-498	895	-148
-537	932	-197
-666	1089	-272
-845	1271	-167
-945	1224	-82
-778	691	-100
-589	248	4
-680	248	43
-761	688	107
-705	911	108
-584	684	15
-516	595	-96
-496	694	-125
-490	760	-64
-524	753	-80
-553	758	-136
-583	751	-122
-514	952	-4
-418	1059	-18
-509	1007	-77
-962	1048	-336
-892	1011	-133
-701	625	-136
-788	721	-279
-865	750	-288
-797	691	-186
-671	644	-121
-593	628	-125
-580	668	-183
-564	734	-209
-512	806	-200
-497	849	-221
-536	883	-288
-573	998	-257
-637	1156	-208
-772	1239	-239
-637	871	-233
-562	638	-113
-744	631	-80
-708	667	-9
-477	743	92
-381	678	-20
-409	670	-148
-453	764	-240
-436	798	-273
-409	816	-271
-425	955	-180
-496	1068	-109
-424	1100	-132
-528	1127	-221
-770	1004	-292
-786	871	-245
-717	687	-276
-708	720	-320
-737	756	-353
-676	691	-252
-621	608	-153
-616	612	-93
-616	691	-101
-561	808	-146
-484	844	-180
-509	860	-241
-593	918	-303
-672	1030	-257
-832	1244	-215
-784	1062	-184
-628	739	-106
-596	527	-36
-689	568	-50
-616	675	6
-452	721	48
-399	713	-49
-413	756	-144
-418	777	-202
-423	790	-213
-416	844	-178
-490	937	-141
-456	1129	-32
-445	1177	-136
-817	1095	-362
-765	908	-160
-727	654	-206
-857	811	-328
-840	783	-321
-701	623	-197
-624	579	-109
-628	604	-101
-621	655	-106
-561	761	-141
-473	880	-185
-484	903	-292
-520	927	-276
-576	992	-138
-709	1187	-114
-818	1227	-247
-559	724	-204
-532	609	-128
-685	625	-208
-604	635	-202
-428	638	-130
-292	894	19
-340	878	-141
-449	787	-242
-481	745	-301
-441	732	-312
-450	947	-186
-457	1151	-157
-485	1107	-276
-794	1051	-426
-778	844	-285
-712	707	-285
-751	799	-421
-770	748	-449
-706	633	-320
-653	595	-201
-647	585	-161
-639	636	-159
-616	728	-202
-589	784	-255
-607	816	-301
-634	870	-320
-660	928	-272
-741	1113	-249
-704	1052	-248
-532	803	-186
-524	689	-136
-690	692	-93
-663	751	31
-506	763	68
-447	684	-55
-458	712	-156
-477	758	-231
-469	747	-240
-525	817	-175
-589	886	-144
-541	931	-74
-449	952	-71
-424	967	-132
-705	1043	-293
-847	1017	-268
-709	728	-85
-761	652	-221
-881	784	-287
-871	695	-192
-753	617	-113
-663	639	-137
-648	677	-202
-625	713	-218
-559	785	-185
-497	870	-193
-512	881	-284
-545	892	-301
-554	929	-236
-717	1126	-153
-935	1212	-204
-724	736	-186
-564	396	-47
-781	473	-77
-781	748	8
-576	847	79
-487	688	-74
-455	686	-176
-457	780	-176
-452	831	-26
-452	860	36
-493	856	-104
-495	888	-108
-397	1084	52
-513	1166	19
-897	1019	-177
-832	748	-61
-761	593	-157
-868	680	-282
-925	704	-234
-831	663	-189
-705	689	-119
-668	695	-136
-656	707	-269
-643	684	-493
-544	719	-521
-469	784	-468
-431	835	-449
-402	952	-328
-401	1220	158
-677	1132	-116
-895	1335	-260
-636	814	-305
-455	527	-160
-552	595	-136
-664	689	-240
-545	755	-136
-399	817	-4
-400	830	-112
-492	791	-216
-548	784	-296
-503	750	-308
-441	771	-264
-431	979	-168
-492	995	-236
-636	1047	-377
-837	1123	-400
-753	854	-280
-657	624	-328
-708	708	-461
-737	696	-484
-698	608	-385
-665	572	-298
-672	608	-248
-695	680	-233
-705	732	-183
-692	734	-168
-679	769	-184
-730	910	-244
-869	1184	-305
-823	1116	-294
-554	616	-137
-493	440	-33
-708	526	-144
-781	647	-185
-600	759	9
-495	801	-20
-512	742	-161
-527	726	-231
-520	711	-285
-521	727	-266
-549	888	-85
-617	1011	-40
-570	1020	-119
-696	1105	-241
-815	967	-264
-713	743	-202
-689	704	-273
-781	764	-336
-788	728	-269
-677	615	-127
-625	576	-72
-625	655	-119
-600	753	-173
-546	825	-194
-528	851	-208
-572	871	-276
-589	899	-293
-629	999	-261
-773	1232	-232
-744	1015	-180
-613	697	-53
-592	542	51
-660	630	41
-552	782	57
-409	806	12
-388	771	-89
-407	803	-183
-396	855	-218
-380	840	-213
-434	835	-208
-532	806	-180
-561	876	-79
-439	1008	-64
-407	979	-138
-709	1113	-297
-897	1185	-185
-769	704	33
-900	612	-191
-897	764	-191
-813	611	-125
-743	585	-105
-746	627	-98
-765	644	-100
-738	679	-84
-697	763	-117
-671	822	-194
-648	851	-292
-583	839	-330
-551	816	-336
-749	940	-361
-900	998	-304
-836	672	-130
-857	471	-34
-946	531	-77
-873	675	-176
-772	676	-285
-733	663	-324
-693	670	-356
-561	612	-369
-441	588	-388
-404	679	-424
-408	817	-420
-336	1078	-250
-244	1345	-121
-377	1420	-305
-477	1241	-273
-584	961	-388
-556	728	-332
-588	636	-336
-665	689	-372
-652	739	-242
-559	736	-113
-517	787	-177
-489	870	-247
-456	894	-305
-412	887	-324
-404	867	-349
-463	854	-372
-561	944	-330
-716	1120	-276
-904	1308	-319
-706	968	-233
-541	620	-111
-640	425	-52
-877	444	-40
-848	629	64
-640	657	31
-500	636	-90
-456	723	-194
-413	880	-212
-368	910	-164
-381	892	-146
-465	952	-101
-522	1120	19
-564	1219	-61
-792	1116	-164
-791	806	-223
-705	588	-269
-725	670	-346
-746	704	-349
-669	686	-184
-592	670	-37
-569	679	-44
-540	755	-108
-519	838	-152
-520	880	-170
-571	960	-269
-632	1016	-292
-840	1310	-292
-807	1079	-160
-641	624	41
-644	423	110
-749	534	135
-697	753	137
-560	816	48
-445	760	-73
-400	744	-128
-407	728	-93
-433	743	-37
-479	783	-63
-506	812	-128
-502	876	-68
-406	1134	103
-505	1123	-41
-909	1105	-338
-784	960	-61
-689	515	-32
-885	691	-164
-977	779	-191
-829	679	-191
-669	681	-255
-592	716	-264
-576	697	-313
-546	742	-314
-512	824	-300
-447	913	-231
-429	975	-255
-434	1054	-268
-481	1172	-221
-724	1379	-264
-713	1020	-305
-569	526	-32
-781	367	27
-848	446	-29
-629	673	92
-487	664	7
-447	660	-161
-408	822	-217
-316	967	-153
-280	916	-121
-316	928	-152
-417	1112	-137
-544	1363	-217
-729	1214	-324
-672	872	-325
-525	616	-356
-481	627	-397
-564	766	-477
-633	812	-506
-660	744	-426
-672	659	-353
-695	614	-341
-708	625	-336
-689	702	-306
-688	775	-288
-706	857	-181
-713	947	12
-728	1089	-106
-631	1203	-217
-456	911	-248
-360	627	-232
-426	624	-247
-548	697	-258
-525	678	-237
-415	687	-184
-336	908	-45
-315	1137	-56
-465	862	-263
-529	761	-320
-532	788	-332
-476	854	-184
-464	899	-173
-442	944	-223
-525	1036	-322
-751	1142	-424
-712	947	-264
-648	620	-274
-719	742	-381
-706	791	-468
-642	705	-392
-601	664	-292
-621	655	-258
-653	664	-236
-663	704	-188
-653	723	-113
-696	774	-116
-692	851	-193
-637	905	-260
-636	1063	-314
-680	1180	-320
-570	897	-225
-509	688	-164
-599	644	-132
-705	654	-116
-612	689	-50
-464	726	9
-413	750	-68
-416	769	-132
-423	758	-205
-373	816	-199
-372	931	-148
-576	1022	-57
-629	1214	192
-949	1072	-64
-985	892	-137
-733	727	-192
-676	688	-349
-724	728	-408
-689	680	-385
-589	659	-258
-532	691	-113
-519	748	-92
-498	825	-144
-460	856	-205
-441	864	-292
-471	915	-343
-501	1011	-305
-608	1164	-244
-720	1228	-225
-639	923	-177
-522	656	-45
-609	571	17
-637	656	4
-485	764	57
-375	780	-16
-370	736	-133
-401	793	-199
-411	793	-242
-372	817	-197
-408	939	-173
-481	1179	-1
-456	1225	-61
-769	1164	-280
-788	1007	-189
-714	632	-244
-722	691	-321
-735	735	-335
-666	643	-210
-642	616	-114
-673	656	-66
-644	700	-45
-567	814	-74
-477	867	-125
-456	867	-215
-493	927	-297
-525	977	-287
-554	1103	-185
-712	1347	-153
-649	1048	-205
-525	643	-144
-602	540	-84
-733	577	-116
-626	614	-36
-472	632	3
-425	692	-65
-404	844	-135
-345	979	-170
-316	900	-233
-321	916	-242
-481	1016	-180
-474	1208	-10
-672	1216	-185
-773	1023	-189
-690	700	-231
-673	689	-319
-701	766	-368
-673	711	-279
-618	670	-125
-616	623	-48
-604	633	-47
-561	752	-111
-512	833	-178
-489	852	-233
-521	903	-273
-553	1055	-250
-665	1271	-216
-733	1260	-220
-605	835	-185
-577	595	-74
-701	583	-24
-637	647	6
-476	681	31
-400	696	-37
-378	769	-128
-392	840	-177
-385	839	-224
-364	860	-225
-426	947	-199
-505	1144	-16
-591	1247	-45
-825	1096	-180
-772	816	-181
-744	639	-282
-793	737	-348
-754	736	-296
-644	673	-160
-584	639	-87
-575	639	-80
-562	704	-111
-516	812	-140
-469	880	-184
-488	897	-279
-516	969	-303
-536	1107	-228
-656	1311	-180
-634	1072	-205
-561	732	-162
-637	588	-42
-735	638	22
-607	728	95
-471	711	71
-409	688	-36
-385	764	-109
-370	828	-161
-340	838	-168
-319	920	-148
-404	969	-196
-394	1164	28
-474	1294	-8
-808	1169	-177
-780	835	-192
-668	560	-253
-682	615	-335
-783	703	-392
-761	694	-225
-697	655	-40
-648	683	-36
-593	782	-121
-538	860	-194
-512	864	-205
-505	872	-225
-506	905	-288
-487	924	-285
-452	992	-232
-645	1214	-286
-672	1168	-274
-479	675	-170
-561	660	-106
-639	787	-111
-452	817	-154
-209	924	-200
-242	944	-333
-402	878	-392
-521	801	-397
-553	766	-364
-541	750	-424
-585	711	-500
-665	647	-591
-785	569	-637
-848	519	-625
-884	527	-557
-831	614	-541
-797	747	-525
-762	851	-457
-762	768	-449
-717	700	-455
-676	668	-452
-642	689	-456
-592	720	-456
-573	776	-488
-628	883	-541
-644	903	-524
-685	865	-365
-761	732	-82
-860	681	27
-786	727	-29
-660	700	-104
-609	668	-148
-591	659	-145
-559	704	-124
-500	758	-100
-473	766	-85
-450	807	-73
-413	878	-84
-484	972	-117
-488	1161	-52
-597	1174	-108
-832	975	-175
-744	774	-223
-679	652	-325
-759	758	-420
-732	742	-402
-637	668	-221
-559	668	-93
-557	711	-136
-549	785	-177
-559	812	-191
-576	812	-177
-554	814	-159
-554	828	-191
-569	880	-249
-615	1025	-300
-753	1260	-258
-712	1031	-207
-597	691	-164
-573	550	-58
-688	612	-16
-617	843	99
-488	807	62
-436	652	-72
-429	700	-145
-429	775	-218
-407	790	-244
-368	875	-221
-404	1003	-212
-455	1095	-113
-417	1086	-145
-705	1073	-296
-817	988	-250
-712	764	-207
-753	736	-338
-804	799	-349
-722	686	-256
-615	624	-125
-584	619	-100
-605	679	-116
-586	752	-136
-541	812	-144
-525	839	-209
-564	889	-279
-585	960	-272
-716	1151	-208
-786	1231	-184
-665	943	-167
-525	604	-72
-569	499	-36
-634	678	4
-535	799	99
-439	755	35
-400	723	-79
-401	799	-144
-388	798	-170
-365	809	-148
-365	910	-154
-445	1012	-156
-418	1126	8
-532	1192	-64
-848	1048	-202
-735	839	-141
-687	688	-276
-797	807	-377
-801	803	-360
-680	687	-188
-576	609	-79
-557	632	-109
-583	705	-128
-548	800	-121
-473	884	-145
-455	907	-268
-436	977	-311
-442	1068	-213
-545	1176	-117
-720	1316	-137
-625	944	-185
-493	614	-132
-592	583	-129
-648	655	-170
-512	688	-136
-386	696	-73
-345	783	-80
-337	894	-144
-345	859	-210
-327	800	-224
-340	902	-184
-429	1147	-64
-450	1236	-71
-689	1239	-196
-820	947	-240
-685	624	-276
-672	664	-385
-727	780	-426
-685	719	-328
-600	671	-127
-592	655	-61
-578	699	-100
-549	775	-164
-530	817	-204
-528	860	-220
-554	911	-226
-594	974	-220
-690	1142	-217
-720	1203	-225
-573	886	-215
-500	659	-144
-589	632	-97
-618	713	-41
-464	783	60
-356	755	-8
-362	728	-122
-400	783	-202
-404	799	-264
-400	809	-272
-417	940	-164
-463	1135	-16
-429	1175	-47
-735	1084	-260
-788	975	-244
-664	702	-296
-729	795	-399
-781	832	-420
-687	696	-225
-604	614	-93
-601	584	-52
-601	619	-68
-580	740	-112
-535	824	-188
-517	871	-232
-541	944	-264
-559	1031	-233
-676	1208	-193
-780	1137	-177
-674	758	-170
-660	555	-96
-746	559	-49
-625	732	83
-472	758	67
-400	651	-85
-381	687	-149
-388	777	-193
-330	801	-184
-249	967	-103
-357	1100	-208
-433	1315	-68
-680	1302	-127
-889	960	-175
-784	750	-221
-785	712	-372
-785	758	-369
-674	668	-250
-568	606	-128
-551	620	-97
-580	678	-104
-554	752	-101
-488	835	-136
-473	883	-237
-471	931	-312
-468	983	-277
-473	1068	-177
-618	1279	-157
-664	1137	-215
-554	728	-183
-605	630	-104
-697	631	-127
-572	674	-81
-420	695	-42
-385	711	-104
-381	817	-167
-380	856	-213
-354	811	-220
-356	867	-185
-520	1031	-93
-496	1230	96
-709	1219	-116
-865	1006	-212
-759	700	-217
-721	633	-340
-762	752	-394
-722	686	-282
-621	624	-96
-594	632	-58
-562	726	-137
-482	845	-258
-402	908	-284
-441	888	-296
-505	903	-281
-516	952	-258
-573	1097	-231
-693	1252	-231
-601	928	-241
-512	688	-148
-585	615	-29
-690	779	49
-557	864	96
-432	711	-8
-388	668	-125
-397	744	-194
-396	824	-218
-369	839	-157
-381	923	-121
-452	992	-52
-426	1097	-12
-559	1123	-175
-823	1086	-258
-769	880	-231
-697	657	-298
-732	664	-378
-784	692	-376
-708	665	-200
-633	659	-73
-609	678	-112
-575	775	-204
-551	847	-244
-532	860	-189
-536	871	-167
-535	921	-191
-519	920	-223
-663	1086	-288
-647	1139	-285
-512	927	-258
-391	705	-156
-452	655	-160
-592	819	-189
-525	831	-137
-412	849	-89
-375	884	-204
-397	848	-312
-436	796	-391
-458	748	-388
-516	760	-372
-687	806	-370
-925	870	-471
-888	760	-493
-892	831	-580
-717	694	-589
-568	600	-493
-537	680	-488
-596	751	-522
-698	775	-512
-756	752	-448
-784	747	-404
-793	743	-346
-728	694	-261
-754	713	-244
-767	839	-263
-701	904	-249
-624	836	-149
-580	735	-31
-594	782	-1
-586	808	-10
-541	723	-13
-537	639	-47
-578	647	-92
-609	716	-96
-567	783	-40
-490	824	-8
-461	835	-36
-488	888	-48
-544	960	-47
-461	1025	24
-504	1068	-21
-839	1076	-269
-761	991	-225
-620	625	-280
-680	639	-353
-761	699	-373
-724	654	-178
-695	643	-16
-680	705	-63
-612	803	-159
-545	847	-217
-497	859	-233
-471	873	-231
-500	884	-252
-517	926	-250
-490	990	-208
-525	1132	-189
-613	1180	-202
-568	904	-226
-532	713	-164
-672	681	-113
-733	703	-26
-561	807	127
-452	739	31
-418	671	-97
-440	718	-157
-460	742	-208
-404	780	-197
-365	931	-170
-397	1131	-109
-416	1144	-49
-674	1159	-125
-868	979	-180
-773	761	-217
-679	675	-308
-716	705	-354
-761	716	-340
-680	683	-177
-601	655	-82
-575	707	-125
-549	801	-202
-509	836	-229
-473	839	-213
-489	852	-208
-554	902	-272
-580	979	-285
-696	1192	-273
-712	1180	-257
-605	937	-186
-528	657	-31
-608	604	50
-601	772	112
-463	788	103
-381	704	-16
-372	719	-128
-370	796	-184
-333	830	-180
-369	856	-168
-493	831	-164
-465	1024	27
-348	1068	-9
-386	995	-119
-708	1088	-272
-816	1020	-269
-720	739	-290
-705	684	-376
-761	747	-416
-706	683	-290
-642	632	-105
-637	655	-88
-616	732	-168
-573	798	-225
-561	824	-244
-575	865	-241
-597	908	-232
-605	990	-253
-697	1190	-313
-685	1113	-328
-520	787	-233
-489	624	-117
-637	657	-77
-599	729	14
-441	752	76
-407	675	-50
-441	719	-159
-493	783	-239
-479	803	-265
-461	856	-212
-522	912	-141
-541	1032	-50
-433	1023	-66
-561	1059	-160
-804	971	-245
-737	876	-141
-697	743	-241
-756	787	-325
-820	763	-301
-733	646	-138
-628	625	-82
-584	680	-138
-565	751	-189
-544	796	-177
-497	847	-160
-479	883	-221
-500	900	-311
-496	931	-309
-525	1038	-265
-669	1193	-180
-749	1072	-135
-644	756	-34
-592	536	57
-610	619	67
-521	803	62
-426	808	-10
-376	751	-82
-399	793	-143
-402	835	-170
-369	835	-144
-369	880	-141
-469	923	-194
-431	1052	-58
-372	1103	-39
-688	1113	-210
-804	999	-240
-648	772	-159
-682	695	-255
-831	828	-298
-828	755	-228
-677	659	-113
-584	636	-111
-564	680	-148
-561	736	-159
-516	815	-136
-481	864	-173
-508	902	-272
-552	972	-296
-575	1039	-218
-697	1216	-140
-735	983	-172
-621	675	-124
-623	566	-53
-653	692	-72
-489	876	44
-376	817	7
-367	684	-75
-409	704	-144
-444	806	-160
-396	844	-130
-344	935	-125
-442	1033	-104
-456	1129	-20
-520	1167	-74
-820	1068	-185
-781	886	-217
-676	676	-297
-693	694	-349
-753	719	-337
-709	659	-154
-629	625	-45
-609	664	-89
-577	764	-164
-530	808	-178
-498	838	-151
-511	870	-170
-544	910	-225
-560	955	-223
-597	1046	-151
-748	1247	-153
-680	988	-208
-537	679	-136
-609	609	-106
-674	632	-98
-559	692	15
-425	755	73
-392	758	-71
-413	785	-151
-429	790	-213
-389	792	-204
-373	927	-148
-474	1151	-13
-412	1139	-36
-612	1112	-201
-816	1025	-260
-680	806	-252
-626	689	-321
-705	768	-369
-746	739	-312
-656	668	-111
-600	639	-56
-576	687	-101
-559	775	-172
-528	807	-189
-514	814	-173
-564	851	-180
-671	918	-212
-893	1071	-177
-1137	1206	-141
-904	747	-44
-708	403	76
-692	470	63
-608	737	9
-471	771	-45
-392	739	-106
-348	775	-133
-321	871	-34
-308	952	-8
-439	913	-80
-544	896	19
-572	944	40
-665	910	-122
-729	832	-276
-665	780	-314
-639	743	-362
-641	801	-353
-580	830	-269
-551	823	-236
-535	820	-244
-548	832	-290
-557	809	-314
-556	798	-296
-556	795	-272
-573	807	-290
-583	878	-330
-697	1008	-361
-719	1063	-253
-789	1004	-57
-801	734	150
-776	568	227
-706	695	164
-584	775	60
-506	719	-2
-482	673	-64
-469	696	-97
-449	716	-81
-439	752	-45
-450	878	-8
-460	947	-84
-429	960	-100
-385	1004	-74
-369	1054	-57
-612	1043	-145
-861	1020	-208
-743	828	-125
-672	568	-186
-785	671	-274
-906	816	-353
-816	783	-242
-652	679	-153
-556	632	-157
-512	684	-256
-497	814	-306
-439	967	-234
-452	982	-260
-493	912	-346
-480	881	-362
-532	974	-372
-804	1161	-417
-746	892	-274
-557	511	-40
-737	600	120
-951	828	-24
-753	870	-26
-610	627	-87
-561	639	-146
-548	721	-175
-560	759	-168
-533	736	-108
-493	713	-120
-460	780	-136
-441	827	-119
-481	840	-153
-541	815	-224
-589	879	-136
-888	1107	-96
-1204	1084	-130
-877	608	-141
-711	505	-264
-852	624	-400
-848	625	-424
-772	615	-345
-692	623	-284
-673	659	-313
-692	726	-343
-698	736	-328
-680	736	-296
-684	760	-271
4095	4095	4095
1311	6	85
