Activity Name: tooth/
UserID: 25716
StartTime: 0
x	y	z
224	-304	-656
145	-301	-676
112	-244	-874
112	-277	-999
65	-324	-1076
7	-345	-1069
-52	-516	-1165
-106	-601	-1165
-168	-673	-1009
-301	-589	-921
-333	-706	-879
-328	-762	-852
-301	-730	-813
-341	-645	-617
-408	-653	-365
-444	-887	-319
-484	-856	-212
-505	-953	-143
-477	-908	-160
-441	-863	-169
-361	-857	-138
-289	-893	-122
-317	-989	-189
-386	-1040	-268
-427	-1096	-241
-468	-1066	-202
-424	-980	-216
-357	-879	-140
-332	-804	-186
-328	-804	-197
-336	-834	-173
-336	-864	-174
-335	-964	-149
-327	-1007	-129
-287	-932	-95
-280	-959	-120
-287	-948	-148
-280	-932	-157
-308	-961	-176
-329	-1007	-200
-351	-983	-194
-333	-976	-199
-360	-970	-247
-333	-964	-273
-335	-945	-328
-341	-961	-357
-296	-960	-239
-305	-953	-404
-354	-914	-449
-417	-938	-576
-489	-940	-581
-479	-874	-549
-429	-833	-516
-295	-863	-344
-242	-813	-361
-245	-799	-296
-225	-800	-369
-249	-857	-345
-276	-815	-458
-324	-829	-616
-313	-793	-544
-300	-917	-585
-245	-753	-548
-276	-826	-520
-264	-847	-444
-312	-957	-301
-305	-928	-279
-269	-928	-191
-269	-933	-162
-349	-1037	-80
-313	-1007	-39
-168	-1049	195
-229	-989	168
-244	-986	223
-303	-951	238
-281	-893	323
-244	-935	334
-253	-973	382
-329	-957	454
-322	-861	515
-281	-752	580
-328	-720	616
-328	-770	630
-381	-681	551
-441	-698	668
-466	-757	688
-631	-932	799
-753	-1105	843
-585	-1273	958
-93	-1449	1107
479	-1066	540
363	-1015	252
179	-973	475
-132	-705	-17
-362	-362	-196
287	-610	-127
615	-784	287
803	-130	135
638	-264	-8
508	-285	54
323	-15	127
327	35	112
451	-490	199
-44	-1905	724
41	-1489	860
184	-1192	639
1	-1017	666
-197	-749	652
-348	-900	611
-231	-660	662
-212	-610	807
-226	-620	760
-202	-680	758
-95	-721	569
-56	-1001	374
-21	-1256	184
19	-1056	71
-8	-1160	100
-34	-993	25
-79	-985	108
-68	-1028	183
-31	-1077	127
-52	-1047	145
40	-972	142
129	-964	80
175	-1048	88
184	-1063	131
152	-1025	171
7	-820	284
83	-968	201
112	-964	143
152	-952	158
176	-1021	124
113	-1060	167
-41	-1017	192
-89	-973	219
-125	-909	225
-127	-1009	254
-106	-988	287
-58	-983	273
-10	-1080	339
63	-1058	315
23	-1048	360
-73	-1064	366
-113	-935	387
-143	-949	425
-153	-925	427
-239	-984	486
-248	-937	455
-277	-889	462
-287	-916	428
-285	-912	416
-288	-924	417
-272	-913	431
-264	-900	425
-240	-919	428
-204	-897	364
-178	-888	367
-170	-945	380
-215	-978	383
-225	-912	323
-281	-964	224
-256	-817	252
-225	-890	166
-241	-729	204
-264	-893	188
-360	-729	316
-447	-802	500
-508	-826	409
-568	-756	423
-655	-797	416
-721	-865	404
-784	-818	448
-804	-793	360
-793	-826	350
-744	-720	281
-693	-729	235
-656	-641	159
-793	-397	583
-741	-260	481
-628	-922	-77
-657	-1329	158
-776	-660	248
-836	25	319
-706	-385	263
-701	-1066	465
-788	-104	203
-706	-253	152
-665	-829	63
-705	-967	-86
-761	-570	-221
-722	-109	-698
-750	-209	-948
-705	-266	-889
-684	-247	-897
-663	-132	-800
-672	-81	-765
-688	-68	-781
-676	-12	-797
-666	-84	-802
-653	-119	-781
-671	-272	-888
-676	-217	-946
-676	-162	-676
-789	-436	-394
-852	-601	-274
-800	-529	-89
-761	-556	176
-756	-656	200
-705	-665	227
-672	-689	263
-656	-639	303
-663	-615	334
-698	-640	323
-697	-653	364
-673	-677	380
-656	-655	359
-656	-688	350
-663	-698	364
-665	-645	368
-657	-682	350
-663	-685	359
-674	-685	348
-669	-677	356
-658	-677	344
-653	-669	340
-656	-660	344
-666	-681	339
-663	-672	344
-669	-708	355
-663	-697	369
-653	-688	390
-669	-733	366
-657	-712	371
-642	-676	359
-648	-669	335
-648	-692	334
-637	-692	327
-633	-705	326
-640	-712	326
-645	-709	321
-641	-705	329
-644	-708	323
-650	-717	335
-647	-701	332
-637	-712	323
-656	-698	331
-657	-649	336
-770	-713	287
-773	-633	323
-737	-647	328
-738	-722	334
-701	-708	358
-666	-717	348
-612	-762	343
-605	-772	359
-591	-778	358
-573	-775	387
-529	-753	391
-516	-788	404
-477	-744	406
-477	-776	396
-458	-761	401
-461	-764	408
-469	-781	387
-504	-800	415
-505	-770	425
-498	-784	396
-505	-784	419
-513	-817	419
-514	-820	408
-512	-792	398
-529	-784	399
-497	-754	396
-500	-772	415
-511	-799	423
-505	-788	431
-501	-841	456
-493	-845	451
-500	-826	460
-500	-817	467
-473	-817	408
-452	-850	408
-434	-892	401
-465	-845	391
-425	-929	448
-447	-881	446
-449	-672	448
-489	-719	436
-447	-848	476
-440	-736	508
-423	-863	470
-284	-872	304
-289	-976	235
-241	-1137	200
-162	-1312	127
-180	-1217	188
-148	-1104	160
-60	-1232	231
-26	-1088	227
28	-1076	318
91	-1088	366
169	-997	329
227	-920	408
287	-748	430
287	-713	494
296	-695	510
335	-592	558
369	-596	604
419	-589	625
435	-527	657
476	-506	707
487	-452	759
480	-412	744
496	-463	739
499	-424	775
504	-441	807
502	-400	815
511	-420	824
510	-344	872
536	-327	847
536	-356	820
540	-301	851
552	-306	824
540	-281	808
536	-257	801
527	-269	807
527	-304	806
503	-273	804
483	-248	796
449	-333	700
435	-404	689
384	-487	742
280	-484	563
183	-577	432
152	-704	240
176	-728	211
143	-893	195
131	-919	159
108	-960	255
-66	-1034	422
-333	-1146	638
-452	-1369	536
-481	-897	440
-442	-1176	455
-437	-1226	462
-493	-1096	584
-545	-996	531
-596	-829	467
-660	-805	304
-575	-921	-50
-452	-994	-130
-330	-970	17
-314	-855	67
-456	-641	81
-733	-855	-424
-631	-826	-744
-570	-608	-677
-591	-305	-769
-584	-114	-959
-488	-17	-965
-463	17	-793
-586	-57	-858
-567	-184	-872
-520	-399	-845
-488	-362	-989
-509	-248	-1096
-324	-521	-871
-288	-617	-809
-287	-741	-794
-320	-847	-610
-327	-941	-450
-293	-975	-300
-257	-1056	-255
-186	-836	28
-196	-961	39
-245	-972	100
-264	-936	243
-200	-1087	263
-200	-836	353
-217	-815	551
-245	-656	656
-266	-609	748
-298	-512	739
-324	-541	824
-367	-541	787
-353	-461	865
-340	-497	894
-381	-456	875
-377	-493	839
-402	-485	855
-388	-452	844
-496	-402	831
-276	-594	871
-320	-436	870
-313	-573	724
-285	-804	619
-109	-969	382
76	-1213	-24
112	-996	-199
78	-1048	-249
39	-967	-241
59	-1018	-204
67	-1032	-162
151	-1053	-232
209	-945	-216
220	-941	-232
195	-919	-212
204	-1000	-284
227	-984	-260
236	-988	-273
222	-980	-320
255	-984	-289
231	-944	-289
248	-992	-233
255	-989	-217
259	-1008	-232
275	-1028	-201
268	-943	-264
249	-953	-249
252	-989	-252
270	-985	-208
259	-969	-225
243	-1005	-232
248	-980	-260
255	-983	-210
238	-983	-253
238	-976	-242
232	-973	-244
232	-969	-269
238	-1000	-260
228	-994	-258
231	-1000	-269
224	-962	-281
214	-961	-285
223	-976	-298
241	-972	-311
199	-945	-369
207	-989	-405
204	-893	-436
152	-840	-487
167	-938	-385
169	-861	-484
151	-866	-440
144	-808	-509
131	-898	-488
160	-1060	-458
183	-1004	-576
222	-872	-548
233	-951	-527
67	-928	-305
164	-1084	-245
102	-1012	-189
112	-1063	-176
89	-1129	-148
152	-957	-109
195	-1181	115
198	-1073	127
371	-1081	52
464	-1172	224
372	-1128	287
259	-1105	367
151	-672	328
31	-704	467
-173	-753	391
-260	-705	633
-349	-536	659
-421	-554	726
-389	-377	888
-424	-389	1216
-433	-244	1118
-338	-280	860
-289	-223	766
-429	-332	697
-410	-328	767
-97	-225	952
-90	-162	991
-52	-413	966
19	-353	1124
79	-247	1112
-52	-346	1116
-173	-397	1187
-448	-432	1033
-529	-884	798
-448	-928	688
-265	-684	556
176	-695	496
519	-745	433
463	-724	343
353	-1056	134
126	-1053	230
159	-1208	-37
156	-1197	-324
120	-1301	-159
140	-1156	-169
140	-1193	-161
190	-1145	-80
206	-1199	-18
220	-1143	15
232	-1045	145
275	-976	206
240	-960	179
207	-1023	163
211	-909	168
206	-904	176
224	-865	172
241	-703	415
239	-769	486
220	-895	505
209	-941	524
265	-857	468
289	-800	681
335	-673	792
335	-831	465
295	-721	411
252	-487	990
275	-177	1310
352	-45	1123
360	-441	691
295	-516	575
336	-63	1318
475	-25	1644
561	-255	1016
384	-525	624
307	-520	377
392	-261	956
540	31	1639
497	163	1726
440	-276	716
291	-679	104
131	-573	215
420	233	1935
510	41	1632
400	-306	409
225	-836	46
176	-761	391
337	-152	1171
487	-71	1892
308	-522	524
222	-1010	80
140	-1125	224
263	-392	1016
462	71	1854
443	-66	1630
275	-938	-130
15	-764	311
211	-164	1084
457	49	1601
408	-106	1827
287	-429	904
-121	-1032	103
143	46	1003
415	283	1747
460	-34	1798
320	-319	739
112	-983	-5
203	-29	1039
553	193	1779
647	-143	1491
438	-753	569
216	-884	121
79	-701	216
224	-682	799
660	24	1793
519	-253	1212
337	-676	250
147	-900	-105
88	-802	319
383	-41	1318
663	120	1319
427	-628	352
174	-956	140
156	-392	527
455	359	1110
591	617	1768
425	-761	382
211	-799	169
255	-29	575
576	385	1220
679	588	1868
630	135	1078
444	-601	182
224	-288	675
590	246	1500
724	611	1888
683	-80	695
432	-817	80
259	-938	120
616	283	1567
855	427	1772
715	-380	695
423	-624	161
264	-959	112
347	-369	760
857	399	1923
724	-36	1044
430	-586	184
380	-793	-66
292	-288	542
531	240	1339
671	630	1783
412	-418	567
268	-612	312
231	-229	400
438	292	892
620	627	1636
664	551	1567
268	-688	289
270	-404	316
486	243	911
668	716	1662
671	483	1451
480	-73	707
280	-311	390
518	232	945
743	591	1484
670	507	1691
532	-200	736
296	-660	96
145	-381	351
743	455	1777
752	235	1672
567	-447	352
280	-840	-132
211	-477	440
673	33	1192
798	44	1243
471	-592	327
368	-839	-116
359	-701	351
646	-136	1292
806	284	1980
537	-441	416
464	-682	-61
307	-560	339
495	-104	1148
774	284	1743
784	161	1523
358	-658	79
252	-644	216
380	52	959
564	454	1784
678	319	1651
516	-205	776
331	-621	239
340	55	878
574	560	1491
614	592	1656
468	-71	851
336	-697	305
232	-482	332
643	455	1452
675	652	1950
568	-32	963
302	-697	156
179	-505	201
432	35	911
719	479	1507
536	-225	559
385	-649	167
239	-545	312
492	-71	956
736	371	1673
721	544	1491
414	-879	120
287	-564	257
527	-120	915
779	140	1760
878	291	1587
694	-295	401
368	-928	240
526	-44	919
702	212	1508
767	273	1580
655	-185	783
473	-452	254
524	-402	568
719	225	1363
779	390	1783
776	148	1231
496	-248	428
335	-671	80
387	-287	304
652	527	1782
699	335	1295
452	-327	486
348	-589	332
364	-305	393
537	159	883
638	563	1694
523	-41	768
345	-733	132
307	-237	334
494	179	844
696	529	1584
515	-113	713
345	-655	227
291	-360	392
499	179	807
737	361	1580
699	415	1703
556	-47	703
287	-594	311
481	163	835
728	359	1334
664	460	1907
639	-193	736
412	-756	151
416	-45	899
731	291	1713
822	179	1295
688	-321	487
433	-849	255
268	-569	350
772	273	1702
888	-33	1183
671	-528	479
443	-640	230
307	-559	291
519	-162	854
870	209	1684
792	-250	799
446	-423	211
414	-810	96
504	-397	572
760	112	1195
839	288	1712
555	-255	508
384	-712	100
391	-320	316
574	247	886
715	505	1628
704	310	1515
345	-505	184
343	-456	449
495	143	830
688	462	1366
687	463	1671
620	-20	822
291	-439	415
463	116	771
655	499	1352
704	494	1608
675	-39	785
470	-586	264
347	-649	377
639	359	1254
729	441	1752
712	14	878
455	-601	161
270	-753	240
399	-56	735
836	195	1763
743	-410	769
495	-605	112
267	-545	246
464	-295	809
769	-76	1587
758	-356	652
462	-655	88
297	-817	75
430	-336	636
737	-64	1299
828	167	1855
800	-45	1287
310	-708	71
336	-360	399
518	199	1072
647	254	1692
663	216	1575
544	-122	684
272	-392	391
391	-49	806
624	184	1318
631	471	1844
587	207	1024
393	-557	240
396	67	812
647	232	1376
681	473	1728
620	262	944
376	-456	255
260	-601	319
387	15	748
742	599	1788
681	288	972
392	-488	323
287	-584	319
377	86	680
648	304	1172
689	276	1103
472	-353	443
315	-684	284
344	-57	593
588	259	988
780	499	1655
515	-404	398
353	-752	294
297	-265	582
558	59	1011
817	199	1607
771	-116	1121
451	-720	192
399	-260	526
643	-24	1276
809	208	1619
788	-132	974
588	-388	510
472	-684	195
563	39	1015
743	319	1887
817	112	1417
678	-233	483
355	-599	118
303	-416	335
671	188	1488
688	371	1601
620	47	940
417	-644	348
329	-501	268
376	24	611
664	480	1619
644	297	1268
561	-217	580
339	-720	282
263	-169	542
499	280	947
728	448	1639
572	-244	588
304	-676	193
259	-317	451
527	159	926
772	337	1571
746	380	1505
368	-756	161
216	-402	446
463	99	935
807	252	1415
811	305	1539
683	-312	572
212	-616	180
423	-160	1095
796	39	1576
828	120	1191
809	-433	540
554	-657	444
439	-706	296
691	51	1420
795	312	1598
782	-279	803
568	-528	255
403	-703	214
441	-509	528
760	92	1660
822	161	1536
627	-116	657
439	-524	176
371	-477	204
451	-16	718
668	612	1620
668	246	1046
508	-505	440
393	-509	193
367	-40	563
572	340	1228
684	672	1630
540	-303	391
331	-665	155
328	-124	571
598	404	1137
796	683	1528
764	263	1118
392	-580	398
322	-433	446
489	147	907
777	479	1382
772	591	1372
688	20	679
304	-457	361
417	-128	612
691	60	1183
761	395	1687
760	-97	783
572	-562	291
480	-255	616
787	76	1352
839	332	1879
824	-244	846
551	-584	105
271	-959	-66
536	-336	697
841	84	1723
760	-184	1011
467	-388	182
382	-591	36
419	-537	527
688	33	1265
736	131	1289
483	-504	385
332	-520	159
311	-372	273
467	17	881
688	334	1432
590	-13	995
360	-743	335
324	-634	159
399	119	707
615	303	1257
707	327	1704
628	92	1084
271	-727	183
339	-212	555
611	300	1095
819	379	1687
729	-8	1159
504	-537	448
295	-361	472
624	35	1044
812	219	1681
788	67	1180
625	-503	264
431	-961	127
598	190	1091
812	49	1673
828	-200	1342
627	-281	492
451	-607	-13
380	-840	288
598	-164	980
873	129	1515
776	-114	1046
415	-482	387
337	-591	147
356	-268	556
600	108	1184
668	163	1096
472	-260	432
302	-695	239
304	-373	554
521	140	953
723	320	1531
568	-120	732
339	-663	185
268	-525	344
470	112	854
739	262	1443
787	380	1587
465	-641	316
291	-748	361
412	-45	872
696	359	1468
816	243	1372
718	-233	550
510	-705	220
515	-221	609
761	12	1294
881	169	1782
871	-372	1072
659	-639	283
451	-605	-119
726	63	1080
840	294	1356
833	199	1395
740	-177	811
427	-336	217
352	-376	148
638	220	1310
694	499	1563
681	344	1007
499	-223	497
335	-653	211
374	-177	536
583	304	1075
727	444	1350
568	-1	718
336	-648	347
270	-345	404
473	255	832
755	391	1321
639	203	771
359	-561	335
255	-642	328
425	222	761
719	408	1267
768	555	1571
478	-482	380
318	-621	288
368	-124	644
647	188	1215
844	451	1824
787	-15	871
576	-633	254
380	-253	545
734	-111	1227
847	163	1814
807	-129	1222
627	-333	415
399	-636	-58
616	-111	943
903	56	1592
903	302	1715
751	-77	768
524	-508	115
319	-546	127
657	124	1200
748	385	1708
739	347	1303
459	-144	463
224	-621	140
406	-386	358
711	532	1728
736	240	1400
583	-218	639
321	-575	199
278	-353	393
524	177	840
807	444	1439
719	103	719
323	-634	104
203	-484	371
539	155	795
889	238	1240
920	247	1328
291	-487	295
72	-569	448
403	-500	919
1148	-392	851
1379	-289	764
1046	-380	636
-23	-644	455
127	-769	683
633	-617	687
1390	-599	472
1552	-455	460
1107	-554	400
195	-852	432
326	-937	396
1094	-537	547
1823	-672	316
1392	-463	340
716	-770	265
-394	-762	468
604	-615	502
1835	-649	318
1785	-588	224
983	-573	316
59	-848	447
-631	-930	278
1411	-593	382
2047	-740	192
1287	-544	254
259	-743	448
-577	-936	439
153	-916	120
779	-473	415
1705	-514	288
950	-631	209
31	-842	476
-609	-988	265
281	-744	291
1332	-613	473
1331	-522	172
348	-695	359
-514	-959	531
-2	-882	152
720	-465	366
1863	-765	286
787	-594	236
-256	-772	584
-400	-1028	337
452	-601	282
1552	-623	331
1950	-712	246
150	-809	371
-602	-1037	508
204	-807	238
1120	-433	344
2023	-848	208
1340	-544	275
508	-724	219
-103	-1058	259
616	-420	382
1836	-772	241
1767	-724	228
889	-541	220
-57	-904	531
304	-665	331
1249	-458	449
1946	-820	241
1192	-455	252
440	-698	214
-460	-978	547
761	-436	419
1944	-780	225
1619	-520	275
888	-514	244
17	-872	368
-426	-946	231
463	-589	295
2035	-737	207
1427	-338	224
623	-817	268
-559	-879	443
-113	-793	100
942	-420	387
1624	-322	208
824	-549	113
-183	-829	535
-264	-912	103
531	-442	227
1502	-564	352
1299	-405	177
483	-761	184
-666	-948	359
139	-817	118
1123	-450	374
2047	-833	167
1526	-372	223
-455	-760	595
-98	-936	73
604	-428	329
1675	-621	414
1895	-594	225
1063	-405	159
-465	-951	264
305	-697	127
1140	-490	496
2047	-912	220
1415	-373	214
697	-612	199
-130	-1032	67
867	-356	319
1715	-781	568
1532	-756	483
905	-593	263
471	-1040	323
161	-884	547
931	-298	323
1193	-362	508
792	-333	424
144	-513	463
-274	-884	527
295	-776	568
1712	-576	492
911	-569	487
-80	-637	472
-153	-769	119
304	-580	487
1671	-818	353
1123	-474	310
156	-767	443
-482	-832	273
327	-680	259
1236	-548	377
2019	-673	248
472	-824	247
-561	-884	395
240	-1025	112
1206	-437	545
1631	-324	753
1246	156	675
662	227	542
-124	-25	959
496	87	710
1646	12	679
1503	127	843
748	270	707
-37	28	752
348	32	780
1585	16	675
1632	163	816
910	273	769
115	-45	759
-316	-242	974
1318	78	734
1822	144	665
1113	291	691
360	-97	825
-353	-148	972
-68	-82	856
1079	-18	739
1262	348	652
593	-40	787
-176	-141	971
-225	-180	839
487	-16	707
1768	-20	764
899	87	703
28	-90	915
-335	-317	958
231	-128	739
1368	7	779
1691	120	758
560	-200	796
-221	-127	1040
-175	-189	865
652	-28	681
1864	-15	768
1567	206	718
812	35	688
-336	-452	908
295	-127	724
1550	-5	784
1804	131	782
1016	136	631
360	-199	791
-13	-208	865
860	-68	627
1788	-29	707
1412	230	769
783	-5	755
-7	-95	816
307	-141	764
1348	-16	792
1679	137	817
1112	231	617
611	-296	691
-64	-237	721
455	-497	607
1720	-717	216
1600	-1104	-25
867	-637	246
-237	-456	412
-199	-953	-40
476	-1005	118
1772	-592	239
1104	-548	159
353	-794	160
-544	-733	384
252	-874	206
999	-628	352
1513	-433	271
670	-663	163
-447	-825	487
-170	-914	179
688	-592	304
1798	-749	169
1049	-436	120
268	-1009	367
-625	-908	295
348	-618	84
1392	-625	307
2047	-772	204
1355	-250	193
-505	-882	583
11	-832	172
1080	-450	340
1959	-1007	403
1635	-695	367
776	-424	270
-177	-756	519
486	-537	492
1560	-644	225
1150	-257	472
590	-516	344
-25	-717	595
551	-569	568
1596	-512	409
1400	-346	480
819	-557	492
23	-497	604
-221	-497	695
551	-328	796
1328	-40	799
638	143	927
103	56	795
-77	-37	851
371	55	755
1500	30	697
921	184	771
-15	64	745
-312	-232	895
254	-53	833
1503	-8	739
1737	31	760
272	-152	792
-231	-296	913
120	-191	751
1144	-44	747
1767	115	920
1328	-93	574
720	-621	334
-233	-1245	-37
545	-772	257
1720	-594	235
1788	-537	287
1151	-479	167
339	-836	259
187	-953	99
1158	-616	295
2047	-858	152
1432	-396	172
511	-689	184
-260	-1064	574
793	-601	353
1868	-1001	137
1518	-520	359
615	-306	511
31	-805	380
-119	-789	592
339	-592	496
1351	-177	296
736	-373	593
127	-813	678
-58	-845	567
415	-693	497
1356	-676	435
847	-237	409
240	-673	396
-100	-360	830
411	76	913
1278	76	950
1347	65	891
368	-49	691
-93	-199	987
172	-34	908
1031	118	688
1769	3	695
1271	143	748
-272	-172	880
-48	-272	921
844	-84	759
1807	-96	703
1390	135	739
732	-89	753
-52	-216	828
399	-156	708
1551	-104	679
1740	-58	721
931	112	688
280	-245	787
-149	-407	921
798	-186	753
1049	-284	745
950	-473	595
751	-360	455
620	-610	231
745	-837	103
795	-852	-84
785	-788	-148
940	-964	-322
927	-964	-321
809	-961	-328
505	-756	-388
56	-407	-189
814	-577	51
1420	-1305	-212
1295	-1201	-249
711	-797	-362
132	-130	-255
158	-160	-189
1208	-1306	-49
1235	-1341	-244
807	-889	-433
536	-609	-669
-9	188	-106
464	-321	99
1215	-1474	-255
935	-989	-301
689	-749	-448
433	-332	-484
265	-116	-196
523	-399	110
881	-1111	-21
947	-1128	-445
526	-573	-353
136	-8	-77
423	-265	-64
840	-822	-143
1112	-1375	-333
616	-953	-473
425	-620	-465
152	-8	-10
476	-264	11
972	-1161	-338
1267	-1613	-580
323	-495	-353
60	17	-128
344	-513	-164
947	-1032	-266
1267	-1437	-409
903	-1028	-268
147	-353	-448
81	-49	-113
551	-552	1
1248	-1549	-234
1254	-1610	-345
668	-881	-317
159	-249	-369
504	-594	48
787	-940	108
1216	-1511	-269
1015	-1216	-386
521	-808	-472
-349	95	-48
976	-962	-41
1311	-1564	-159
883	-1079	-72
568	-1005	-368
115	-180	-288
182	-197	-234
1219	-1537	-97
1039	-1272	-20
665	-964	-288
380	-765	-582
108	-132	-266
332	-164	-29
887	-1120	-109
883	-1183	-233
462	-823	-493
102	-194	-441
236	-143	-193
719	-805	-72
1180	-1711	-305
391	-728	-332
60	-215	-400
185	-141	-241
699	-784	-129
1225	-1680	-265
1063	-1410	-236
63	-386	-413
2	-231	-248
417	-476	-64
1183	-1325	-177
1304	-1588	-237
728	-1056	-178
251	-672	-388
342	-445	-119
863	-863	1
1224	-1639	-225
934	-1311	-240
588	-1122	-461
-249	248	-120
712	-893	-77
1219	-1496	-141
1017	-1277	-201
617	-994	-324
199	-543	-446
44	-162	-276
1105	-1232	-180
1086	-1412	-200
657	-1018	-274
351	-826	-553
81	-92	-345
343	-269	-82
1019	-1301	-208
694	-920	-256
380	-559	-441
87	-169	-368
324	-336	-160
856	-1017	-143
1264	-1657	-311
438	-980	-344
104	-377	-404
169	-209	-240
577	-532	-15
1167	-1431	-125
1128	-1575	-249
64	-80	-154
108	-281	-280
515	-612	-137
1036	-1316	-72
1148	-1613	-199
736	-1066	-225
192	-322	-264
400	-537	-148
947	-1263	-144
1163	-1600	-215
822	-1103	-193
377	-572	-312
48	-116	-276
892	-1041	-191
1164	-1463	-265
827	-1133	-247
568	-880	-362
184	-314	-343
142	-73	-180
1155	-1521	-268
984	-1300	-261
560	-793	-351
312	-522	-481
207	-162	-257
487	-369	-57
1103	-1700	-356
755	-1133	-288
419	-717	-372
144	-151	-301
335	-272	-148
721	-944	-64
1112	-1680	-234
583	-815	-317
126	-77	-237
278	-300	-209
568	-720	-61
1030	-1479	-136
1079	-1405	-141
236	-244	-189
120	-293	-292
472	-560	-152
876	-1055	35
1183	-1597	-121
883	-1245	-140
120	-149	-192
216	-241	-113
611	-781	7
1183	-1645	-128
1063	-1429	-72
612	-925	-124
236	-464	-314
457	-449	-85
887	-1133	30
1232	-1625	-45
835	-1175	-58
479	-797	-201
-57	19	-121
779	-849	20
1251	-1511	-25
992	-1256	-29
615	-994	-177
-4	35	-76
222	-402	-136
1167	-1297	-104
1128	-1460	-160
747	-1132	-103
255	-487	-185
3	-89	-191
380	-497	-125
1047	-1216	-153
775	-1081	-185
440	-805	-369
95	-141	-224
280	-239	-113
806	-1045	-194
1233	-1583	-264
459	-733	-264
150	-397	-340
156	-153	-202
614	-689	-106
1219	-1578	-234
1131	-1496	-189
105	-362	-333
86	-97	-272
543	-652	-111
1086	-1375	-145
1182	-1553	-193
734	-1023	-66
49	-96	-97
553	-626	-333
1187	-1415	-504
1143	-1332	-442
687	-815	-468
163	-385	-497
-120	-124	-386
1097	-1084	-759
1479	-1508	-900
903	-936	-495
145	-288	-232
-159	12	-237
171	-453	-284
1515	-1428	-844
823	-873	-464
300	-520	-460
-178	99	-193
71	-264	-29
952	-1128	-583
1011	-1021	-576
230	-394	-292
-177	39	-237
99	-386	-301
774	-840	-460
1507	-1541	-1012
1231	-1172	-645
-217	30	-156
-16	-344	-306
688	-769	-576
1504	-1428	-973
1166	-1128	-544
480	-724	-319
-29	-261	-445
384	-793	-608
1079	-1012	-946
1211	-991	-834
916	-624	-528
704	-584	-377
215	-303	-89
854	-1256	-450
1216	-1320	-711
823	-845	-626
472	-601	-637
-13	3	-170
284	-370	-103
1251	-1482	-548
960	-1028	-537
551	-781	-569
145	-170	-300
291	-257	-113
548	-589	79
1244	-1620	-625
737	-911	-448
56	-20	-125
119	-276	-189
511	-705	-224
1017	-1209	-180
819	-1092	-321
312	-553	-388
-108	-96	-241
352	-461	-208
768	-831	-8
1276	-1629	-367
486	-778	-313
12	-74	-194
152	-212	-221
636	-711	-253
1228	-1748	-477
995	-1409	-224
492	-618	-100
248	-473	-528
722	-989	-488
1110	-1440	-417
811	-1104	-141
440	-831	-372
223	-348	-541
604	-697	-296
1055	-1503	-449
956	-1332	-413
475	-745	-456
24	-56	-489
127	-153	-298
1310	-1689	-501
956	-1159	-445
398	-687	-569
8	-128	-520
127	-71	-154
728	-874	-157
1278	-1613	-484
400	-739	-481
40	-264	-528
216	-161	-284
713	-796	-104
1078	-1508	-241
1206	-1272	-490
240	-125	-122
-44	-280	-279
228	-625	-693
1144	-1217	-1071
1267	-1268	-816
711	-703	-413
-109	-156	-199
351	-743	-279
1267	-1265	-831
1388	-1261	-786
687	-727	-471
17	-281	-445
-125	-91	-413
1187	-1218	-544
1486	-1476	-863
880	-953	-543
107	-392	-442
-210	32	-429
79	-328	-274
1384	-1511	-818
1046	-1085	-488
339	-660	-415
-160	-221	-420
67	-429	-428
505	-1001	-538
1043	-1341	-552
723	-1044	-308
595	-788	-344
831	-973	-369
671	-656	-141
244	-464	147
-20	-445	636
843	-561	817
1568	-712	875
1219	-420	638
646	-368	435
-196	-540	527
-369	-500	662
1646	-583	1008
1612	-628	927
783	-116	684
60	-362	622
-258	-722	735
96	-436	752
1648	-537	1014
1112	-141	847
436	-239	638
-237	-448	710
-184	-473	775
543	-370	790
1359	-301	921
737	-100	772
84	-410	782
-241	-544	823
220	-361	824
1120	-300	1065
1263	-905	892
510	-692	507
235	-904	113
227	-623	408
401	-997	124
403	-580	199
415	-489	588
563	-596	1248
591	-989	503
435	-784	108
363	-328	247
404	-457	608
587	-445	867
575	-298	1390
480	-543	462
364	-776	-33
345	-537	415
523	-301	1052
728	-136	1555
728	-188	1097
359	-692	281
241	-724	233
424	-305	785
715	-229	1368
831	-61	1505
737	-301	660
192	-936	176
252	-409	604
575	-225	1328
854	-269	1383
849	-500	743
665	-909	326
316	-749	291
576	-576	828
801	-372	1614
824	-372	1518
676	-584	664
412	-807	127
206	-548	112
583	-218	1216
684	16	1683
670	-72	1195
476	-561	401
231	-847	44
244	-420	492
755	112	1656
739	-56	1196
543	-463	515
252	-807	225
153	-569	305
451	-216	847
844	-18	1550
743	-569	455
412	-970	102
43	-729	300
327	-343	705
799	-249	1526
723	-537	556
435	-925	12
224	-1056	-8
366	-628	656
689	-393	1393
796	-344	1599
675	-452	1046
289	-823	-119
239	-609	351
470	-360	1216
636	48	1758
675	-25	1372
524	-316	352
48	-700	289
438	-285	992
791	-61	1523
734	-10	1639
620	-416	700
348	-770	113
-2	-649	953
480	-669	1020
1148	-393	832
1020	-224	632
612	-749	369
-85	-890	515
-265	-920	639
1078	-842	461
1296	-657	627
832	-532	684
228	-808	356
-301	-985	280
-41	-913	524
1475	-1005	364
1311	-634	423
649	-658	312
-153	-1061	315
-417	-925	263
220	-973	278
1734	-901	243
1167	-592	278
511	-945	39
-672	-921	516
-303	-1044	152
532	-794	352
1528	-1026	332
935	-488	145
159	-1007	192
-724	-1017	355
-20	-861	127
761	-761	377
1971	-1007	151
707	-680	135
-360	-1095	369
-525	-1017	56
360	-761	216
1257	-852	408
1935	-887	167
440	-882	83
-757	-1039	442
-236	-897	87
771	-640	294
2047	-992	120
1614	-584	235
-277	-1012	268
-493	-1012	75
420	-729	262
1468	-793	303
1964	-839	131
1169	-482	124
449	-897	103
-20	-869	-55
950	-612	403
2009	-1048	260
1644	-652	137
775	-640	167
-2	-1092	491
377	-551	295
1436	-714	174
1220	-410	425
694	-509	311
91	-839	407
-112	-776	531
1295	-737	222
1635	-602	255
971	-605	417
135	-733	401
-255	-893	212
160	-804	408
1112	-724	326
1276	-745	323
358	-848	307
-498	-765	240
70	-829	143
1040	-695	345
2017	-970	152
588	-688	76
-212	-884	265
-261	-770	180
492	-753	276
1067	-725	422
1041	-762	270
711	-586	56
657	-829	-47
822	-948	-225
1008	-893	-218
1091	-978	-193
1007	-925	-226
852	-960	-343
-157	-241	-113
287	-357	-42
1239	-1124	-274
1560	-1385	-394
1048	-967	-321
368	-408	-317
235	-369	-50
1094	-1097	-87
1606	-1604	-385
1107	-1124	-317
476	-633	-450
-21	-108	-305
769	-708	-64
1503	-1439	-370
1268	-1320	-305
681	-881	-292
231	-520	-484
-72	-34	-231
516	-338	-25
1372	-1593	-405
737	-986	-301
323	-576	-409
38	-77	-205
376	-208	-80
1000	-847	-72
1084	-1284	-324
624	-900	-397
230	-359	-396
88	-1	-53
560	-436	108
1208	-1140	-84
835	-965	-317
505	-800	-506
41	24	-162
248	-197	78
915	-916	-49
1374	-1501	-365
623	-928	-392
280	-433	-402
127	-7	-89
601	-505	20
1176	-1373	-192
1219	-1528	-285
726	-944	-205
87	-93	-247
369	-173	-36
931	-940	-42
1308	-1658	-285
1032	-1175	-209
568	-889	-269
199	-89	-77
603	-586	56
1164	-1308	-148
1187	-1492	-304
688	-876	-249
254	-452	-280
606	-545	16
1059	-959	4
1231	-1572	-185
783	-1060	-194
456	-945	-356
295	-402	-268
326	24	103
1010	-1421	-88
1072	-1437	-297
767	-1088	-281
462	-828	-312
182	-122	-77
321	-208	96
1267	-1629	-169
1012	-1309	-200
511	-733	-180
67	-192	-189
171	-333	-109
624	-751	78
886	-1463	-113
595	-1013	-40
567	-1028	-82
835	-1277	-25
908	-1244	120
711	-957	196
664	-912	207
639	-749	268
414	-672	212
246	-569	51
211	-441	140
360	-397	691
616	-141	1239
505	-383	784
440	-801	199
376	-445	135
385	-228	764
620	-260	1166
646	-79	1584
561	-680	335
400	-818	95
305	-241	811
511	164	1520
783	-53	1276
748	-361	654
563	-637	344
319	-432	537
595	-186	1159
755	68	1638
796	-369	687
662	-855	135
403	-874	196
668	-615	1062
756	-121	1743
816	-381	822
649	-673	176
438	-914	67
395	-754	295
832	-444	1367
767	-316	1534
607	-484	844
563	-913	113
432	-586	3
337	-388	441
520	36	1699
527	-5	1268
518	-631	326
327	-672	39
199	-388	399
499	-336	929
656	-312	1686
660	-717	225
364	-743	103
214	-640	371
511	-717	876
695	-394	1598
742	-351	1103
448	-804	85
284	-735	231
479	-656	664
734	-639	1352
702	-397	1443
699	-577	571
396	-658	387
412	-396	735
579	-298	1068
635	-25	1049
518	144	915
499	-88	841
408	-20	918
527	-36	803
419	76	874
425	121	847
393	108	964
438	-40	944
455	-47	824
496	-31	887
510	-8	959
448	99	1073
513	-116	1112
524	-18	867
401	243	614
481	-23	984
511	-55	665
487	14	940
476	27	1036
497	-4	904
532	55	961
480	92	1081
432	152	659
324	236	987
408	-34	1120
422	70	822
416	60	867
448	159	942
462	-301	878
497	-328	716
529	-564	591
643	-800	508
667	-1010	479
742	-1040	190
499	-852	391
463	-943	366
531	-961	532
568	-861	612
479	-423	526
412	-400	572
443	-613	660
448	-349	696
400	-495	883
528	-613	799
504	-442	586
479	-532	572
508	-234	659
676	17	983
648	339	1119
572	324	1183
536	312	912
543	291	796
496	312	871
488	116	832
409	248	817
519	163	760
487	124	862
446	272	809
547	216	860
543	417	952
585	295	947
552	316	836
524	332	856
472	268	816
463	457	915
487	367	886
476	200	931
465	259	920
483	108	860
456	179	852
441	140	903
472	35	871
430	56	947
483	76	1038
480	164	760
483	163	792
505	180	783
508	144	926
536	52	969
555	55	1020
609	124	939
600	142	894
551	96	752
558	12	806
579	-33	847
624	28	926
620	83	836
558	132	751
500	161	800
535	88	840
551	140	880
516	51	947
555	91	1094
620	39	1048
576	-173	819
686	-361	943
636	-544	707
496	-519	495
608	-751	487
551	-837	391
409	-781	332
183	-845	376
235	-881	78
760	-876	175
1260	-735	195
846	-703	193
65	-584	527
-100	-577	390
342	-911	283
851	-621	484
1409	-626	364
975	-596	232
295	-840	335
-189	-887	295
166	-922	224
734	-815	403
1567	-669	63
608	-537	296
-45	-961	239
55	-1028	108
457	-906	376
1161	-1097	303
1008	-484	296
184	-577	328
-175	-941	281
171	-889	639
950	-929	462
1219	-573	248
908	-269	305
-71	-749	575
46	-848	623
543	-820	527
1151	-660	238
1027	-687	246
424	-553	329
120	-989	412
310	-769	319
345	-493	313
310	-1005	43
231	-964	172
217	-1002	30
95	-1039	18
49	-1113	-185
-24	-999	-172
-217	-857	-265
-202	-1041	-436
-191	-946	-420
-234	-956	-680
-400	-848	-799
-445	-884	-817
-487	-860	-528
-609	-865	-612
-666	-852	-600
-605	-748	-550
-553	-665	-596
-551	-698	-637
-525	-650	-647
-546	-642	-657
-490	-637	-661
-456	-640	-672
-421	-664	-658
-436	-644	-648
-413	-633	-632
-420	-628	-687
-417	-642	-666
-429	-703	-624
-418	-783	-636
-418	-695	-561
-423	-719	-596
-416	-656	-612
-418	-591	-658
-402	-616	-665
-360	-592	-660
-314	-580	-738
-313	-593	-775
-285	-608	-808
-292	-665	-769
-389	-557	-788
-428	-498	-857
-386	-648	-756
-359	-698	-701
-345	-808	-751
-353	-834	-561
-399	-685	-449
-357	-815	-353
-221	-848	-372
-231	-974	-421
-360	-980	-399
-402	-996	-268
-514	-1013	-245
-520	-1055	-149
-477	-1076	-121
-313	-1040	79
-241	-980	55
-119	-912	255
-117	-892	302
-77	-882	363
15	-853	449
15	-850	552
-40	-952	534
-148	-921	454
-250	-769	300
-250	-807	558
-317	-783	563
-137	-809	407
-164	-776	153
-85	-1309	-457
-97	-1488	-394
-68	-1217	-89
-93	-1232	-49
-64	-1202	31
145	-1308	227
152	-1064	263
184	-1082	359
204	-1124	366
174	-868	396
195	-817	455
272	-756	487
295	-696	499
300	-546	630
331	-613	662
368	-588	643
408	-500	720
463	-553	782
480	-445	814
505	-508	792
476	-360	835
496	-352	876
480	-461	825
483	-367	819
476	-338	863
494	-301	862
487	-306	864
483	-260	891
508	-293	888
502	-209	857
492	-221	871
504	-189	863
520	-169	844
496	-183	899
511	-188	856
515	-199	857
483	-170	800
436	-193	737
428	-292	777
384	-296	728
396	-353	728
335	-449	681
376	-544	703
315	-744	732
320	-784	771
292	-815	824
297	-820	780
331	-904	716
292	-917	727
275	-929	744
236	-903	713
215	-869	711
212	-893	691
204	-863	671
212	-852	646
195	-809	671
207	-792	667
220	-808	664
233	-828	662
263	-800	659
287	-871	678
284	-888	680
310	-828	723
328	-800	719
337	-767	737
352	-679	736
382	-649	698
399	-607	723
441	-538	739
435	-509	771
432	-441	780
463	-429	819
489	-429	838
473	-353	844
524	-388	855
511	-290	862
502	-255	822
504	-231	819
543	-239	848
527	-225	856
518	-196	867
545	-200	871
540	-199	867
519	-177	867
536	-178	870
539	-217	903
519	-157	856
551	-180	870
529	-193	879
526	-143	831
511	-100	812
473	-104	782
444	-205	828
377	-424	671
401	-567	671
433	-577	704
428	-586	691
374	-633	695
368	-761	768
374	-815	767
361	-893	752
356	-893	719
315	-920	729
273	-928	713
240	-897	691
204	-893	660
230	-861	591
243	-863	574
271	-879	569
280	-876	583
304	-906	592
323	-930	583
360	-936	604
383	-912	659
383	-823	691
391	-792	718
376	-697	728
403	-636	720
436	-525	739
465	-484	774
483	-421	793
511	-409	807
519	-433	831
491	-360	835
508	-269	846
499	-205	819
531	-188	815
531	-177	868
519	-170	883
535	-132	868
575	-109	881
527	-49	867
540	-13	875
536	-49	899
537	-20	871
542	8	883
519	31	876
523	47	855
524	24	878
510	71	848
523	80	854
507	88	824
502	102	806
521	12	867
473	16	787
420	-25	780
350	-69	632
344	-359	591
335	-354	425
448	-412	328
399	-400	86
300	-436	3
81	-1053	193
39	-1401	163
-61	-1284	143
-317	-1253	444
-761	-1609	255
-706	-1092	283
-709	-985	185
-815	-1120	27
-614	-1121	-47
-441	-917	-52
-340	-888	-154
-330	-868	-160
-336	-914	-153
-372	-921	-140
-391	-952	-148
-381	-961	-164
-369	-936	-180
-348	-948	-181
-345	-959	-183
-351	-959	-193
-356	-925	-202
-353	-922	-201
-338	-928	-185
-364	-935	-159
-364	-962	-144
-348	-956	-164
-344	-921	-194
-354	-937	-180
-370	-944	-178
-359	-925	-120
-353	-921	-130
-345	-954	-127
-380	-945	-168
-378	-949	-148
-378	-970	-109
-351	-921	-93
-340	-924	-80
-346	-978	-148
-368	-961	-156
-356	-954	-88
-354	-965	-72
-352	-960	-93
-367	-983	-85
-354	-964	-113
-359	-937	-97
-370	-961	-89
-360	-953	-109
-352	-937	-106
-369	-951	-125
-375	-943	-113
-377	-953	-93
-365	-962	-77
-360	-949	-72
-361	-940	-64
-353	-943	-77
-356	-945	-44
-368	-945	-52
-376	-968	-72
-349	-965	-57
-356	-925	-81
-336	-970	-77
-321	-948	-49
-349	-1025	-36
-400	-946	7
-397	-1005	-25
-425	-1033	-36
-417	-997	-7
-365	-1037	35
-365	-1088	79
-328	-1080	57
-258	-1145	38
-261	-1153	56
-197	-1160	64
-162	-1192	65
-8	-1169	104
76	-1143	65
110	-1088	112
115	-993	171
176	-969	135
193	-882	124
280	-877	177
292	-892	207
297	-749	304
335	-776	312
367	-874	286
360	-794	374
415	-905	380
441	-877	436
427	-740	492
451	-857	476
444	-831	448
457	-756	504
455	-792	539
455	-761	496
464	-807	488
454	-791	536
440	-744	516
462	-791	472
444	-733	463
385	-884	375
344	-880	305
339	-900	312
335	-911	320
335	-976	295
321	-972	300
296	-1037	323
275	-1066	308
247	-1032	303
224	-1048	313
222	-1048	326
220	-1040	287
191	-1026	313
195	-1010	291
190	-1021	271
184	-1009	267
188	-1009	275
185	-1025	287
195	-1016	287
216	-1032	292
233	-1034	297
248	-1032	295
265	-1037	292
289	-1028	312
310	-1009	335
342	-989	366
367	-999	379
379	-962	412
385	-925	455
377	-853	486
396	-828	492
416	-727	534
438	-669	583
455	-672	590
478	-652	600
481	-612	631
504	-637	658
521	-644	630
519	-569	664
519	-569	670
526	-561	668
503	-573	675
499	-584	663
495	-556	633
470	-628	571
398	-653	560
395	-760	511
403	-813	432
419	-887	408
428	-820	402
414	-999	417
382	-961	414
376	-952	439
344	-1031	388
303	-976	334
288	-945	387
278	-1008	425
259	-992	337
244	-1010	376
263	-1013	379
240	-1000	337
225	-989	359
240	-984	368
231	-986	344
243	-961	339
252	-976	337
255	-970	334
268	-976	351
280	-976	337
305	-980	339
327	-1005	332
339	-1000	343
366	-988	383
391	-996	415
408	-961	431
415	-932	446
417	-893	487
416	-844	519
433	-804	524
439	-764	563
452	-721	575
455	-653	598
518	-642	620
528	-580	632
543	-537	687
547	-589	700
548	-532	668
563	-541	713
575	-514	702
580	-516	723
561	-449	739
569	-444	723
556	-452	723
563	-401	712
574	-441	713
560	-441	718
535	-421	718
521	-433	704
534	-447	726
545	-468	743
535	-565	691
430	-629	583
467	-706	600
473	-772	563
494	-814	531
480	-850	519
455	-848	508
433	-879	508
416	-895	480
360	-929	479
328	-932	511
327	-921	518
316	-941	463
311	-920	480
300	-922	463
299	-935	451
291	-945	454
295	-946	456
286	-961	460
287	-948	465
313	-951	448
318	-936	455
334	-937	455
351	-951	462
368	-921	462
401	-935	460
433	-889	494
447	-874	516
448	-825	563
460	-801	575
472	-780	574
471	-709	588
494	-631	616
505	-553	646
502	-500	688
543	-538	700
587	-537	688
595	-485	696
595	-449	732
620	-436	732
617	-445	769
623	-400	755
620	-369	739
608	-338	744
609	-320	732
616	-292	769
617	-292	750
624	-285	718
611	-292	752
617	-264	703
624	-301	744
611	-296	732
582	-377	719
537	-426	628
513	-544	611
523	-559	552
536	-658	569
523	-711	547
547	-841	504
527	-889	526
515	-797	486
513	-913	500
499	-973	495
454	-900	440
436	-940	487
419	-912	423
382	-904	428
391	-951	451
361	-936	432
334	-884	451
351	-920	446
347	-917	452
345	-912	451
364	-903	448
366	-885	425
371	-884	428
387	-887	440
398	-889	447
391	-905	460
399	-905	472
407	-906	480
414	-909	472
430	-872	470
479	-904	488
487	-871	496
508	-857	531
499	-836	552
511	-797	583
508	-784	608
492	-594	679
516	-584	675
516	-527	679
527	-434	708
552	-405	734
583	-413	686
614	-392	814
609	-336	774
624	-311	763
649	-320	777
639	-298	760
620	-244	766
608	-236	774
662	-189	774
651	-164	759
657	-196	791
622	-144	759
620	-169	766
614	-154	721
588	-159	728
569	-193	721
564	-248	743
521	-236	631
471	-415	652
483	-503	527
508	-824	478
535	-745	476
524	-922	535
504	-877	486
463	-927	460
441	-1025	382
452	-1001	419
348	-973	463
328	-973	465
280	-954	422
252	-980	408
217	-951	367
193	-930	358
199	-977	374
176	-993	368
169	-1010	367
169	-1025	361
163	-1016	327
156	-1021	327
135	-993	311
127	-1017	327
132	-938	278
118	-937	247
97	-895	203
78	-900	191
36	-892	127
-29	-1012	184
-116	-928	147
-215	-1007	238
-328	-1184	203
-416	-1015	217
-490	-933	337
-488	-1037	225
-500	-1018	203
-519	-920	267
-429	-736	355
-479	-937	360
-468	-1194	305
-392	-884	140
-151	-1169	331
-552	-397	615
-645	-928	143
-461	-1111	81
-248	-1303	172
-639	-633	403
-520	-906	275
-313	-1389	241
-445	-825	619
-570	-530	646
-463	-857	462
-392	-1074	344
-585	17	783
-676	14	787
-653	159	760
-644	32	814
-615	24	831
-580	-25	798
-521	-229	815
-441	-576	703
-365	-744	689
-368	-685	651
-298	-889	438
-281	-961	278
-328	-1132	135
-341	-1200	105
-330	-1135	83
-296	-1048	75
-277	-984	62
-277	-953	38
-260	-925	59
-296	-957	55
-287	-988	46
-287	-991	12
-249	-968	19
-256	-1008	19
-274	-981	-18
-193	-1066	-64
-170	-1016	-74
-136	-1048	-64
-157	-1013	-49
-154	-999	-89
-133	-1041	-93
-154	-993	-68
-127	-1060	-73
-97	-1052	22
-80	-1040	62
-68	-1040	22
-80	-1039	56
-57	-994	83
-71	-1040	96
-73	-1025	79
-80	-999	70
-80	-1047	91
-72	-1095	71
-125	-1037	76
-77	-1040	63
-45	-1052	51
-47	-1044	87
-68	-1001	76
-85	-1044	40
-50	-1060	9
-89	-1076	38
-103	-1001	44
-89	-1002	31
-68	-1092	31
-77	-1073	35
-95	-1001	4
-105	-1040	99
-104	-1017	57
-114	-1039	39
-109	-1025	6
-88	-992	-5
-84	-1049	17
-81	-1071	30
-106	-1017	47
-104	-1040	57
-101	-1032	56
-103	-1025	44
-96	-1045	35
-98	-1039	16
-105	-1056	12
-120	-1050	28
-121	-1033	30
-121	-1028	24
-113	-1032	30
-111	-1031	32
-116	-1053	52
-113	-1048	49
-113	-1036	43
-119	-1037	46
-132	-1032	51
-138	-1026	35
-137	-1021	31
-143	-1021	48
-140	-1064	49
-120	-1021	64
-104	-1060	19
-111	-1042	31
-95	-1065	8
-156	-1037	24
-173	-1037	35
-168	-1087	27
-160	-1077	12
-164	-1036	6
-165	-1017	-9
-160	-1072	-21
-125	-1064	-57
-98	-1040	-92
-79	-1021	-77
-84	-1037	-74
-100	-1034	-71
-105	-1036	-65
-111	-1063	-68
-116	-1026	-45
-138	-977	6
-138	-1001	12
-121	-1005	15
-108	-1025	30
-82	-1021	40
-79	-1048	38
-64	-1034	19
-49	-1088	56
-25	-1069	11
-20	-981	30
70	-1044	-8
83	-1064	6
54	-1124	12
1	-1085	80
-28	-1049	94
-44	-1045	156
24	-1104	124
46	-748	127
-4	-1037	188
112	-1194	103
143	-1106	111
148	-1103	92
155	-1101	131
200	-1093	135
204	-1005	199
241	-1049	168
288	-1048	179
313	-921	182
307	-772	214
291	-897	158
72	-884	168
-36	-880	195
-82	-1065	176
-71	-1154	120
-61	-1009	191
-92	-1032	147
-178	-1119	83
-125	-1218	159
-96	-1008	243
-114	-970	91
-76	-1175	8
76	-1050	199
-129	-1090	332
-237	-1007	524
-416	-1025	784
-367	-1055	832
-249	-860	763
3	-562	559
487	-125	28
529	654	63
176	1028	99
-217	-2048	-2048
1084	-1860	-2048
-1849	1279	56
140	-879	264
208	-800	275
395	-268	-93
575	468	-241
319	-1448	-1544
487	-2048	-2048
-729	158	-864
-778	433	487
-352	-804	278
-348	-991	111
-359	-980	-90
-584	-961	-146
-833	-765	3
-950	-408	140
-945	-551	3
-897	-644	-266
-889	-737	-360
-832	-749	-418
-802	-529	-425
-815	-576	-564
-856	-388	-377
-905	-103	-313
-919	-191	-372
-889	-200	-397
-877	-175	-490
-884	-242	-520
-937	88	-249
-820	30	-440
-628	-260	-628
-751	-240	-471
-943	-80	-241
-936	-122	-256
-522	-224	-505
-653	-136	-538
-688	-244	-624
-860	-47	-421
-973	-10	-193
-913	-68	-456
-964	231	-57
-793	143	-68
-765	20	-340
-831	70	-449
-985	56	-400
-1005	-25	-377
-1037	-16	-113
-1050	-76	-97
-1244	67	-113
-1120	44	108
-1204	70	97
-1426	225	-193
-1352	143	-95
-1132	-112	-41
-1112	-168	-344
-807	-232	-496
-623	-157	-445
-527	-343	-410
-432	-479	-549
-650	-372	-333
-652	-424	-592
-776	-436	-864
-740	-144	-719
-872	89	-316
-925	254	156
-996	-96	243
-1172	-412	-313
-997	-266	-429
-956	-297	-330
-953	-333	-151
-916	-472	-33
-890	-493	-223
-970	-141	-112
-1041	-148	64
-1060	-217	-125
-994	-244	-208
-961	-165	-241
-922	-87	-313
-937	-84	-336
-954	-31	-345
-943	3	-336
-967	100	-263
-996	-56	-401
-1065	31	-300
-1085	220	-333
-1033	81	-434
-962	97	-385
-882	30	-368
-869	19	-388
-826	-80	-410
-813	-93	-336
-855	44	-301
-845	-24	-264
-881	-132	-306
-909	-45	-317
-916	-8	-232
-1001	63	-221
-1065	63	-261
-1060	81	-216
-1026	121	-136
-980	57	-104
-1009	7	-105
-928	-68	-120
-936	-108	-176
-964	-109	-135
-985	-72	-127
-999	79	-74
-1016	67	-121
-946	-79	-305
-897	-145	-328
-912	56	-274
-989	65	-308
-981	-23	-336
-1000	-45	-346
-992	-31	-308
-973	-82	-253
-970	-136	-176
-953	-205	-173
-988	-175	-77
-1056	-212	-162
-1069	-40	-93
-1032	30	-136
-920	87	-208
-912	-1	-60
-930	-55	-42
-961	-157	-50
-948	-173	-42
-1012	-175	-89
-1072	-138	-127
-1045	-145	-200
-993	-185	-172
-959	-172	-153
-957	-111	-148
-1016	-48	-121
-1012	-64	-101
-932	-104	-89
-961	-125	-61
-993	-199	-41
-976	-241	-34
-936	-248	-28
-897	-285	19
-865	-365	38
-889	-385	51
-912	-375	55
-909	-377	147
-964	-316	148
-1010	-377	-16
-1017	-605	-325
-1104	-488	-409
-1047	-391	-408
-1013	-305	-377
-996	-116	-333
-874	-135	-264
-808	-228	-193
-930	-453	163
-898	-201	419
-874	-117	544
-889	-200	388
-968	-271	384
-1069	-409	428
-959	-372	665
-1186	-498	659
-1204	-532	495
-853	-509	56
-488	-360	-37
-328	-520	76
-181	-809	144
-100	-714	159
-242	-1028	-32
-369	-937	-84
-416	-977	-253
-413	-621	166
-317	-679	-58
-392	-576	-1119
-592	-585	-1159
-840	-269	-1108
-765	-625	-913
-712	-540	-788
-640	-496	-490
-717	-664	-409
-650	-986	-537
-669	-684	-388
-618	-815	-537
-625	-1160	-647
-612	-1113	-552
-415	-959	-549
-280	-909	-557
-121	-949	-585
15	-863	-648
80	-689	-690
75	-724	-719
51	-672	-570
83	-681	-533
121	-692	-569
204	-673	-631
277	-700	-655
312	-728	-633
316	-721	-621
287	-666	-594
336	-813	-672
345	-757	-701
329	-680	-633
336	-709	-636
327	-716	-672
350	-776	-674
344	-735	-637
359	-780	-551
359	-820	-537
355	-793	-516
379	-829	-573
385	-865	-521
376	-877	-441
375	-945	-449
420	-993	-447
412	-884	-377
430	-881	-265
439	-884	-185
417	-893	-82
422	-960	-73
444	-1010	24
444	-921	71
463	-964	71
459	-1001	135
447	-897	224
425	-897	308
415	-890	382
417	-863	412
408	-832	433
387	-825	510
391	-807	563
396	-773	558
441	-848	463
467	-904	307
473	-909	216
465	-929	163
480	-975	95
488	-957	-42
487	-945	-98
499	-957	-129
496	-977	-119
510	-992	-104
516	-956	-60
502	-927	49
478	-868	118
465	-905	172
468	-936	199
460	-929	200
460	-947	224
480	-887	305
467	-876	358
472	-869	419
460	-848	462
439	-828	486
423	-813	542
423	-765	545
448	-776	489
472	-881	392
492	-881	297
487	-882	175
496	-957	107
488	-989	120
497	-914	135
502	-941	176
494	-961	96
503	-925	78
487	-882	211
467	-869	262
511	-952	62
512	-976	70
523	-933	78
502	-882	108
491	-919	107
504	-945	63
513	-914	60
516	-913	62
519	-913	31
521	-922	19
531	-946	-4
535	-949	-9
531	-960	-10
496	-901	127
492	-937	214
481	-884	311
479	-845	355
457	-850	404
463	-860	439
449	-829	504
441	-800	513
444	-789	519
476	-817	505
492	-839	445
489	-834	339
487	-871	240
508	-973	63
510	-968	111
508	-933	144
515	-924	112
519	-916	123
504	-929	159
513	-925	180
483	-877	167
491	-911	167
488	-880	225
504	-866	243
518	-877	219
504	-918	129
519	-921	103
519	-922	67
524	-911	28
526	-928	-58
536	-927	-108
534	-865	-106
540	-937	-128
536	-900	-127
539	-916	-124
537	-909	-113
547	-937	-111
545	-917	-108
523	-917	-81
527	-889	-71
527	-906	-64
543	-913	-68
553	-904	-57
544	-903	-57
540	-900	-36
536	-921	-26
529	-898	-1
540	-898	16
534	-904	27
543	-905	32
548	-920	24
547	-928	25
540	-900	51
536	-882	71
566	-927	51
551	-905	48
545	-893	51
551	-909	39
550	-893	39
550	-900	39
560	-904	40
563	-901	28
575	-884	31
544	-909	47
536	-896	56
537	-928	63
543	-941	60
540	-919	47
531	-898	47
4095	4095	4095
312	1595	85
