Activity Name: tooth/
UserID: 4670
StartTime: 0
x	y	z
564	-333	-724
591	-316	-703
638	-320	-697
655	-316	-653
683	-345	-688
646	-417	-724
643	-484	-696
643	-493	-665
646	-513	-621
616	-537	-570
591	-532	-573
561	-540	-546
588	-657	-615
543	-674	-615
504	-733	-513
480	-730	-429
396	-721	-316
448	-791	-397
431	-641	-281
414	-837	-287
424	-858	-434
369	-852	-349
380	-831	-292
380	-781	-276
382	-853	-257
360	-839	-161
371	-840	-172
375	-903	-168
403	-853	-130
396	-897	-100
396	-925	-97
390	-917	-80
383	-941	-85
393	-1005	-77
383	-921	-71
326	-941	-71
340	-952	-103
348	-872	-112
334	-865	-48
327	-866	-48
323	-873	-48
344	-925	-31
344	-932	-37
316	-984	-66
296	-976	-96
198	-945	-148
163	-911	-193
55	-813	-224
-74	-724	-311
-49	-720	-442
52	-604	-488
118	-509	-385
120	-613	-42
167	-852	-8
31	-1277	-469
-204	-1300	-433
-372	-1274	-205
-341	-1133	-364
-417	-871	-497
-517	-644	-512
-589	-553	-464
-644	-455	-469
-664	-377	-469
-733	-369	-456
-751	-337	-407
-932	-344	-338
-996	-344	-321
-1040	-272	-301
-1069	-261	-356
-1112	-77	-311
-1192	-57	-309
-1146	-87	-324
-1037	-39	-260
-980	-113	-249
-921	-125	-247
-905	-32	-231
-952	27	-274
-991	17	-305
-1015	-25	-298
-993	-24	-306
-973	-39	-313
-945	-20	-311
-959	12	-314
-985	3	-272
-1005	-33	-224
-1016	-79	-205
-1097	-250	-189
-1083	-234	-221
-1028	-333	-255
-965	-407	-212
-928	-496	-223
-861	-500	-268
-730	-500	-250
-692	-616	-274
-706	-676	-193
-681	-738	-192
-624	-793	-234
-573	-807	-170
-485	-861	-239
-416	-932	-189
-244	-1178	-23
-68	-983	68
-84	-784	-56
-66	-781	-105
-57	-872	-47
24	-826	-16
152	-845	-20
174	-919	3
184	-892	56
199	-898	49
214	-938	51
259	-1106	3
176	-1240	48
190	-1265	115
188	-1069	144
243	-820	-34
443	-618	-173
620	-500	-125
519	-1053	31
531	-1172	83
401	-900	-34
376	-873	116
327	-1063	489
111	-831	595
436	-797	345
615	-281	287
731	-392	188
508	-669	220
361	-1049	284
366	-1149	448
424	-954	566
411	-844	496
353	-839	444
355	-844	444
344	-825	459
431	-857	417
440	-889	400
428	-877	441
408	-820	383
435	-856	464
451	-904	438
403	-857	352
368	-847	387
320	-852	516
288	-924	583
223	-957	483
222	-996	356
147	-1033	300
238	-975	265
280	-823	195
415	-741	7
463	-633	-52
503	-724	-40
592	-890	-84
467	-1088	-125
403	-1041	-29
377	-962	-24
324	-972	-61
271	-968	-45
240	-975	-31
222	-1000	-15
211	-1021	-20
227	-1009	-21
204	-983	-1
199	-980	6
199	-961	12
190	-959	4
199	-984	-12
192	-994	-8
185	-1007	-8
188	-1020	3
179	-1000	8
185	-1007	3
183	-1002	8
161	-986	12
159	-1002	12
152	-997	7
148	-976	7
143	-967	7
151	-972	12
159	-975	7
164	-1007	14
161	-1021	20
152	-1008	16
156	-977	17
163	-980	-1
174	-968	-15
187	-976	-21
192	-983	-37
192	-1021	-41
192	-1021	-32
216	-989	-23
252	-1002	-44
280	-1008	-84
295	-1012	-82
313	-976	-68
273	-940	-57
247	-1017	-74
241	-976	-69
255	-984	-88
296	-1008	-104
361	-988	-151
395	-959	-170
339	-957	-132
239	-941	-40
126	-1016	56
73	-986	131
107	-964	198
73	-881	267
-1	-922	395
240	-893	319
267	-964	427
222	-884	400
47	-605	480
-32	-732	563
-15	-852	646
-143	-695	768
-112	-977	347
-129	-993	67
198	-1040	-319
323	-884	-208
222	-767	-141
35	-754	-40
-327	-938	-113
-431	-1120	-89
-365	-938	-104
-410	-793	-106
-500	-1335	-20
-545	-805	264
-436	-735	-42
-594	-794	-208
-900	-914	-288
-916	-932	-272
-909	-815	-193
-725	-722	-156
-674	-748	-159
-588	-745	-232
-541	-761	-247
-472	-690	-249
-464	-756	-338
-503	-772	-303
-516	-797	-272
-594	-749	-266
-695	-749	-185
-765	-669	-160
-813	-620	-116
-817	-601	-66
-825	-580	-68
-832	-672	-41
-820	-657	-41
-797	-705	-4
-769	-789	60
-728	-845	118
-676	-808	177
-621	-703	215
-573	-665	188
-516	-722	159
-434	-680	63
-605	-941	108
-645	-1068	243
-434	-882	334
-178	-765	448
-17	-848	491
8	-711	300
-77	-887	209
-138	-909	180
-208	-837	-10
-241	-1025	54
-228	-1028	28
-260	-1095	-26
-202	-1109	7
-145	-941	-53
-144	-1020	-69
-233	-1005	0
-236	-935	44
-95	-985	-8
-39	-975	-2
-241	-912	92
-353	-775	-137
-375	-1111	-356
-552	-837	-98
-476	-815	-157
-360	-1025	-239
-205	-1044	-135
-136	-1020	-113
-150	-945	-167
-164	-937	-225
-199	-865	-205
-151	-881	-178
-105	-932	-196
-116	-1032	-242
-149	-992	-258
-199	-928	-210
-194	-904	-192
-205	-884	-160
-205	-890	-164
-253	-927	-192
-260	-922	-215
-304	-930	-223
-319	-944	-201
-303	-916	-177
-292	-913	-153
-250	-941	-192
-266	-960	-216
-313	-954	-208
-344	-932	-205
-329	-916	-196
-297	-929	-164
-253	-904	-136
-279	-911	-173
-292	-929	-210
-297	-889	-215
-293	-881	-191
-303	-916	-189
-313	-932	-186
-322	-948	-175
-320	-937	-192
-333	-921	-200
-316	-916	-208
-317	-912	-194
-317	-921	-189
-313	-905	-185
-324	-909	-186
-324	-903	-189
-314	-900	-194
-312	-905	-189
-313	-897	-191
-317	-884	-185
-337	-893	-184
-333	-897	-183
-340	-904	-191
-344	-917	-193
-345	-911	-200
-349	-895	-193
-345	-905	-207
-340	-919	-208
-346	-920	-200
-348	-900	-191
-344	-889	-193
-343	-885	-205
-344	-881	-208
-343	-892	-217
-345	-898	-212
-344	-897	-189
-346	-895	-194
-353	-900	-205
-360	-893	-212
-362	-898	-226
-381	-893	-229
-416	-876	-217
-464	-848	-212
-484	-853	-224
-503	-858	-226
-497	-916	-220
-452	-919	-226
-400	-928	-248
-377	-945	-265
-281	-927	-240
-217	-914	-244
-176	-881	-249
-157	-863	-233
-128	-865	-225
-114	-841	-209
-146	-911	-226
-192	-925	-225
-208	-904	-177
-237	-912	-212
-272	-897	-199
-282	-1049	-225
-287	-905	-138
-304	-980	-98
-314	-877	-44
-385	-903	15
-413	-964	-77
-388	-917	-100
-359	-912	-71
-336	-897	-92
-354	-920	-112
-357	-1009	16
-409	-953	39
-434	-921	-26
-449	-889	48
-408	-944	39
-328	-917	8
-305	-892	87
-301	-954	92
-328	-932	103
-328	-953	107
-327	-937	135
-336	-917	140
-320	-948	118
-305	-956	99
-309	-932	124
-320	-935	131
-324	-964	161
-336	-921	184
-340	-921	168
-365	-953	167
-407	-903	168
-447	-920	211
-493	-989	192
-580	-1249	132
-421	-1181	103
-157	-1178	96
120	-953	71
272	-847	19
344	-668	-9
273	-647	83
171	-488	294
49	-761	-45
-233	-564	-576
-305	-1013	-996
-111	-1093	-945
7	-360	-735
-269	-564	-769
-237	-772	-964
-320	-624	-893
-316	-665	-817
-311	-576	-697
-281	-600	-653
-204	-532	-705
-228	-579	-758
-217	-564	-769
-196	-532	-762
-185	-503	-733
-164	-519	-769
-154	-495	-817
-157	-532	-824
-143	-522	-804
-148	-541	-816
-160	-544	-792
-172	-537	-793
-189	-552	-804
-210	-576	-815
-249	-552	-786
-277	-552	-761
-311	-473	-688
-282	-489	-712
-231	-546	-735
-208	-623	-741
-173	-649	-784
-162	-679	-820
-168	-658	-823
-168	-645	-789
-172	-620	-753
-133	-616	-769
-101	-591	-725
-49	-580	-736
-13	-564	-714
12	-599	-712
38	-594	-724
38	-605	-689
63	-706	-725
88	-680	-705
96	-708	-665
99	-721	-693
86	-735	-633
71	-786	-597
86	-800	-621
92	-820	-584
140	-810	-602
204	-812	-666
251	-703	-765
196	-629	-746
196	-541	-820
147	-601	-800
134	-546	-756
161	-644	-692
216	-625	-480
91	-621	-378
147	-772	-724
143	-865	-624
161	-717	-617
224	-836	-592
192	-729	-525
172	-785	-466
94	-781	-492
97	-784	-540
105	-813	-628
119	-783	-626
123	-676	-580
27	-544	-552
87	-957	-632
41	-701	-585
88	-769	-629
35	-730	-756
70	-799	-796
88	-829	-749
112	-714	-705
78	-584	-568
52	-644	-565
16	-748	-652
56	-733	-605
76	-836	-628
110	-754	-604
96	-717	-610
108	-770	-660
95	-796	-625
60	-778	-577
23	-705	-516
88	-749	-537
67	-828	-609
72	-752	-596
63	-705	-590
82	-744	-668
111	-692	-652
97	-665	-628
62	-648	-669
42	-722	-628
12	-716	-577
12	-802	-623
-36	-753	-592
-24	-836	-661
0	-847	-554
-28	-865	-492
33	-903	-612
41	-792	-541
31	-776	-525
-9	-738	-393
-34	-825	-624
-20	-826	-682
-2	-761	-597
7	-804	-609
0	-792	-581
20	-816	-568
40	-745	-577
39	-754	-533
12	-780	-612
-105	-817	-552
16	-724	-612
-4	-788	-568
-16	-765	-544
14	-781	-583
33	-841	-596
-20	-733	-625
-16	-733	-656
31	-724	-668
-15	-713	-617
-93	-786	-527
-85	-956	-425
-24	-761	-557
-106	-661	-680
-34	-796	-645
7	-724	-657
6	-730	-668
19	-724	-727
-7	-696	-704
-23	-709	-725
3	-733	-706
15	-697	-648
1	-729	-632
17	-711	-612
24	-752	-589
33	-753	-599
35	-764	-561
59	-797	-576
60	-800	-552
70	-793	-568
88	-800	-564
83	-802	-548
87	-773	-557
95	-808	-553
87	-781	-552
88	-789	-557
102	-788	-562
99	-793	-569
99	-786	-568
99	-791	-552
97	-784	-569
104	-801	-575
115	-796	-562
107	-800	-549
99	-783	-564
103	-797	-557
103	-792	-567
102	-793	-567
110	-800	-570
103	-788	-581
95	-794	-569
104	-797	-567
104	-788	-561
112	-800	-573
120	-793	-564
113	-800	-573
115	-785	-561
124	-764	-548
111	-776	-548
104	-797	-569
112	-796	-561
108	-797	-545
108	-773	-557
108	-788	-521
113	-816	-505
108	-793	-474
71	-808	-509
-12	-804	-576
0	-736	-634
24	-735	-698
23	-740	-744
46	-721	-833
71	-616	-817
97	-604	-713
127	-633	-689
92	-680	-552
-10	-585	-708
63	-632	-724
7	-632	-797
8	-599	-829
7	-529	-820
15	-481	-845
32	-468	-889
15	-466	-893
48	-457	-928
68	-425	-868
80	-409	-848
76	-433	-852
76	-388	-837
80	-423	-849
60	-456	-864
62	-461	-858
-1	-433	-797
49	-425	-856
51	-444	-877
64	-354	-943
76	-353	-920
76	-346	-914
81	-375	-879
95	-503	-925
72	-538	-849
112	-513	-847
80	-394	-746
16	-397	-712
51	-604	-797
35	-594	-810
124	-568	-804
136	-580	-865
-1	-548	-744
63	-567	-820
51	-537	-791
60	-562	-788
73	-576	-794
97	-552	-794
62	-584	-753
52	-498	-810
39	-596	-743
39	-620	-754
75	-607	-794
131	-592	-824
55	-556	-820
111	-524	-745
62	-610	-751
33	-605	-727
56	-609	-761
112	-660	-837
47	-474	-781
43	-471	-692
15	-618	-753
31	-605	-813
137	-716	-832
143	-615	-824
54	-532	-728
-96	-722	-800
31	-585	-749
11	-624	-656
16	-644	-789
33	-391	-751
62	-409	-797
78	-458	-865
86	-471	-880
83	-537	-812
88	-600	-804
83	-617	-776
81	-609	-786
76	-589	-807
71	-564	-817
68	-532	-828
79	-513	-831
83	-485	-837
88	-477	-852
78	-461	-864
70	-464	-868
55	-473	-863
51	-464	-860
51	-474	-842
51	-473	-848
63	-476	-840
80	-489	-825
104	-512	-836
110	-532	-848
113	-525	-857
99	-525	-856
111	-524	-829
126	-500	-825
150	-525	-802
172	-522	-793
176	-580	-752
144	-567	-680
139	-631	-672
143	-609	-637
152	-625	-648
143	-648	-653
80	-703	-601
47	-816	-576
-16	-821	-493
-327	-813	-557
-287	-682	-506
-138	-842	-188
99	-951	14
174	-999	15
99	-1055	-81
-39	-1015	-237
-193	-1034	-249
-405	-1033	-216
-368	-948	-233
-432	-973	-237
-406	-906	-225
-365	-809	-119
-381	-1064	-130
-312	-936	-180
-308	-881	-277
-305	-933	-290
-445	-951	-237
-306	-944	-412
-317	-920	-445
-290	-991	-503
-204	-1057	-552
-148	-1068	-592
-42	-1073	-527
24	-961	-497
48	-953	-431
119	-876	-456
167	-857	-385
215	-809	-353
295	-769	-336
288	-794	-327
339	-744	-308
318	-789	-308
368	-781	-285
360	-746	-225
375	-785	-220
383	-797	-218
401	-825	-276
441	-809	-239
463	-799	-199
465	-812	-193
472	-809	-177
481	-820	-196
492	-847	-217
520	-820	-177
528	-817	-144
531	-852	-170
540	-857	-148
547	-832	-101
543	-837	-114
543	-840	-100
563	-824	-80
567	-820	-40
568	-804	-20
558	-800	-16
566	-809	-18
572	-765	12
540	-759	24
545	-833	-63
566	-889	-144
583	-861	-121
563	-840	-72
583	-832	-81
560	-818	-90
559	-816	-125
569	-800	-128
563	-797	-129
563	-796	-101
560	-793	-104
545	-816	-109
566	-815	-103
564	-825	-92
568	-831	-97
583	-836	-100
583	-845	-87
568	-845	-68
568	-821	-68
567	-829	-77
569	-826	-77
582	-817	-49
600	-818	-41
591	-810	-13
596	-791	3
599	-783	7
600	-753	14
601	-740	31
593	-746	49
568	-719	39
528	-705	6
467	-714	-96
400	-701	-189
463	-697	-220
475	-757	-253
459	-799	-264
471	-865	-305
380	-948	-345
404	-1036	-377
348	-1002	-285
304	-1025	-272
248	-1025	-285
198	-1004	-285
177	-965	-255
89	-944	-193
64	-957	-253
31	-993	-264
27	-992	-276
49	-980	-305
76	-985	-372
86	-993	-417
108	-964	-429
99	-946	-416
108	-928	-442
113	-909	-433
132	-872	-433
147	-861	-429
140	-863	-407
137	-848	-404
123	-848	-367
108	-848	-356
103	-874	-357
95	-881	-369
100	-892	-359
104	-904	-359
104	-912	-360
91	-921	-351
81	-928	-356
78	-920	-361
100	-906	-369
108	-904	-370
102	-898	-364
102	-904	-360
71	-922	-340
103	-897	-368
127	-845	-397
103	-876	-457
51	-936	-453
40	-960	-301
126	-909	-257
153	-906	-333
140	-901	-449
70	-941	-485
3	-936	-370
59	-887	-282
118	-897	-313
163	-890	-424
110	-940	-465
44	-925	-376
60	-889	-272
123	-900	-300
166	-872	-392
120	-920	-463
44	-921	-418
52	-906	-293
115	-888	-292
172	-864	-385
135	-932	-504
47	-951	-466
44	-904	-303
135	-887	-295
172	-868	-372
163	-885	-484
83	-941	-501
15	-932	-325
112	-876	-285
158	-893	-322
199	-852	-460
115	-920	-522
35	-911	-417
89	-894	-295
136	-898	-274
204	-845	-415
143	-924	-528
36	-922	-468
76	-881	-300
132	-897	-269
172	-871	-388
155	-901	-505
55	-919	-485
44	-873	-345
116	-889	-298
156	-906	-345
195	-893	-457
95	-936	-484
51	-901	-416
63	-884	-296
127	-881	-292
206	-856	-375
167	-906	-490
55	-913	-477
56	-853	-336
126	-871	-296
182	-872	-340
192	-864	-457
87	-916	-504
39	-884	-439
68	-865	-333
115	-901	-338
183	-866	-433
134	-906	-511
28	-928	-509
27	-863	-397
91	-861	-360
120	-872	-369
159	-856	-461
43	-924	-513
-26	-914	-455
27	-877	-341
76	-884	-333
140	-852	-433
81	-898	-508
-4	-912	-489
-4	-904	-353
79	-900	-313
129	-889	-360
143	-868	-468
54	-911	-509
-18	-887	-433
31	-880	-320
97	-906	-308
147	-868	-420
99	-903	-509
3	-912	-500
1	-877	-362
73	-885	-308
103	-904	-349
140	-865	-468
54	-921	-500
-15	-901	-440
32	-897	-328
95	-917	-311
127	-877	-386
107	-871	-480
12	-898	-485
-21	-877	-383
63	-893	-333
103	-925	-348
142	-879	-441
86	-897	-500
-7	-897	-477
3	-881	-365
79	-901	-333
103	-888	-366
135	-857	-457
49	-904	-493
-10	-903	-434
44	-884	-333
97	-888	-329
142	-855	-420
110	-874	-501
16	-901	-497
-15	-865	-381
72	-866	-324
119	-913	-360
150	-865	-460
83	-904	-516
-21	-925	-474
-4	-865	-340
83	-890	-330
110	-904	-378
144	-842	-488
57	-904	-527
-29	-903	-436
32	-868	-333
79	-908	-354
108	-877	-425
112	-856	-485
14	-916	-497
-32	-921	-376
48	-884	-290
110	-900	-340
124	-893	-463
70	-911	-525
-4	-897	-466
0	-865	-324
87	-871	-320
126	-885	-392
131	-884	-501
44	-912	-519
-4	-877	-436
17	-882	-317
88	-909	-314
142	-861	-386
120	-861	-493
8	-916	-543
-24	-916	-409
65	-897	-300
115	-921	-337
153	-864	-474
75	-892	-536
-13	-874	-479
6	-864	-333
67	-888	-293
104	-877	-372
119	-849	-492
27	-912	-528
-21	-904	-423
43	-887	-301
80	-930	-324
115	-900	-456
63	-917	-529
1	-893	-485
3	-861	-343
75	-879	-304
115	-904	-357
135	-889	-468
41	-903	-492
-16	-866	-429
28	-845	-333
103	-911	-337
139	-906	-392
123	-887	-473
16	-920	-493
-16	-889	-407
41	-872	-317
92	-909	-340
143	-873	-426
94	-884	-500
-16	-920	-488
-25	-872	-372
41	-876	-300
92	-897	-344
148	-861	-456
67	-900	-525
-25	-912	-480
-16	-873	-344
52	-913	-324
86	-945	-375
131	-857	-456
67	-873	-520
-55	-920	-497
-36	-900	-340
75	-889	-289
108	-908	-372
123	-858	-464
39	-884	-481
-26	-893	-436
-1	-890	-336
68	-919	-328
120	-903	-400
103	-866	-461
23	-889	-473
-36	-909	-409
28	-893	-316
97	-912	-338
134	-877	-423
76	-882	-493
2	-897	-484
-5	-884	-386
56	-909	-324
110	-921	-340
176	-848	-441
84	-893	-523
-15	-893	-498
25	-904	-345
89	-909	-280
143	-872	-359
110	-876	-455
24	-889	-493
3	-889	-394
67	-888	-316
99	-916	-345
121	-874	-452
72	-893	-501
7	-892	-472
19	-885	-357
91	-909	-312
124	-921	-369
120	-884	-458
39	-890	-478
-15	-889	-418
40	-873	-324
108	-912	-320
143	-889	-388
112	-889	-464
19	-912	-477
-13	-881	-399
46	-877	-328
97	-911	-341
140	-881	-424
88	-900	-500
0	-909	-477
11	-881	-364
81	-895	-324
115	-909	-377
131	-869	-464
63	-882	-487
-16	-887	-434
27	-871	-330
94	-900	-336
121	-895	-404
118	-861	-489
19	-890	-495
-33	-889	-410
37	-881	-321
92	-945	-345
107	-916	-399
110	-842	-481
32	-905	-519
-49	-912	-423
28	-881	-316
95	-927	-327
140	-877	-433
80	-879	-489
-5	-892	-474
-25	-892	-345
55	-887	-288
110	-897	-365
120	-887	-461
44	-911	-489
-8	-900	-409
33	-872	-305
96	-913	-348
112	-912	-416
99	-887	-479
11	-908	-464
-1	-881	-394
56	-900	-312
119	-928	-324
160	-871	-410
95	-877	-481
-2	-879	-481
-20	-892	-360
64	-904	-288
120	-917	-327
152	-881	-449
63	-905	-498
-20	-889	-440
6	-868	-311
81	-912	-312
113	-925	-404
115	-893	-488
38	-903	-480
-15	-897	-416
30	-897	-311
96	-925	-329
100	-908	-415
95	-865	-472
14	-877	-464
-23	-882	-386
48	-897	-314
118	-935	-345
134	-900	-425
96	-884	-468
12	-893	-464
-1	-904	-377
78	-897	-313
132	-900	-359
142	-865	-445
80	-893	-493
-5	-900	-441
28	-880	-324
87	-905	-308
123	-895	-407
110	-903	-500
24	-914	-479
17	-868	-377
55	-893	-305
103	-933	-348
113	-900	-426
84	-871	-473
4	-882	-456
-4	-880	-360
67	-897	-317
96	-946	-349
118	-881	-432
81	-868	-474
-4	-901	-465
-2	-903	-348
79	-925	-293
115	-937	-351
132	-877	-429
92	-876	-480
12	-897	-468
1	-888	-346
80	-866	-308
105	-897	-377
124	-881	-461
72	-904	-493
6	-898	-449
28	-882	-345
96	-913	-328
119	-897	-369
135	-857	-456
35	-914	-497
-24	-904	-429
39	-865	-317
103	-916	-336
99	-906	-376
120	-825	-461
25	-913	-513
-39	-922	-418
30	-879	-301
100	-922	-324
119	-889	-429
87	-872	-497
12	-901	-481
-15	-897	-373
54	-900	-296
112	-927	-365
131	-877	-436
78	-872	-472
6	-888	-452
11	-893	-356
76	-906	-325
111	-922	-373
120	-865	-447
71	-877	-488
-4	-904	-461
24	-897	-365
96	-921	-338
120	-928	-376
126	-852	-439
60	-848	-473
-8	-889	-473
3	-911	-375
92	-922	-320
131	-914	-349
142	-851	-449
64	-882	-505
-13	-888	-466
7	-897	-349
79	-925	-327
113	-906	-377
134	-849	-468
51	-877	-503
-8	-897	-458
27	-900	-337
80	-936	-314
96	-912	-370
110	-829	-441
48	-865	-474
-26	-897	-456
19	-904	-336
96	-936	-317
111	-941	-373
120	-884	-456
48	-908	-482
-16	-898	-449
22	-873	-324
100	-893	-314
122	-890	-381
115	-857	-468
38	-893	-481
-24	-887	-424
20	-872	-330
99	-908	-344
124	-881	-404
118	-836	-487
25	-885	-517
-32	-911	-436
19	-889	-328
92	-930	-344
135	-904	-407
118	-881	-484
14	-917	-508
-32	-904	-431
22	-889	-343
78	-921	-357
131	-849	-410
131	-839	-487
22	-898	-521
-8	-893	-440
40	-881	-336
99	-920	-344
135	-880	-388
148	-826	-481
55	-901	-540
-12	-933	-456
44	-901	-327
97	-920	-309
140	-874	-405
131	-832	-481
65	-852	-525
12	-868	-449
48	-866	-335
116	-904	-353
159	-897	-441
131	-888	-506
51	-882	-485
51	-849	-397
79	-882	-351
120	-911	-388
147	-863	-425
107	-852	-473
43	-873	-477
39	-868	-388
96	-889	-352
131	-922	-397
140	-889	-456
92	-889	-503
39	-874	-457
48	-840	-400
75	-896	-377
126	-912	-381
171	-858	-420
113	-857	-488
24	-881	-497
15	-885	-402
75	-904	-327
131	-919	-378
159	-868	-456
92	-882	-498
14	-881	-466
25	-860	-381
71	-916	-345
107	-916	-377
150	-834	-433
102	-853	-488
33	-877	-504
20	-873	-421
54	-900	-346
103	-898	-340
150	-866	-441
84	-901	-509
12	-908	-481
17	-871	-367
71	-909	-313
112	-933	-360
127	-868	-434
88	-865	-501
11	-869	-488
-4	-848	-397
60	-872	-349
103	-935	-381
120	-916	-437
71	-897	-482
-13	-921	-464
-13	-900	-388
70	-911	-327
120	-920	-354
107	-871	-404
102	-813	-468
19	-877	-498
-16	-892	-423
57	-874	-328
103	-932	-343
111	-895	-421
81	-881	-489
1	-916	-482
-20	-889	-369
51	-881	-313
95	-925	-354
96	-882	-424
63	-866	-479
-17	-908	-481
-37	-881	-380
46	-895	-330
89	-943	-370
84	-901	-428
68	-849	-481
-9	-871	-468
-37	-889	-418
24	-889	-340
86	-925	-348
108	-884	-397
79	-853	-473
-4	-922	-522
-32	-897	-449
35	-849	-352
81	-904	-377
94	-889	-439
88	-857	-487
3	-890	-484
-28	-877	-431
31	-877	-357
79	-912	-378
103	-866	-426
92	-837	-473
-15	-897	-496
-56	-904	-402
44	-869	-333
88	-932	-381
92	-881	-441
79	-832	-477
-17	-903	-500
-52	-912	-394
31	-881	-340
76	-919	-385
94	-872	-452
56	-858	-484
-25	-899	-485
-56	-924	-393
22	-898	-325
83	-912	-353
94	-873	-431
43	-881	-464
-20	-904	-463
-32	-914	-377
41	-900	-328
88	-909	-368
103	-871	-456
54	-860	-482
-8	-873	-456
-23	-874	-377
39	-900	-351
68	-928	-378
108	-857	-433
76	-855	-473
-1	-889	-488
-16	-909	-404
48	-922	-332
96	-946	-336
120	-857	-418
80	-847	-511
-15	-866	-519
-39	-864	-409
23	-890	-324
75	-933	-356
103	-877	-424
68	-868	-497
-13	-890	-506
-31	-884	-405
30	-889	-319
60	-921	-337
92	-864	-440
44	-904	-505
-34	-916	-481
-26	-872	-362
35	-893	-296
71	-932	-330
97	-882	-409
60	-887	-473
-31	-900	-468
-20	-865	-372
32	-872	-306
64	-921	-349
80	-897	-416
41	-904	-481
-34	-927	-466
-31	-897	-388
30	-881	-333
79	-912	-377
79	-887	-424
65	-854	-481
-17	-900	-481
-49	-900	-407
4	-872	-317
60	-900	-325
88	-873	-388
78	-857	-484
-15	-924	-516
-65	-928	-425
-5	-900	-322
63	-927	-333
95	-895	-386
99	-847	-488
25	-871	-521
-52	-900	-472
-24	-889	-354
51	-903	-322
83	-901	-362
97	-840	-456
39	-864	-520
-49	-897	-497
-29	-912	-373
51	-912	-303
94	-909	-353
112	-869	-474
39	-887	-520
-23	-866	-481
-2	-857	-381
62	-879	-351
105	-872	-404
103	-825	-493
19	-853	-520
-24	-884	-474
19	-884	-425
75	-897	-409
91	-876	-416
112	-836	-461
70	-861	-522
-8	-888	-530
7	-880	-464
88	-871	-410
112	-865	-433
131	-820	-487
79	-832	-522
-13	-880	-535
-9	-877	-461
51	-857	-413
99	-873	-433
113	-845	-452
103	-824	-497
6	-882	-517
-29	-865	-464
30	-817	-389
88	-861	-431
80	-848	-450
89	-816	-498
6	-893	-505
-57	-901	-450
-4	-885	-370
59	-897	-386
88	-865	-474
51	-881	-528
-16	-909	-528
-37	-914	-429
19	-877	-362
73	-889	-400
99	-848	-466
71	-849	-503
-20	-865	-487
-36	-868	-407
32	-857	-356
96	-868	-412
104	-852	-471
63	-872	-488
-8	-897	-477
-26	-887	-423
31	-882	-381
76	-909	-392
115	-872	-439
80	-841	-481
-8	-877	-505
-10	-869	-441
17	-904	-377
59	-909	-368
96	-853	-433
80	-847	-514
-10	-901	-537
-42	-904	-432
27	-889	-325
68	-914	-369
94	-863	-447
76	-852	-501
7	-872	-505
-16	-869	-426
28	-879	-357
75	-906	-381
88	-877	-445
65	-868	-484
-12	-898	-488
-16	-889	-425
48	-905	-377
92	-936	-394
80	-877	-425
99	-815	-470
31	-849	-482
-20	-868	-468
19	-881	-375
87	-900	-354
99	-897	-397
115	-865	-484
40	-885	-516
-28	-889	-466
12	-868	-369
81	-904	-356
120	-885	-400
131	-848	-474
46	-879	-509
-29	-884	-473
4	-881	-375
73	-909	-346
103	-913	-392
127	-850	-456
79	-860	-500
-20	-880	-464
19	-868	-365
76	-909	-353
86	-904	-392
124	-825	-466
60	-884	-536
-32	-909	-477
28	-868	-383
60	-909	-361
92	-903	-414
120	-861	-477
36	-884	-477
-7	-873	-434
27	-884	-372
76	-898	-372
95	-881	-400
102	-831	-460
38	-879	-509
-25	-897	-477
3	-879	-391
60	-900	-356
96	-900	-381
120	-866	-447
54	-868	-492
-5	-887	-493
-16	-922	-413
38	-909	-320
104	-882	-335
131	-850	-464
56	-889	-519
-13	-889	-480
0	-890	-365
63	-908	-352
80	-890	-392
127	-840	-477
72	-881	-498
-12	-901	-489
17	-911	-377
89	-904	-319
115	-869	-372
81	-872	-457
24	-889	-461
6	-897	-410
40	-903	-357
96	-897	-346
112	-884	-365
83	-881	-418
44	-877	-441
7	-888	-434
3	-928	-413
54	-916	-376
96	-925	-383
63	-932	-410
30	-879	-399
39	-864	-405
54	-885	-408
87	-880	-400
112	-861	-415
115	-868	-461
92	-871	-481
60	-884	-439
83	-881	-393
120	-861	-429
121	-882	-492
88	-877	-493
49	-871	-428
56	-865	-390
96	-877	-432
103	-905	-481
86	-877	-450
76	-839	-404
57	-872	-420
55	-895	-436
76	-868	-445
95	-872	-452
68	-885	-449
46	-890	-416
71	-888	-392
76	-900	-434
66	-882	-449
62	-868	-424
41	-888	-410
49	-881	-402
63	-888	-420
63	-881	-439
73	-872	-431
49	-898	-414
33	-890	-389
65	-881	-407
72	-881	-452
62	-897	-450
54	-884	-413
39	-897	-401
51	-897	-409
60	-882	-418
76	-879	-441
59	-888	-436
33	-881	-400
44	-885	-389
60	-905	-409
67	-885	-439
63	-872	-420
54	-880	-412
47	-904	-393
60	-909	-408
60	-897	-424
63	-868	-426
41	-877	-423
44	-884	-393
60	-895	-400
62	-884	-432
47	-879	-433
40	-880	-426
51	-912	-402
59	-909	-388
54	-892	-420
48	-882	-441
39	-877	-421
31	-881	-372
51	-900	-388
54	-905	-416
48	-868	-420
51	-884	-425
35	-900	-413
22	-898	-362
46	-881	-394
60	-893	-457
47	-900	-452
31	-889	-413
19	-904	-386
38	-904	-392
60	-880	-439
63	-874	-455
31	-872	-425
16	-889	-404
24	-906	-402
32	-880	-402
48	-876	-434
40	-903	-442
35	-897	-409
0	-900	-375
31	-877	-392
39	-882	-449
32	-889	-440
31	-887	-401
16	-904	-391
25	-904	-400
32	-889	-418
38	-889	-433
33	-887	-413
24	-882	-397
25	-904	-404
30	-890	-409
44	-881	-424
49	-897	-424
39	-881	-416
28	-900	-400
19	-900	-400
32	-881	-420
44	-888	-436
39	-887	-423
35	-900	-397
31	-921	-377
39	-912	-392
35	-900	-424
17	-889	-415
12	-871	-372
27	-892	-369
35	-912	-404
25	-904	-409
19	-900	-392
32	-900	-401
16	-903	-388
24	-881	-373
51	-897	-431
35	-912	-434
24	-885	-400
22	-880	-388
28	-898	-404
30	-881	-408
49	-890	-433
32	-917	-417
12	-901	-388
1	-897	-385
24	-893	-400
35	-876	-413
44	-882	-432
17	-885	-408
1	-892	-391
23	-909	-400
15	-892	-396
49	-863	-424
41	-889	-452
4	-897	-426
-5	-900	-391
15	-928	-385
33	-898	-416
35	-889	-436
19	-876	-416
6	-881	-385
9	-900	-402
6	-900	-423
20	-880	-424
19	-884	-404
24	-898	-394
17	-922	-388
6	-893	-397
23	-872	-429
15	-882	-425
7	-873	-394
7	-909	-377
11	-921	-397
17	-888	-416
12	-881	-420
3	-885	-420
-13	-911	-385
1	-905	-362
22	-906	-409
24	-887	-429
-12	-873	-415
-9	-893	-397
6	-912	-388
17	-904	-404
11	-904	-425
-1	-900	-412
-16	-893	-392
-8	-893	-378
6	-892	-401
8	-900	-429
0	-898	-400
-2	-903	-381
-15	-904	-378
-5	-895	-392
12	-903	-424
14	-904	-412
-5	-889	-394
-13	-893	-386
-9	-900	-388
9	-876	-413
31	-901	-433
20	-905	-407
7	-889	-388
-1	-898	-401
7	-889	-401
19	-882	-409
12	-906	-425
12	-911	-412
-7	-893	-383
3	-887	-400
6	-900	-413
3	-885	-420
6	-897	-415
-4	-889	-401
-16	-893	-394
-4	-897	-386
3	-892	-413
16	-877	-436
8	-879	-420
-9	-877	-392
-16	-900	-408
-20	-909	-425
-15	-877	-424
-1	-889	-429
0	-903	-429
-24	-903	-394
-34	-898	-404
-29	-892	-420
-8	-876	-433
-16	-872	-434
-32	-881	-402
-24	-895	-409
-16	-900	-424
6	-884	-433
-8	-888	-431
-31	-873	-416
-18	-890	-409
-12	-900	-424
-1	-871	-426
9	-881	-431
-25	-881	-416
-16	-882	-408
-2	-893	-421
-16	-884	-448
-40	-884	-439
-25	-887	-409
-1	-900	-394
-2	-897	-402
-15	-888	-429
-16	-897	-437
-20	-890	-420
-29	-897	-408
-16	-892	-388
7	-884	-388
11	-884	-429
3	-897	-436
-28	-897	-417
-29	-903	-392
-1	-904	-392
11	-890	-412
30	-873	-444
11	-892	-449
-17	-897	-405
-20	-897	-377
20	-889	-385
40	-880	-424
27	-889	-428
3	-893	-402
-8	-919	-385
6	-914	-368
31	-909	-402
40	-887	-429
31	-889	-412
0	-885	-386
3	-901	-380
24	-901	-397
46	-889	-417
35	-900	-424
16	-882	-402
19	-888	-388
20	-900	-404
16	-897	-410
32	-889	-404
31	-908	-393
21	-911	-377
19	-900	-381
8	-906	-402
28	-887	-412
44	-908	-397
14	-903	-376
3	-903	-365
12	-904	-388
38	-881	-413
55	-901	-420
16	-893	-392
-16	-895	-362
6	-904	-397
24	-900	-405
63	-880	-429
48	-904	-433
-5	-893	-386
0	-893	-388
7	-909	-401
23	-889	-417
31	-897	-413
6	-897	-404
-12	-900	-388
1	-904	-401
1	-903	-400
16	-887	-394
33	-897	-405
20	-897	-397
-5	-882	-392
6	-900	-410
15	-903	-424
23	-911	-399
24	-903	-392
1	-904	-388
3	-890	-404
-4	-895	-425
3	-897	-404
19	-890	-386
14	-908	-385
-1	-905	-385
0	-893	-396
11	-900	-432
1	-889	-408
7	-887	-378
-1	-921	-377
3	-905	-385
-16	-909	-410
-4	-893	-407
8	-893	-392
-4	-908	-376
-2	-900	-373
1	-911	-404
9	-906	-409
3	-895	-385
7	-909	-391
7	-912	-377
11	-897	-393
15	-909	-416
14	-900	-402
-5	-889	-377
-7	-898	-370
3	-906	-378
-8	-895	-394
-12	-893	-394
3	-909	-401
-21	-914	-372
-32	-911	-340
-1	-912	-373
8	-912	-397
17	-897	-388
7	-900	-392
-23	-908	-385
-21	-893	-377
15	-889	-402
30	-909	-416
15	-897	-400
-18	-890	-388
-28	-909	-386
-12	-898	-392
19	-909	-413
19	-921	-399
-2	-909	-372
-26	-909	-372
-21	-911	-392
6	-872	-400
22	-884	-429
3	-900	-429
-33	-909	-389
-25	-904	-369
-7	-909	-389
4	-895	-408
8	-892	-401
-25	-901	-381
-40	-904	-346
-8	-900	-385
-16	-908	-420
-7	-887	-408
-8	-911	-383
-9	-928	-376
-16	-912	-381
-7	-897	-401
6	-889	-415
-10	-904	-400
-13	-900	-369
-4	-906	-376
4	-892	-400
-12	-887	-409
-9	-904	-408
-13	-919	-377
-13	-913	-352
-4	-903	-381
0	-900	-421
-12	-884	-416
-16	-873	-381
-2	-890	-400
-24	-889	-381
-16	-877	-369
-15	-941	-402
11	-911	-402
35	-897	-441
-56	-903	-441
-76	-874	-369
-10	-887	-344
39	-901	-362
46	-893	-431
-20	-909	-484
-109	-914	-449
-95	-881	-354
-20	-900	-313
24	-925	-372
35	-900	-440
-15	-903	-442
-90	-903	-416
-68	-890	-354
6	-913	-348
22	-933	-369
24	-864	-385
27	-852	-452
-72	-940	-480
-104	-932	-375
-18	-865	-276
28	-916	-324
48	-889	-409
22	-885	-461
-65	-922	-458
-90	-927	-365
-40	-900	-288
19	-921	-301
49	-889	-392
7	-881	-452
-76	-904	-455
-98	-911	-385
-50	-904	-304
31	-940	-317
31	-940	-367
15	-881	-418
-45	-892	-437
-97	-900	-415
-73	-897	-333
-4	-925	-313
44	-927	-353
33	-884	-421
-40	-872	-461
-90	-893	-450
-87	-911	-369
-32	-937	-303
30	-951	-317
49	-880	-388
24	-840	-464
-57	-887	-487
-100	-921	-402
-33	-932	-301
15	-946	-301
44	-893	-399
24	-863	-464
-45	-881	-476
-89	-881	-400
-34	-880	-317
24	-937	-316
52	-906	-381
27	-873	-460
-58	-912	-480
-85	-884	-404
-36	-877	-333
12	-948	-337
28	-932	-380
31	-881	-444
-49	-903	-464
-81	-882	-423
-49	-871	-345
19	-893	-340
48	-889	-388
17	-877	-436
-45	-900	-461
-95	-928	-433
-60	-900	-377
6	-913	-344
39	-940	-360
32	-877	-400
19	-852	-452
-72	-925	-487
-137	-933	-413
-36	-848	-305
32	-911	-306
28	-893	-388
14	-840	-452
-61	-917	-506
-137	-936	-440
-80	-889	-317
-7	-903	-297
31	-911	-381
24	-879	-444
-52	-904	-474
-116	-917	-421
-80	-904	-328
-13	-897	-309
27	-903	-378
11	-868	-434
-56	-890	-460
-113	-904	-420
-90	-912	-333
-24	-921	-313
30	-928	-368
22	-880	-429
-34	-888	-469
-84	-889	-447
-65	-900	-369
-16	-909	-327
15	-928	-344
48	-865	-418
-13	-871	-468
-81	-881	-464
-72	-872	-397
-37	-925	-346
15	-945	-313
63	-881	-367
32	-877	-461
-71	-890	-509
-105	-904	-415
-34	-897	-304
22	-925	-327
47	-874	-417
1	-898	-481
-73	-897	-456
-81	-887	-365
-16	-898	-309
16	-912	-365
31	-887	-449
-34	-908	-468
-89	-912	-424
-57	-889	-330
9	-922	-338
25	-912	-385
24	-861	-445
-56	-893	-452
-100	-904	-409
-45	-889	-344
20	-936	-337
25	-925	-365
0	-876	-412
-45	-876	-424
-61	-895	-399
-40	-935	-389
0	-928	-388
23	-900	-386
12	-889	-388
-20	-893	-392
-36	-890	-376
-31	-888	-361
-10	-889	-375
-9	-904	-397
-9	-912	-410
-21	-927	-396
-31	-935	-365
-8	-928	-353
9	-900	-394
-16	-904	-424
-56	-882	-399
-52	-895	-365
-23	-920	-349
19	-909	-370
3	-903	-404
-40	-898	-393
-45	-893	-357
-29	-904	-360
-12	-905	-368
-8	-892	-385
-25	-925	-400
-29	-925	-365
-18	-919	-362
-36	-906	-369
-25	-877	-381
-28	-917	-392
-16	-914	-386
-21	-912	-364
-40	-892	-368
-28	-893	-381
-17	-900	-391
-29	-909	-391
-21	-924	-372
-31	-922	-364
-45	-904	-364
-32	-890	-392
-32	-911	-400
-36	-904	-365
-34	-921	-372
-40	-919	-365
-45	-897	-360
-37	-904	-391
-48	-908	-396
-31	-900	-375
-29	-912	-375
-40	-904	-360
-45	-898	-361
-33	-912	-381
-24	-904	-396
-40	-909	-378
-52	-906	-372
-45	-921	-365
-40	-912	-373
-40	-913	-381
-32	-903	-388
-48	-900	-391
-56	-893	-360
-36	-912	-378
-52	-912	-383
-45	-890	-385
-50	-908	-392
-50	-904	-381
-45	-913	-375
-49	-912	-372
-42	-901	-391
-42	-912	-393
-49	-904	-369
-44	-901	-354
-33	-909	-385
-53	-909	-397
-61	-895	-378
-56	-921	-372
-57	-921	-360
-61	-916	-340
-53	-898	-353
-36	-887	-392
-48	-909	-394
-56	-905	-369
-68	-916	-348
-45	-922	-356
-29	-912	-386
-25	-912	-400
-34	-900	-386
-50	-898	-373
-56	-920	-369
-52	-906	-356
-29	-895	-377
-20	-916	-400
-57	-912	-370
-58	-897	-337
-42	-917	-368
-25	-909	-388
-8	-897	-386
-20	-914	-376
-53	-921	-362
-40	-912	-353
-10	-912	-388
-9	-904	-397
-15	-908	-383
-40	-912	-338
-41	-912	-324
-23	-905	-360
-29	-893	-385
-13	-882	-370
-4	-920	-369
-28	-925	-353
-41	-920	-345
-47	-925	-354
-13	-903	-370
3	-906	-377
-13	-908	-370
-33	-916	-356
-48	-919	-362
-29	-917	-385
-16	-912	-383
-25	-904	-370
-36	-913	-346
-32	-908	-368
-36	-900	-377
-33	-900	-388
-39	-912	-385
-47	-916	-337
-36	-916	-336
-20	-916	-385
-41	-905	-402
-53	-887	-369
-37	-916	-376
-39	-936	-353
-41	-908	-360
-41	-909	-391
-40	-897	-405
-48	-884	-380
-48	-912	-356
-33	-916	-341
-32	-900	-369
-47	-912	-404
-49	-900	-381
-50	-904	-360
-36	-917	-360
-16	-892	-369
-36	-908	-413
-60	-901	-404
-66	-900	-362
-53	-900	-348
-39	-901	-369
-48	-909	-400
-60	-904	-397
-58	-903	-376
-72	-922	-370
-64	-905	-357
-32	-912	-408
-48	-920	-415
-55	-901	-353
-49	-905	-364
-57	-909	-385
-58	-879	-372
-47	-888	-400
-42	-919	-391
-50	-900	-359
-60	-898	-375
-45	-905	-397
-41	-900	-393
-41	-912	-386
-40	-921	-369
-58	-914	-353
-68	-882	-351
-41	-898	-388
-53	-904	-388
-50	-897	-381
-64	-928	-385
-68	-909	-351
-49	-901	-360
-48	-916	-392
-61	-889	-380
-76	-897	-369
-68	-912	-369
-64	-925	-360
-57	-929	-359
-72	-912	-368
-69	-900	-393
-52	-908	-385
-49	-895	-352
-48	-914	-356
-41	-911	-378
-57	-881	-391
-57	-900	-388
-50	-912	-377
-50	-912	-349
-40	-909	-376
-52	-912	-404
-64	-898	-394
-65	-913	-368
-50	-921	-349
-29	-905	-375
-60	-903	-413
-66	-874	-399
-69	-901	-376
-58	-912	-345
-37	-906	-365
-53	-913	-388
-77	-880	-392
-65	-889	-400
-56	-898	-377
-47	-897	-369
-45	-916	-409
-57	-900	-413
-60	-889	-409
-65	-900	-416
-84	-900	-369
-64	-888	-344
-23	-904	-392
-29	-881	-409
-5	-841	-442
-80	-912	-473
-156	-922	-413
-77	-889	-317
6	-937	-321
30	-898	-389
1	-845	-465
-93	-884	-495
-157	-890	-404
-89	-853	-313
-20	-919	-345
15	-903	-393
24	-865	-453
-65	-927	-501
-146	-914	-434
-109	-861	-317
-47	-888	-320
9	-881	-416
-20	-893	-477
-97	-916	-485
-121	-912	-412
-93	-893	-303
-13	-904	-336
12	-897	-416
-9	-873	-474
-89	-890	-479
-130	-903	-424
-61	-879	-322
8	-909	-340
27	-877	-408
-8	-877	-473
-103	-890	-481
-116	-872	-425
-66	-877	-354
8	-936	-360
48	-903	-377
47	-848	-458
-45	-893	-524
-112	-921	-447
-39	-906	-333
28	-905	-340
76	-861	-436
33	-906	-495
-13	-908	-464
-13	-929	-357
39	-908	-345
44	-887	-393
49	-861	-450
24	-884	-432
-8	-897	-400
7	-893	-320
56	-912	-321
87	-884	-383
86	-879	-439
31	-927	-425
19	-906	-364
71	-912	-320
103	-945	-368
120	-889	-389
108	-856	-439
39	-922	-468
6	-884	-392
56	-841	-317
97	-897	-370
89	-874	-401
115	-813	-464
47	-912	-505
-40	-935	-434
24	-892	-329
71	-906	-338
115	-866	-453
65	-882	-501
-5	-900	-500
-33	-906	-381
3	-888	-316
54	-921	-380
76	-884	-442
55	-857	-497
-26	-881	-484
-52	-869	-417
-4	-889	-345
38	-912	-368
81	-881	-420
51	-871	-481
-34	-897	-489
-68	-900	-393
-32	-912	-313
24	-936	-340
81	-866	-404
63	-836	-488
-34	-895	-505
-100	-904	-375
9	-860	-354
63	-857	-445
88	-778	-524
44	-826	-481
-58	-924	-449
-68	-928	-399
-16	-912	-372
9	-921	-393
57	-874	-441
31	-885	-503
-45	-905	-497
-80	-893	-420
-2	-872	-385
44	-893	-425
67	-845	-464
67	-809	-513
12	-857	-546
-45	-873	-492
-36	-855	-404
28	-877	-416
78	-881	-464
87	-861	-521
22	-861	-522
-61	-852	-465
-49	-825	-391
3	-864	-410
44	-897	-449
63	-848	-464
7	-841	-493
-50	-847	-505
-49	-855	-440
-2	-876	-397
44	-930	-418
96	-881	-461
73	-856	-512
-25	-848	-512
-29	-836	-448
1	-881	-407
35	-916	-410
97	-857	-450
60	-866	-509
-44	-872	-537
-52	-874	-424
19	-857	-345
60	-888	-415
49	-900	-481
12	-863	-497
-32	-874	-445
-15	-868	-397
24	-904	-409
49	-925	-417
56	-889	-418
8	-871	-433
-17	-871	-458
-26	-873	-420
0	-866	-364
39	-881	-370
41	-898	-426
11	-883	-452
-25	-872	-429
-32	-912	-413
1	-927	-386
33	-904	-409
31	-897	-433
4	-861	-424
-25	-880	-412
-20	-904	-408
11	-876	-402
12	-888	-441
-10	-884	-418
-17	-889	-397
-8	-912	-396
12	-903	-400
11	-884	-413
8	-897	-433
-12	-897	-409
-20	-880	-392
-21	-893	-396
3	-885	-400
31	-869	-442
19	-890	-458
-36	-892	-424
-34	-896	-389
3	-893	-388
28	-876	-420
39	-869	-461
-2	-888	-449
-41	-893	-407
-29	-904	-401
6	-919	-413
15	-890	-429
24	-861	-432
-13	-874	-426
-34	-877	-397
-26	-889	-401
-10	-909	-425
-1	-879	-423
-12	-881	-421
-13	-884	-413
-1	-892	-400
1	-904	-421
-10	-889	-433
-8	-872	-420
-13	-884	-420
-17	-884	-407
3	-884	-404
-7	-895	-432
-13	-892	-425
-24	-884	-400
-25	-887	-385
-16	-909	-423
-10	-909	-432
-8	-889	-409
-16	-897	-401
-20	-892	-392
-8	-897	-404
-12	-897	-433
-9	-888	-425
-18	-893	-397
-12	-881	-393
-9	-892	-410
-16	-892	-424
-16	-889	-413
-8	-906	-404
-15	-908	-404
-34	-872	-393
-13	-887	-408
-1	-908	-428
-8	-900	-416
-9	-921	-404
-25	-901	-386
-20	-881	-385
-2	-887	-425
-13	-881	-409
0	-861	-416
-15	-900	-436
-36	-887	-381
-13	-898	-381
-1	-920	-413
-4	-876	-410
-8	-884	-423
-36	-903	-402
-36	-882	-362
-8	-908	-394
-12	-895	-417
8	-861	-417
-5	-889	-436
-32	-890	-409
-25	-898	-421
-21	-914	-429
3	-888	-431
3	-888	-421
-15	-881	-400
-15	-897	-397
15	-916	-437
11	-897	-432
-5	-887	-424
-15	-877	-409
-9	-882	-385
22	-882	-401
16	-881	-416
15	-871	-424
-4	-880	-420
-25	-882	-397
-18	-901	-392
-2	-916	-417
-7	-912	-408
-16	-908	-385
-9	-921	-357
7	-914	-345
20	-946	-375
-4	-936	-377
6	-908	-353
-8	-905	-360
-8	-909	-360
11	-916	-356
23	-928	-365
20	-911	-357
11	-895	-360
-4	-897	-360
15	-897	-340
24	-897	-369
35	-921	-386
24	-925	-373
-9	-914	-337
-1	-927	-344
24	-919	-368
19	-892	-400
12	-901	-385
-21	-912	-353
-21	-922	-343
6	-921	-357
12	-900	-381
-7	-887	-385
-17	-897	-376
-29	-912	-364
-13	-906	-361
-17	-925	-380
-9	-896	-388
-10	-903	-385
-18	-909	-375
-24	-924	-372
-29	-921	-377
-18	-911	-394
-21	-908	-421
-29	-881	-413
-34	-884	-416
-47	-881	-369
-13	-889	-349
16	-906	-408
33	-876	-445
17	-900	-465
-55	-925	-453
-69	-921	-388
3	-916	-360
56	-908	-392
99	-833	-452
38	-889	-521
-80	-941	-488
-42	-904	-314
87	-905	-313
112	-932	-397
163	-906	-457
184	-884	-472
140	-914	-464
126	-921	-424
180	-945	-413
220	-933	-381
295	-916	-396
310	-908	-386
304	-900	-375
302	-880	-353
308	-881	-305
342	-872	-290
387	-848	-272
419	-832	-253
460	-817	-244
480	-836	-196
488	-836	-175
483	-836	-152
499	-829	-121
513	-825	-130
528	-821	-119
561	-793	-85
571	-799	-79
582	-804	-57
576	-815	-13
568	-816	-13
583	-797	-17
591	-785	-17
598	-775	11
609	-762	30
608	-756	41
615	-773	47
611	-770	35
639	-772	38
646	-765	39
646	-758	56
657	-756	71
678	-761	81
668	-752	86
656	-748	76
664	-745	94
659	-733	115
667	-728	135
670	-717	143
668	-712	152
673	-729	164
659	-727	176
636	-697	204
620	-688	206
591	-671	175
508	-692	167
500	-719	179
504	-813	78
494	-872	-65
539	-898	-101
592	-881	-130
585	-865	-168
585	-858	-180
600	-865	-185
561	-836	-201
511	-805	-239
480	-817	-241
454	-839	-210
446	-857	-209
440	-840	-257
422	-868	-333
334	-960	-378
272	-967	-280
345	-938	-182
367	-903	-200
382	-863	-336
302	-908	-394
255	-961	-376
207	-949	-230
284	-917	-194
284	-882	-232
316	-840	-369
268	-903	-408
209	-957	-376
190	-993	-208
247	-959	-161
259	-868	-239
289	-812	-388
244	-857	-436
176	-937	-400
199	-973	-220
272	-976	-161
248	-892	-241
280	-820	-413
207	-897	-473
147	-944	-400
209	-957	-217
255	-945	-180
239	-882	-264
248	-852	-410
179	-920	-452
120	-953	-348
206	-932	-212
248	-941	-215
231	-869	-313
228	-857	-420
175	-914	-460
115	-957	-372
167	-946	-212
243	-903	-202
225	-857	-309
224	-856	-441
161	-919	-473
110	-968	-360
175	-936	-225
222	-897	-228
224	-853	-320
230	-855	-445
152	-953	-460
108	-968	-338
174	-927	-212
201	-920	-242
184	-877	-321
216	-836	-433
153	-922	-469
86	-964	-399
144	-941	-236
207	-909	-208
222	-864	-336
178	-903	-464
95	-967	-488
79	-953	-345
152	-904	-215
172	-895	-232
195	-866	-356
147	-928	-441
92	-948	-433
100	-927	-311
171	-912	-253
192	-932	-290
199	-876	-373
152	-905	-449
87	-941	-432
96	-925	-313
172	-908	-225
206	-916	-260
211	-868	-377
168	-885	-466
88	-924	-449
99	-911	-344
147	-921	-241
203	-928	-232
215	-872	-328
179	-853	-450
100	-929	-498
65	-969	-353
166	-932	-202
188	-921	-231
188	-877	-370
176	-861	-465
108	-916	-484
67	-946	-336
163	-916	-212
183	-932	-248
185	-882	-376
160	-866	-463
103	-916	-461
87	-941	-333
163	-922	-229
188	-928	-261
185	-877	-369
158	-888	-445
89	-916	-447
88	-913	-359
161	-904	-260
199	-925	-272
204	-874	-360
182	-881	-445
81	-940	-461
64	-928	-345
159	-893	-242
190	-924	-271
172	-884	-349
177	-847	-450
88	-938	-471
39	-961	-349
121	-917	-233
171	-941	-272
152	-887	-356
159	-840	-452
89	-936	-471
31	-980	-369
115	-928	-234
169	-925	-237
182	-887	-351
140	-904	-439
67	-955	-437
57	-941	-305
121	-893	-231
163	-921	-292
167	-889	-376
135	-882	-445
60	-938	-425
68	-945	-314
153	-914	-233
183	-932	-282
167	-892	-380
144	-887	-441
71	-953	-425
65	-943	-301
152	-903	-225
195	-921	-264
177	-882	-372
145	-866	-466
63	-932	-456
48	-941	-322
143	-906	-213
195	-919	-248
188	-884	-375
152	-885	-476
71	-917	-463
62	-946	-360
113	-935	-228
179	-946	-241
176	-897	-324
163	-847	-456
79	-909	-493
35	-933	-385
112	-936	-248
147	-935	-226
166	-881	-345
145	-890	-449
84	-933	-472
48	-959	-336
135	-916	-217
159	-895	-258
158	-877	-405
103	-921	-477
56	-945	-415
72	-900	-316
121	-903	-257
147	-944	-265
150	-904	-329
132	-887	-408
88	-911	-426
86	-916	-400
111	-933	-369
130	-936	-333
152	-929	-324
131	-906	-345
99	-884	-361
83	-882	-362
96	-884	-375
115	-897	-378
112	-922	-349
103	-953	-330
112	-949	-322
132	-904	-360
126	-905	-409
99	-905	-400
67	-912	-349
92	-928	-313
113	-924	-324
131	-888	-364
127	-890	-392
96	-914	-377
79	-925	-336
99	-937	-321
102	-916	-336
112	-893	-373
103	-911	-388
88	-909	-364
91	-916	-336
103	-928	-336
94	-925	-349
95	-904	-368
76	-921	-360
83	-922	-338
96	-928	-345
88	-912	-349
108	-898	-364
97	-932	-364
83	-921	-333
102	-925	-328
99	-913	-359
104	-897	-367
97	-895	-356
92	-906	-353
94	-929	-349
97	-922	-352
92	-919	-361
91	-917	-360
83	-917	-352
91	-921	-348
103	-925	-354
88	-922	-369
79	-917	-369
72	-925	-349
83	-927	-333
102	-925	-336
96	-904	-362
84	-893	-380
63	-912	-360
67	-916	-333
92	-925	-338
103	-914	-369
95	-909	-385
83	-925	-360
76	-941	-348
67	-938	-324
75	-922	-324
83	-900	-367
92	-908	-388
87	-900	-353
80	-912	-337
87	-925	-364
86	-919	-369
80	-916	-360
84	-932	-340
71	-914	-338
71	-914	-352
79	-914	-365
71	-911	-353
83	-930	-345
92	-936	-359
78	-903	-343
88	-904	-356
80	-925	-372
68	-912	-354
72	-914	-338
72	-921	-336
72	-921	-348
65	-920	-356
67	-900	-356
84	-917	-368
72	-925	-353
68	-921	-338
71	-932	-354
60	-922	-365
72	-898	-360
79	-911	-353
72	-914	-345
80	-909	-356
67	-927	-372
71	-919	-360
71	-925	-354
83	-901	-346
79	-885	-369
71	-912	-385
51	-925	-369
51	-937	-346
57	-935	-330
67	-913	-328
72	-921	-375
55	-922	-387
57	-905	-356
67	-922	-354
71	-933	-349
80	-904	-349
87	-909	-389
86	-912	-383
71	-893	-360
76	-903	-356
76	-909	-360
79	-914	-373
71	-932	-367
63	-930	-336
67	-906	-332
79	-912	-369
67	-897	-372
73	-898	-365
79	-935	-356
67	-932	-329
76	-914	-337
84	-912	-373
71	-897	-369
68	-885	-365
71	-916	-370
68	-933	-348
76	-933	-340
70	-920	-365
76	-901	-380
73	-909	-372
71	-921	-337
76	-913	-332
75	-920	-352
54	-901	-360
73	-893	-377
70	-916	-376
73	-935	-341
91	-946	-353
67	-938	-361
62	-892	-357
62	-908	-368
79	-901	-340
88	-903	-344
63	-936	-367
68	-898	-359
78	-916	-376
63	-929	-353
76	-911	-343
83	-936	-387
65	-897	-381
63	-889	-369
67	-928	-381
49	-924	-333
76	-924	-313
88	-944	-340
76	-916	-356
102	-873	-391
113	-889	-429
59	-936	-433
28	-957	-356
88	-940	-269
126	-919	-288
140	-858	-385
92	-850	-468
-4	-911	-448
-13	-933	-314
84	-932	-217
124	-953	-289
116	-921	-392
107	-877	-456
30	-900	-445
-10	-921	-362
56	-928	-253
103	-948	-269
124	-904	-362
96	-881	-456
12	-906	-455
17	-911	-369
62	-948	-288
94	-977	-289
121	-893	-348
115	-842	-436
23	-905	-468
-7	-920	-385
67	-912	-288
103	-959	-305
115	-892	-353
118	-845	-447
15	-924	-461
-16	-945	-364
67	-903	-269
110	-959	-301
99	-936	-345
115	-836	-420
55	-887	-456
-16	-936	-415
40	-932	-305
120	-925	-269
153	-890	-349
124	-881	-448
48	-925	-488
-21	-953	-386
19	-897	-252
95	-897	-256
118	-890	-349
123	-860	-440
55	-912	-473
-15	-953	-409
24	-929	-289
94	-938	-266
108	-945	-328
108	-872	-423
57	-904	-449
-4	-922	-413
19	-916	-324
91	-924	-280
130	-945	-303
143	-884	-377
83	-882	-439
9	-909	-426
31	-900	-354
63	-941	-320
102	-969	-296
127	-897	-328
126	-872	-421
46	-909	-458
7	-921	-396
62	-937	-272
99	-941	-266
127	-877	-372
96	-898	-450
24	-927	-441
33	-911	-346
92	-925	-285
102	-953	-317
124	-900	-364
99	-882	-416
17	-925	-421
28	-903	-333
71	-925	-296
103	-935	-309
134	-873	-377
81	-916	-429
12	-936	-400
33	-904	-336
75	-936	-305
112	-945	-303
151	-872	-360
97	-881	-424
12	-936	-429
30	-916	-341
87	-912	-306
111	-968	-320
129	-889	-344
150	-848	-410
57	-929	-458
7	-970	-367
72	-921	-258
94	-912	-271
126	-877	-369
94	-912	-416
28	-953	-400
24	-937	-308
79	-921	-276
107	-920	-312
119	-884	-365
73	-906	-418
19	-936	-417
32	-921	-328
89	-909	-277
120	-941	-313
140	-882	-396
103	-897	-445
44	-928	-434
73	-920	-361
94	-945	-313
134	-921	-300
151	-889	-349
140	-885	-445
84	-935	-449
94	-937	-357
175	-943	-317
192	-912	-324
240	-842	-410
191	-884	-436
118	-949	-413
163	-945	-296
273	-928	-264
316	-940	-330
311	-914	-367
329	-864	-397
332	-857	-409
335	-857	-360
415	-890	-345
444	-908	-282
454	-888	-288
464	-861	-287
480	-842	-279
481	-824	-236
510	-799	-193
519	-791	-169
535	-784	-149
550	-765	-135
555	-772	-116
575	-780	-90
595	-788	-31
590	-788	-23
595	-784	-20
600	-783	-2
604	-776	7
620	-765	22
639	-749	35
652	-740	43
646	-736	52
665	-740	68
664	-743	82
680	-729	89
683	-724	112
691	-701	131
688	-698	148
691	-701	151
694	-716	144
695	-713	143
691	-692	158
692	-688	176
703	-680	183
687	-671	179
655	-657	172
627	-672	171
624	-700	188
560	-722	192
560	-744	177
563	-797	92
531	-817	-57
591	-818	-113
595	-826	-148
636	-825	-164
620	-820	-161
614	-817	-192
630	-813	-223
608	-797	-242
571	-778	-231
515	-778	-210
508	-799	-229
532	-815	-296
504	-848	-356
436	-927	-367
408	-943	-257
448	-903	-157
433	-852	-194
419	-791	-320
391	-788	-392
318	-847	-377
281	-909	-309
312	-916	-207
355	-890	-205
403	-816	-314
403	-829	-420
327	-901	-477
243	-981	-352
304	-965	-175
312	-872	-168
327	-797	-325
294	-861	-428
247	-936	-429
217	-933	-293
267	-980	-177
278	-917	-180
316	-836	-335
267	-890	-456
220	-927	-433
243	-904	-281
297	-906	-218
281	-912	-248
304	-856	-340
252	-868	-409
195	-921	-415
223	-919	-285
278	-922	-237
246	-897	-260
263	-823	-351
247	-867	-436
174	-961	-441
191	-989	-271
273	-941	-189
263	-904	-253
270	-826	-397
227	-861	-442
164	-953	-429
151	-969	-264
240	-928	-175
262	-882	-244
254	-845	-391
185	-921	-464
135	-956	-368
188	-936	-217
240	-920	-208
243	-889	-300
249	-840	-409
187	-913	-452
152	-952	-381
184	-936	-226
243	-924	-200
248	-897	-271
271	-820	-409
198	-887	-481
142	-940	-412
183	-949	-234
249	-953	-184
248	-893	-244
255	-856	-393
182	-925	-456
132	-948	-360
177	-952	-202
238	-944	-200
255	-880	-297
243	-868	-424
172	-914	-445
147	-930	-345
184	-914	-225
224	-908	-213
254	-873	-290
224	-879	-368
179	-912	-386
184	-956	-338
215	-928	-304
239	-900	-327
227	-911	-346
195	-917	-344
182	-916	-336
192	-904	-329
204	-906	-305
211	-884	-296
224	-890	-325
227	-903	-360
200	-919	-343
200	-914	-303
224	-913	-332
223	-917	-349
223	-893	-348
207	-905	-352
195	-904	-321
200	-922	-312
216	-906	-332
225	-887	-349
232	-897	-338
216	-906	-335
204	-930	-317
214	-924	-317
216	-889	-345
236	-872	-396
195	-897	-389
172	-900	-320
216	-900	-289
231	-900	-333
223	-903	-364
211	-904	-344
172	-921	-329
179	-937	-313
204	-929	-308
215	-897	-328
223	-884	-354
199	-901	-340
179	-914	-327
184	-930	-328
190	-911	-332
204	-887	-327
214	-912	-340
200	-921	-340
201	-905	-321
206	-909	-333
201	-909	-336
204	-909	-333
196	-913	-328
214	-909	-328
207	-909	-333
198	-905	-341
199	-904	-346
179	-912	-340
183	-900	-321
207	-898	-333
219	-904	-351
195	-912	-343
192	-919	-340
191	-929	-336
176	-927	-300
199	-897	-313
199	-897	-364
199	-904	-362
198	-921	-350
195	-925	-338
201	-920	-324
204	-900	-335
212	-904	-349
208	-905	-360
184	-912	-344
184	-897	-312
209	-898	-324
199	-906	-349
195	-887	-345
196	-906	-354
174	-914	-340
188	-921	-312
208	-936	-333
188	-917	-343
198	-890	-343
192	-912	-341
187	-908	-327
196	-909	-333
188	-912	-333
192	-900	-333
190	-916	-335
199	-913	-313
201	-903	-324
187	-917	-340
180	-916	-328
204	-924	-333
193	-921	-324
198	-904	-308
199	-905	-345
183	-916	-345
192	-900	-328
199	-919	-335
195	-903	-312
209	-895	-324
199	-924	-353
191	-908	-338
203	-919	-329
180	-913	-324
190	-893	-321
199	-904	-356
193	-905	-351
200	-897	-340
185	-913	-353
193	-916	-356
201	-928	-360
190	-905	-338
190	-882	-309
195	-909	-322
199	-921	-352
227	-873	-377
246	-865	-416
188	-927	-420
151	-938	-353
196	-913	-292
232	-880	-314
240	-836	-393
204	-837	-442
144	-912	-432
120	-936	-333
182	-940	-257
215	-919	-282
254	-831	-391
199	-866	-482
124	-928	-448
131	-936	-321
185	-941	-253
225	-944	-292
243	-850	-376
222	-847	-448
143	-921	-445
120	-933	-313
187	-913	-217
217	-887	-276
224	-847	-397
152	-905	-442
112	-921	-385
129	-940	-292
166	-968	-271
199	-921	-314
199	-868	-431
134	-895	-452
131	-921	-392
163	-936	-327
192	-959	-281
199	-933	-281
231	-842	-372
182	-852	-445
150	-868	-421
159	-916	-328
192	-945	-263
241	-874	-281
247	-865	-404
168	-932	-473
134	-952	-356
223	-932	-253
271	-937	-288
291	-888	-345
300	-845	-388
284	-871	-424
284	-897	-448
295	-897	-385
335	-908	-346
359	-904	-337
360	-876	-361
376	-868	-360
384	-852	-359
391	-842	-336
424	-834	-306
460	-840	-288
472	-836	-284
487	-825	-279
515	-823	-256
527	-817	-224
550	-812	-185
563	-804	-154
572	-786	-137
579	-788	-113
588	-783	-101
611	-765	-81
627	-751	-47
624	-729	-26
635	-732	-31
632	-736	-4
643	-719	15
664	-703	39
707	-696	71
711	-700	95
700	-693	118
705	-689	126
710	-698	144
711	-687	153
715	-671	163
736	-680	187
736	-673	204
739	-664	216
742	-651	207
739	-655	217
710	-666	236
716	-656	204
712	-644	227
684	-623	238
644	-647	238
636	-633	240
553	-601	227
504	-663	166
556	-748	72
588	-818	-23
651	-858	-97
686	-849	-109
671	-844	-68
691	-832	-73
665	-845	-135
647	-807	-161
643	-800	-164
606	-802	-152
560	-785	-120
553	-785	-114
513	-808	-135
511	-804	-157
560	-789	-210
519	-852	-260
480	-941	-244
465	-951	-113
496	-904	-52
492	-805	-109
516	-762	-249
452	-840	-287
403	-945	-249
403	-975	-97
454	-903	-53
443	-801	-138
470	-784	-276
423	-873	-320
364	-959	-260
382	-960	-97
441	-948	-76
423	-857	-175
435	-800	-296
409	-849	-313
375	-928	-274
360	-936	-129
432	-927	-88
408	-884	-154
430	-808	-282
403	-873	-325
352	-962	-281
376	-954	-113
412	-900	-77
398	-810	-181
399	-808	-297
343	-898	-320
311	-953	-239
369	-936	-117
398	-904	-129
409	-848	-226
384	-872	-308
319	-957	-303
324	-954	-173
371	-925	-95
379	-904	-173
371	-829	-285
332	-874	-333
297	-964	-296
291	-946	-156
364	-929	-85
375	-905	-152
371	-842	-276
339	-873	-354
308	-943	-322
323	-953	-199
348	-951	-90
368	-932	-114
344	-864	-200
350	-823	-308
327	-865	-360
307	-936	-284
316	-986	-109
352	-927	-84
361	-849	-202
335	-866	-328
295	-928	-346
275	-948	-221
336	-924	-122
337	-888	-162
350	-842	-288
320	-895	-349
257	-993	-313
278	-969	-164
350	-925	-106
340	-872	-216
310	-872	-344
265	-921	-354
244	-944	-264
295	-945	-188
327	-948	-212
324	-892	-269
310	-881	-303
280	-897	-313
297	-912	-288
284	-922	-226
289	-937	-205
281	-940	-216
279	-906	-249
304	-880	-301
312	-864	-301
292	-877	-264
283	-929	-253
284	-961	-269
307	-944	-269
319	-914	-276
296	-897	-260
294	-904	-244
287	-893	-276
264	-908	-282
268	-914	-260
263	-921	-248
283	-921	-237
303	-920	-263
286	-912	-288
295	-904	-295
272	-906	-281
255	-925	-260
278	-940	-257
272	-932	-268
281	-909	-277
291	-909	-295
289	-914	-279
291	-909	-263
295	-916	-255
300	-900	-273
304	-882	-296
287	-881	-288
300	-898	-277
287	-925	-281
284	-929	-290
275	-932	-282
260	-936	-257
278	-935	-253
279	-919	-253
288	-906	-268
289	-943	-282
270	-944	-237
300	-928	-191
312	-921	-208
312	-897	-242
300	-874	-265
280	-881	-241
297	-905	-221
320	-906	-228
321	-928	-240
311	-937	-231
300	-917	-200
344	-916	-205
329	-928	-232
316	-914	-255
320	-858	-242
319	-866	-277
314	-895	-298
327	-928	-263
342	-924	-225
359	-909	-226
348	-887	-240
342	-887	-258
332	-890	-264
329	-905	-260
331	-906	-248
344	-906	-241
358	-912	-250
360	-909	-260
369	-904	-260
366	-897	-269
377	-893	-271
390	-890	-265
415	-871	-265
448	-861	-264
471	-850	-276
497	-848	-273
505	-848	-271
519	-845	-258
537	-833	-250
579	-823	-232
611	-815	-232
615	-802	-213
625	-791	-183
604	-784	-146
590	-776	-80
582	-753	-25
591	-733	-8
622	-721	12
649	-727	19
643	-687	78
686	-681	92
723	-714	88
728	-679	103
729	-680	121
739	-671	136
734	-642	167
732	-650	184
740	-641	193
752	-626	208
760	-631	215
771	-633	216
764	-616	216
758	-605	222
758	-609	227
762	-609	236
747	-601	232
736	-596	230
712	-580	267
686	-565	307
679	-575	291
707	-626	240
712	-688	158
743	-717	126
739	-720	167
744	-685	183
739	-689	172
704	-727	151
688	-744	124
676	-740	103
702	-737	124
710	-727	135
704	-728	121
697	-736	118
671	-728	132
671	-712	135
668	-724	148
671	-733	134
671	-735	131
680	-728	134
671	-730	135
680	-740	129
668	-749	131
671	-746	134
664	-738	129
663	-745	123
664	-728	120
673	-729	127
683	-730	127
680	-751	120
675	-759	118
678	-753	118
687	-743	120
679	-744	112
675	-753	111
668	-744	103
664	-737	112
675	-740	119
687	-761	121
691	-754	121
696	-753	123
718	-760	123
719	-752	134
719	-733	151
732	-696	168
728	-681	166
735	-689	174
736	-676	211
732	-658	236
737	-634	241
739	-608	265
739	-580	275
729	-573	284
732	-573	294
745	-561	300
784	-568	295
782	-578	316
792	-578	310
785	-569	326
783	-557	340
775	-553	331
761	-548	318
755	-533	329
755	-529	343
743	-548	368
743	-509	368
735	-541	335
736	-552	284
718	-592	260
704	-601	252
707	-688	184
700	-744	102
712	-776	56
723	-769	30
719	-729	24
750	-703	54
739	-698	57
729	-712	41
735	-672	31
727	-665	22
752	-663	14
763	-660	17
739	-663	23
734	-680	12
736	-676	28
734	-652	39
723	-658	60
734	-658	56
739	-660	48
719	-692	31
719	-698	35
707	-692	22
705	-724	52
713	-724	63
707	-738	79
688	-730	73
681	-745	79
671	-737	67
670	-753	65
679	-740	55
688	-744	88
700	-757	120
696	-756	147
700	-753	159
700	-762	145
703	-749	140
712	-741	151
727	-740	167
724	-709	176
734	-689	175
737	-684	206
755	-666	216
753	-637	228
751	-613	252
777	-597	264
771	-592	283
764	-583	302
771	-541	326
777	-537	332
777	-544	323
775	-521	331
771	-497	334
750	-488	326
719	-464	339
671	-449	391
635	-431	342
572	-465	283
543	-535	198
433	-653	68
488	-679	-5
510	-564	-88
631	-687	-58
694	-903	-18
492	-1160	7
252	-1349	196
80	-1274	403
-40	-1181	593
-77	-1002	752
-114	-877	889
-114	-724	915
-125	-653	900
-153	-583	883
-189	-541	908
-194	-487	900
-197	-487	868
-161	-493	775
-57	-537	719
44	-637	607
102	-708	529
112	-665	428
70	-829	215
67	-770	-89
19	-852	-482
-18	-1032	-594
-64	-964	-633
-90	-868	-605
-173	-804	-633
-242	-823	-672
-269	-761	-648
-263	-727	-589
-311	-740	-592
-324	-665	-613
-346	-660	-584
-413	-644	-648
-477	-671	-665
-487	-689	-618
-461	-673	-575
-432	-689	-580
-400	-685	-564
-399	-663	-569
-409	-673	-580
-424	-672	-591
-457	-649	-594
-461	-658	-544
-445	-672	-541
-437	-696	-487
-364	-749	-400
-356	-802	-349
-461	-842	-268
-384	-889	-233
-413	-879	-164
-452	-879	-160
-389	-938	-193
-413	-893	-181
-381	-903	-209
-324	-949	-186
-255	-925	-208
-300	-936	-144
-292	-924	-265
-324	-837	-231
-324	-848	-207
-316	-850	-236
-333	-890	-193
-325	-865	-200
-328	-865	-135
-369	-912	-148
-415	-927	-173
-399	-909	-189
-378	-889	-172
-359	-897	-185
-346	-881	-173
-365	-873	-168
-360	-847	-192
-360	-877	-186
-372	-884	-218
-365	-881	-208
-368	-913	-210
-372	-882	-237
-397	-873	-216
-404	-832	-221
-412	-840	-237
-413	-872	-258
-441	-889	-248
-464	-876	-249
-429	-857	-218
-400	-857	-217
-351	-799	-257
-292	-796	-305
-340	-804	-343
-426	-857	-327
-449	-864	-296
-456	-890	-176
-442	-921	-168
-400	-841	-228
-388	-865	-193
-394	-857	-269
-445	-825	-281
-506	-895	-173
-444	-879	-228
-400	-872	-164
-404	-1033	-215
-468	-785	-250
-464	-939	-186
-386	-1028	-164
-416	-1088	44
-504	-1040	127
-436	-912	355
-370	-808	511
-359	-720	636
-349	-679	707
-304	-607	686
-333	-585	673
-369	-657	675
-364	-623	608
-333	-648	622
-327	-601	652
-273	-704	609
-181	-749	599
-138	-776	583
-71	-856	600
-39	-788	620
-2	-797	593
-25	-865	574
-37	-928	447
-16	-1042	263
-20	-1016	86
0	-1044	-80
22	-1039	-175
60	-968	-183
51	-879	-253
51	-914	-250
46	-852	-306
31	-895	-377
24	-897	-391
-7	-914	-417
-40	-885	-449
-13	-848	-464
15	-784	-437
-13	-728	-476
-49	-794	-481
-122	-909	-605
-157	-941	-631
-104	-930	-593
-72	-876	-557
-80	-872	-557
-45	-832	-583
-36	-800	-589
-2	-801	-621
12	-808	-660
31	-832	-698
95	-868	-744
147	-824	-697
248	-761	-633
460	-674	-559
355	-815	-456
371	-960	-472
311	-1031	-393
147	-964	-268
199	-877	-231
152	-900	-247
219	-824	-225
300	-712	-122
361	-745	-133
328	-879	-79
441	-852	-47
470	-714	41
396	-797	105
358	-935	-47
318	-957	25
380	-871	19
371	-928	-4
339	-997	8
328	-1012	40
313	-996	44
208	-1130	100
102	-1184	48
121	-1056	-98
103	-992	67
41	-818	46
-34	-919	-29
-25	-903	-16
102	-845	92
215	-900	140
323	-946	252
423	-1125	262
326	-1058	287
169	-992	28
151	-1041	172
152	-969	316
167	-1088	327
182	-1197	300
192	-1012	297
284	-960	78
262	-1001	28
268	-880	64
264	-985	140
292	-1021	89
337	-1105	95
364	-1028	167
366	-1037	112
300	-993	112
255	-890	204
225	-906	263
208	-980	467
279	-1172	662
376	-1231	609
432	-1108	471
467	-937	307
537	-656	140
518	-552	124
364	-538	54
272	-644	63
192	-857	96
124	-821	220
207	-997	312
208	-978	468
257	-1220	476
403	-1152	451
423	-938	408
411	-809	320
360	-669	231
332	-552	195
216	-714	326
184	-769	439
233	-901	518
300	-1124	620
323	-1008	611
268	-904	568
248	-889	455
311	-841	456
240	-808	416
198	-799	364
76	-944	463
127	-1072	492
260	-985	527
160	-873	563
171	-989	431
201	-868	399
198	-999	318
167	-897	334
140	-898	380
113	-909	447
120	-776	520
104	-844	643
40	-712	654
95	-941	564
143	-913	593
120	-925	572
171	-897	543
184	-833	492
161	-808	488
168	-809	408
198	-860	320
249	-889	446
319	-841	395
259	-1029	432
227	-1113	492
280	-1104	615
252	-989	719
276	-840	724
267	-818	735
243	-676	679
247	-562	630
222	-344	457
387	-352	124
488	-439	424
487	-513	529
219	-737	1136
56	-916	995
-345	-794	855
-41	-962	1003
323	-932	716
568	-930	344
392	-952	460
-73	-847	840
-87	-633	695
-119	-473	96
235	-737	-466
568	-31	-112
326	-874	-33
-61	-1812	-1037
366	-968	-2048
172	-657	-576
-1348	281	1838
-909	-436	952
-8	-2048	-439
184	-1728	-293
252	-669	248
180	584	841
463	1508	217
-40	-482	-852
-525	-2048	-2036
374	-279	-2048
-280	-1320	-141
-1127	764	1305
-733	104	751
39	-1196	-192
152	-1469	-72
182	-1296	-106
71	-1025	145
-33	-1082	124
-239	-981	243
-351	-596	566
-308	-720	615
-130	-808	422
-56	-893	287
-49	-1021	220
-93	-1175	180
-208	-1026	236
-305	-849	319
-380	-765	396
-340	-757	353
-253	-802	232
-223	-895	147
-308	-1016	80
-413	-1199	44
-445	-1012	136
-400	-831	227
-420	-836	263
-440	-967	219
-481	-1010	201
-528	-840	227
-522	-705	243
-548	-456	307
-519	-328	134
-576	-268	6
-548	-1073	-394
-372	-984	-234
-585	-413	199
-874	-296	425
-1144	-104	551
-1312	-141	343
-1205	-365	172
-1056	-372	171
-964	-324	179
-940	-445	177
-836	-461	239
-704	-313	231
-709	-457	169
-765	-612	79
-781	-621	55
-831	-781	44
-696	-637	-13
-524	-584	-80
-525	-601	-61
-544	-576	-77
-685	-810	-97
-807	-751	-109
-733	-823	-121
-660	-855	-104
-617	-776	-120
-564	-788	-136
-576	-781	-124
-585	-797	-141
-608	-845	-129
-653	-857	-141
-672	-821	-157
-697	-841	-137
-705	-801	-136
-680	-741	-122
-636	-703	-101
-584	-655	-97
-592	-801	-100
-564	-784	-124
-461	-680	-119
-408	-537	-132
-433	-554	-185
-591	-626	-218
-864	-781	-250
-1108	-629	-304
-1108	-420	-386
-973	-504	-328
-1071	-338	-26
-961	-497	22
-761	-728	-274
-717	-516	-216
-744	-656	-221
-845	-473	-173
-868	-573	-85
-753	-680	-101
-900	-642	-37
-887	-492	44
-793	-397	108
-869	-490	91
-890	-649	28
-888	-557	-20
-840	-569	-29
-820	-529	-58
-797	-601	-125
-788	-599	-180
-772	-653	-216
-752	-615	-232
-705	-625	-212
-690	-720	-212
-666	-648	-297
-685	-777	-253
-668	-748	-233
-661	-832	-312
-680	-867	-317
-605	-858	-412
-521	-848	-479
-397	-820	-528
-303	-788	-538
-191	-666	-561
-108	-633	-544
-45	-564	-511
14	-521	-464
49	-592	-464
51	-601	-647
32	-685	-633
70	-552	-520
-2	-497	-497
-93	-697	-600
-153	-729	-616
-114	-744	-493
-144	-800	-433
-221	-861	-482
-253	-849	-488
-199	-701	-528
-176	-775	-528
-189	-720	-616
-226	-788	-640
-308	-648	-637
-329	-690	-665
-341	-632	-682
-392	-596	-696
-433	-545	-717
-421	-481	-728
-417	-417	-757
-434	-416	-852
-474	-433	-898
-498	-484	-848
-562	-565	-698
-673	-673	-538
-740	-728	-440
-781	-719	-472
-788	-679	-504
-501	-538	-701
-199	-521	-893
-16	-241	-1014
-40	-93	-1002
-180	-109	-943
-369	-183	-815
-925	-277	-457
-765	-505	-889
-658	-593	-576
-600	-765	-441
-497	-889	-472
-373	-784	-613
-180	-532	-936
-144	-335	-991
-329	-187	-991
-473	-320	-869
-546	-473	-745
-545	-701	-610
-661	-741	-333
-685	-711	-152
-553	-736	-256
-417	-861	-349
-314	-754	-401
-281	-768	-473
-264	-904	-644
-329	-601	-740
-356	-569	-700
-557	-649	-540
-648	-712	-319
-697	-884	-242
-609	-961	-250
-281	-1045	-276
-196	-1005	-333
-101	-985	-324
-113	-976	-485
-157	-993	-525
-130	-945	-487
-77	-872	-481
40	-848	-481
119	-788	-392
236	-712	-242
240	-769	-116
284	-897	-79
241	-784	-69
156	-772	-140
148	-877	-225
188	-793	-369
272	-788	-509
316	-861	-613
243	-897	-584
292	-917	-557
339	-914	-616
334	-826	-589
360	-821	-570
383	-793	-544
320	-696	-537
348	-689	-527
360	-687	-497
366	-692	-447
326	-701	-463
305	-711	-485
315	-740	-524
296	-728	-473
288	-712	-476
284	-697	-543
287	-609	-487
299	-496	-447
327	-481	-468
385	-580	-473
352	-657	-397
193	-772	-367
-20	-936	-623
-130	-1096	-612
-215	-973	-660
-295	-977	-529
-285	-925	-404
-305	-900	-481
-464	-921	-436
-441	-1000	-353
-445	-834	-385
-469	-797	-474
-376	-877	-369
-297	-744	-274
-153	-729	-317
-144	-770	-441
-303	-840	-400
-458	-1057	-551
-564	-932	-333
-385	-825	-241
-368	-804	-258
-353	-808	-282
-369	-889	-288
-394	-919	-244
-349	-961	-189
-313	-957	-103
-256	-921	3
-232	-904	139
-196	-869	208
-180	-831	259
-255	-925	294
-328	-961	344
-386	-917	323
-412	-985	316
-360	-877	315
-280	-881	287
-232	-884	364
-226	-863	400
-271	-996	313
-313	-921	264
-287	-936	268
-292	-946	284
-314	-953	300
-312	-897	316
-308	-904	284
-306	-919	259
-317	-928	268
-314	-911	280
-306	-905	276
-313	-898	280
-319	-908	279
-330	-893	281
-340	-925	284
-330	-953	300
-354	-977	287
-359	-957	240
-359	-922	246
-332	-880	223
-322	-906	211
-320	-941	204
-319	-956	193
-281	-951	175
-271	-957	179
-308	-893	176
-349	-884	182
-429	-848	211
-474	-817	217
-524	-791	265
-549	-749	312
-521	-703	342
-503	-777	399
-481	-746	431
-441	-720	449
-498	-720	568
-548	-757	590
-543	-737	568
-599	-826	539
-581	-765	604
-568	-624	657
-602	-610	676
-580	-548	710
-576	-468	718
-573	-420	700
-578	-440	696
-589	-509	691
-592	-592	737
-545	-561	779
-505	-537	782
-511	-583	771
-561	-656	750
-567	-665	718
-525	-621	708
-453	-612	662
-361	-642	571
-261	-665	423
-242	-783	334
-249	-911	334
-225	-1009	283
-205	-801	124
-205	-997	8
-292	-1194	159
-386	-1329	294
-456	-1112	380
-505	-1039	463
-527	-938	425
-455	-961	250
-340	-1247	192
-98	-1082	303
70	-737	216
185	-736	216
392	-791	304
300	-1056	432
281	-964	435
224	-1063	81
91	-1063	318
188	-1357	472
284	-991	228
415	-753	-58
679	-532	-141
574	-753	-132
433	-857	25
284	-773	428
223	-681	611
120	-773	720
4	-737	809
44	-697	828
79	-624	787
22	-552	771
-64	-722	779
-154	-762	857
-272	-621	915
-292	-581	864
-244	-740	783
-96	-800	526
88	-865	440
184	-858	430
184	-925	467
174	-970	499
144	-960	504
132	-941	526
119	-946	487
96	-964	495
67	-952	496
71	-984	456
72	-968	440
71	-935	436
63	-967	403
46	-997	391
19	-968	417
14	-944	422
28	-946	399
33	-946	396
36	-941	399
42	-953	407
48	-944	396
49	-949	399
46	-959	382
48	-968	371
54	-957	379
64	-953	366
62	-975	352
64	-953	355
64	-945	371
62	-968	371
67	-967	367
89	-977	363
131	-996	337
176	-991	316
199	-964	312
207	-967	283
195	-975	275
179	-946	312
172	-881	313
163	-960	279
167	-1056	240
163	-968	307
127	-903	375
96	-959	352
63	-1053	343
-2	-943	475
-29	-882	489
115	-985	348
231	-1032	183
284	-990	87
278	-948	48
228	-928	60
203	-927	102
198	-913	153
199	-946	172
238	-985	184
254	-1002	190
240	-1017	214
228	-991	290
184	-1002	312
187	-1015	291
207	-1017	204
182	-973	240
147	-940	263
123	-1008	326
86	-981	433
12	-964	507
33	-973	521
-16	-852	583
120	-882	481
95	-873	396
89	-776	502
158	-921	572
123	-849	566
143	-781	551
135	-874	624
86	-799	792
12	-753	752
-77	-680	755
-162	-837	636
-218	-953	467
-8	-825	62
291	-884	-412
379	-975	-573
171	-900	-272
-2	-912	-100
-130	-1016	145
-146	-1000	71
-160	-1111	83
-58	-845	-121
-189	-991	-117
-106	-1072	124
-287	-857	344
-260	-1025	19
-364	-1009	-121
-448	-1048	-124
-481	-832	-58
-517	-765	-100
-536	-744	-173
-549	-773	-176
-565	-781	-223
-573	-833	-285
-663	-948	-276
-714	-848	-266
-729	-690	-249
-739	-688	-194
-697	-488	-229
-740	-504	-201
-817	-448	-168
-874	-375	-153
-940	-370	-76
-965	-368	24
-984	-313	54
-985	-288	56
-965	-240	104
-968	-148	115
-985	-36	103
-985	-49	112
-1005	-28	76
-1021	-60	81
-1016	-76	129
-993	-154	184
-1007	-71	268
-970	63	264
-1012	150	220
-1044	119	134
-1093	124	110
-1109	97	136
-1066	75	177
-1017	60	192
-993	4	177
-986	-96	57
-1037	-124	15
-1089	-136	94
-1113	-129	132
-1073	-184	119
-1060	-207	108
-1041	-244	113
-1028	-303	131
-993	-345	97
-953	-433	63
-848	-424	56
-728	-567	23
-703	-624	7
-612	-617	30
-514	-772	23
-418	-800	15
-303	-916	7
-253	-969	-1
-212	-961	-44
-178	-1005	-92
-154	-992	-96
-148	-1021	-26
-52	-965	56
163	-1049	51
307	-1145	-33
491	-1162	-77
489	-1088	-28
624	-951	-13
587	-960	-9
552	-837	-68
532	-845	-68
543	-793	46
476	-776	14
412	-861	32
348	-817	81
220	-815	-4
96	-842	-15
140	-864	-23
124	-884	-80
193	-1000	-58
328	-916	-80
356	-921	-85
409	-893	-121
411	-826	-196
456	-874	-290
444	-860	-306
423	-841	-297
387	-777	-313
399	-785	-354
494	-922	-426
440	-732	-298
452	-772	-289
432	-706	-224
489	-794	-296
540	-900	-360
622	-905	-409
526	-855	-237
446	-791	-205
396	-820	-186
374	-789	-208
440	-857	-256
486	-848	-231
504	-877	-210
507	-880	-217
499	-861	-167
500	-897	-138
483	-852	-57
497	-892	-39
504	-871	-34
527	-888	-36
537	-858	-40
551	-865	-52
543	-852	-20
527	-852	20
551	-893	22
539	-817	33
555	-877	7
558	-820	15
567	-793	16
556	-815	-9
563	-825	11
571	-829	31
577	-850	46
591	-877	48
588	-850	44
611	-868	38
596	-893	43
625	-820	48
599	-800	48
544	-784	67
519	-786	16
515	-817	1
540	-817	-33
555	-800	-48
576	-797	-89
582	-800	-68
579	-797	-79
572	-816	-57
575	-848	-57
571	-820	-42
566	-832	-41
560	-812	-39
560	-817	-39
551	-813	-9
540	-844	7
524	-829	12
540	-839	4
556	-828	-32
566	-841	-41
568	-829	-34
551	-836	-16
539	-825	-25
536	-868	-10
531	-879	15
527	-852	-25
535	-836	-12
527	-877	-16
519	-868	44
531	-845	35
543	-848	19
551	-842	-31
561	-836	-20
575	-810	-16
579	-815	-2
563	-829	7
567	-847	-7
556	-836	3
558	-821	4
560	-825	7
567	-813	-7
558	-826	-1
560	-840	3
551	-839	15
540	-848	7
543	-832	4
537	-840	-22
527	-823	24
528	-832	28
516	-808	19
529	-832	-31
544	-816	-40
556	-825	-45
552	-848	-52
520	-824	-79
499	-813	-84
519	-800	-42
544	-825	-101
536	-858	-141
496	-863	-144
462	-872	-160
448	-840	-164
415	-735	-210
336	-607	-280
366	-504	-388
428	-650	-392
527	-866	-447
679	-847	-340
688	-832	-284
752	-1073	-337
627	-1018	-281
523	-961	-442
467	-759	-553
452	-689	-567
417	-673	-485
448	-568	-600
483	-589	-644
500	-589	-636
507	-541	-617
526	-562	-609
527	-562	-664
526	-605	-584
521	-568	-585
499	-572	-573
511	-562	-592
508	-576	-570
511	-524	-584
545	-528	-576
556	-548	-592
544	-564	-607
551	-599	-586
543	-601	-567
531	-601	-580
537	-599	-573
543	-589	-561
547	-573	-540
545	-576	-548
537	-596	-560
536	-584	-557
540	-596	-553
544	-609	-541
528	-559	-505
551	-584	-544
559	-620	-546
558	-618	-517
560	-605	-528
567	-597	-564
552	-589	-553
560	-570	-560
574	-562	-554
567	-580	-548
567	-576	-554
558	-575	-543
563	-570	-552
567	-570	-560
563	-575	-560
560	-572	-552
553	-583	-559
556	-580	-557
556	-583	-557
563	-584	-554
563	-572	-554
561	-568	-554
560	-567	-552
556	-577	-561
551	-586	-569
553	-594	-544
563	-588	-548
567	-583	-551
563	-578	-543
562	-578	-549
556	-576	-528
563	-569	-537
559	-593	-553
575	-592	-549
583	-562	-537
588	-559	-541
583	-557	-554
577	-552	-553
575	-568	-561
574	-577	-554
575	-570	-548
575	-569	-552
576	-564	-548
566	-568	-544
572	-569	-548
575	-567	-548
569	-562	-551
572	-567	-548
575	-567	-541
574	-561	-544
567	-573	-544
566	-569	-541
572	-565	-560
574	-568	-551
576	-564	-552
583	-568	-560
574	-588	-544
569	-591	-537
576	-604	-532
579	-596	-534
579	-585	-519
587	-578	-520
4095	4095	4095
3927	433	85
