Activity Name: tooth/
UserID: 228676
StartTime: 0
x	y	z
19	824	-679
24	816	-656
9	777	-653
-13	764	-617
-57	732	-562
-71	663	-599
-4	742	-895
52	736	-932
75	783	-868
7	785	-786
-7	760	-783
-16	806	-697
19	713	-689
12	763	-658
27	806	-575
80	903	-568
151	795	-588
113	768	-642
40	721	-680
1	627	-656
-25	755	-640
-10	792	-578
54	811	-580
96	820	-592
94	854	-601
67	863	-648
35	780	-600
27	811	-608
-40	822	-708
-125	854	-696
-229	867	-701
-320	808	-785
-265	764	-673
-129	854	-666
-18	864	-705
81	927	-640
140	868	-616
163	864	-565
166	883	-541
207	800	-514
235	776	-529
252	747	-561
267	728	-573
255	723	-575
254	707	-576
243	743	-599
248	727	-600
255	716	-605
267	752	-633
272	767	-616
287	752	-628
280	752	-634
286	732	-618
280	739	-639
275	743	-626
283	732	-609
272	735	-625
280	732	-612
273	748	-616
281	735	-623
286	721	-605
286	716	-578
270	696	-561
254	679	-469
204	748	-537
231	811	-559
271	767	-533
224	827	-689
232	776	-621
137	817	-708
51	828	-753
7	775	-706
-42	831	-797
-25	774	-757
-16	748	-753
-57	790	-672
-89	771	-601
-141	831	-680
-114	748	-648
-101	783	-687
-125	819	-726
-159	766	-664
-80	695	-692
-79	759	-772
-55	823	-784
-36	777	-732
-49	716	-748
-17	755	-703
68	764	-765
65	792	-761
-29	814	-719
-21	755	-644
-20	743	-692
-21	812	-681
-31	847	-644
-32	1038	-650
31	880	-602
60	799	-345
67	891	-260
30	1016	-289
-26	951	-263
28	883	-201
62	891	-127
56	1039	-100
62	916	7
40	841	207
12	912	271
-71	991	358
-149	1070	415
-249	1059	291
-135	1016	94
104	1028	-58
344	1003	-116
432	1150	-162
513	1208	-73
519	1040	220
583	807	440
448	486	555
259	419	654
48	323	527
-194	419	553
-241	670	679
-121	543	905
39	588	1020
176	759	1047
240	816	974
230	871	807
292	812	712
319	632	579
344	537	559
307	463	575
329	431	540
390	313	545
416	329	547
475	343	558
504	367	550
566	387	492
615	444	436
608	536	355
572	662	312
526	809	270
499	902	260
483	841	220
432	764	134
415	671	-25
423	742	-295
432	887	-340
399	928	-385
408	979	-497
422	913	-578
390	1015	-601
319	972	-504
167	863	-248
60	799	-88
-63	857	83
-90	766	636
60	979	480
236	995	-65
185	851	-301
206	1068	-269
161	995	-4
127	999	-80
239	1095	-189
120	1094	-13
70	1139	-32
214	1279	-61
280	1039	-113
143	880	-24
140	968	102
96	828	-109
163	792	-305
192	1011	-364
143	1033	-181
188	1006	-120
169	859	3
140	873	192
195	896	147
224	862	-41
175	928	-1
231	798	-348
216	764	-557
135	692	-821
-8	723	-800
112	556	-794
176	759	-725
83	715	-744
-56	487	-959
-180	361	-1045
-144	-80	-1320
22	-68	-1360
207	275	-1159
228	929	-940
193	1041	-791
71	974	-877
-63	761	-1185
-41	729	-1025
-42	847	-641
-20	775	-496
12	880	-372
7	831	-196
55	796	-137
102	875	-112
136	897	-113
153	881	-37
179	903	22
212	944	39
240	940	49
236	928	83
236	912	92
231	913	83
240	924	83
248	934	62
268	942	60
271	920	78
263	918	96
263	960	113
259	908	111
259	908	142
268	910	137
274	892	140
287	903	140
294	911	159
287	870	169
295	889	183
299	880	190
304	880	217
307	856	208
288	816	220
284	871	223
295	897	220
307	892	225
300	862	233
295	875	207
305	881	185
303	880	190
302	875	204
299	871	171
291	902	163
289	899	180
292	903	159
311	913	145
304	878	129
291	903	131
286	899	132
280	894	127
286	935	124
295	920	112
308	913	95
318	911	97
296	894	103
287	915	115
280	911	78
300	902	79
311	903	67
284	854	167
267	787	60
236	880	-7
201	872	-154
216	948	-305
204	1033	-367
225	872	-628
254	929	-700
233	835	-733
283	721	-733
272	638	-602
232	679	-503
161	783	-509
211	760	-696
252	750	-628
208	851	-433
216	1052	-516
211	737	-618
199	758	-456
255	892	-410
281	881	-423
160	839	-428
96	799	-481
180	723	-653
24	992	-538
51	916	-625
63	748	-495
123	1084	-276
207	1039	-359
158	974	-264
96	900	-362
110	879	-456
183	752	-514
188	737	-573
140	816	-621
159	739	-671
224	595	-788
89	843	-705
158	708	-832
83	707	-745
118	803	-488
176	728	-501
179	624	-697
265	704	-961
113	792	-674
-8	819	-697
-36	700	-760
27	598	-849
158	518	-936
201	543	-893
160	643	-840
120	652	-804
111	655	-756
132	647	-733
187	608	-821
140	652	-856
97	671	-869
89	651	-864
88	667	-821
65	659	-836
19	662	-831
-20	655	-817
-16	655	-817
12	647	-823
35	622	-839
44	616	-861
35	630	-879
28	623	-863
12	615	-864
1	620	-847
-13	611	-864
-28	607	-852
-25	624	-861
-37	652	-877
-57	652	-857
-61	646	-845
-61	631	-848
-48	617	-861
-39	607	-866
-39	608	-871
-42	624	-882
-52	631	-861
-61	615	-850
-71	608	-857
-80	608	-860
-66	599	-857
-56	598	-845
-45	599	-863
-25	608	-870
-13	617	-895
-36	608	-920
-80	595	-880
-114	592	-863
-138	591	-848
-136	607	-817
-141	611	-825
-92	611	-793
-16	592	-761
36	590	-781
96	572	-761
172	551	-861
176	537	-936
111	495	-916
185	399	-961
113	419	-1007
-186	414	-1005
-393	444	-1087
-584	408	-1124
-660	401	-1197
-592	480	-1092
-399	435	-1048
-336	704	-1017
-8	524	-756
-52	305	-1237
-338	-1	-975
-138	379	-1153
-45	305	-1312
23	304	-1229
-64	420	-776
-546	345	-416
-437	403	-769
-354	492	-1133
-348	396	-916
-353	519	-945
-413	479	-1017
-191	647	-977
-136	759	-813
-192	769	-665
-200	823	-669
-216	935	-568
-200	883	-484
-193	830	-561
-258	831	-458
-337	812	-453
-408	815	-449
-452	888	-425
-530	1176	-500
-495	803	-365
-441	803	-392
-409	848	-439
-520	860	-424
-578	775	-401
-551	751	-417
-489	809	-433
-492	819	-441
-522	814	-432
-537	803	-399
-520	806	-399
-520	807	-410
-537	796	-415
-532	788	-409
-489	798	-426
-496	824	-429
-557	807	-397
-572	785	-381
-505	807	-392
-476	816	-416
-514	824	-407
-580	791	-369
-580	758	-365
-520	791	-392
-494	864	-376
-540	828	-354
-570	776	-356
-522	785	-378
-490	839	-396
-545	822	-380
-584	782	-369
-553	780	-372
-497	823	-385
-530	828	-377
-589	775	-370
-583	771	-370
-511	807	-386
-493	839	-388
-568	803	-386
-601	755	-381
-545	790	-383
-503	822	-393
-512	811	-407
-561	799	-396
-601	774	-381
-586	771	-381
-505	809	-393
-479	828	-407
-546	803	-408
-596	775	-394
-573	776	-391
-498	807	-394
-500	847	-388
-583	785	-381
-605	743	-392
-527	792	-410
-477	835	-405
-552	814	-392
-596	748	-388
-533	792	-392
-503	832	-391
-557	803	-383
-594	764	-388
-583	776	-388
-565	793	-378
-573	793	-385
-569	780	-381
-569	785	-392
-564	790	-388
-570	784	-381
-569	785	-378
-570	788	-375
-569	792	-377
-567	787	-378
-561	787	-381
-564	787	-381
-567	791	-377
-565	790	-372
-569	792	-370
-561	792	-378
-573	796	-386
-565	790	-377
-562	792	-378
-561	791	-385
-557	791	-380
-560	798	-381
-562	787	-377
-564	795	-377
-559	799	-373
-562	796	-377
-562	792	-377
-554	792	-381
-554	793	-373
-560	798	-369
-562	792	-369
-562	795	-370
-560	800	-370
-559	798	-370
-575	790	-377
-583	780	-372
-576	783	-368
-577	787	-370
-580	782	-376
-588	771	-375
-592	783	-372
-577	787	-365
-573	780	-368
-568	787	-376
-562	800	-388
-564	876	-276
-513	1043	-312
-413	1415	-352
-281	1433	-191
-269	1278	-97
-344	1088	-61
-346	974	-36
-320	752	115
-248	624	281
-456	524	396
-482	444	511
-519	401	616
-576	335	748
-514	235	768
-532	151	787
-584	119	812
-596	131	862
-560	184	865
-545	232	896
-528	204	908
-522	143	884
-557	305	843
-552	415	814
-565	359	856
-538	356	847
-557	387	815
-580	432	739
-530	424	700
-511	467	758
-497	547	716
-511	499	771
-513	543	780
-519	519	796
-493	511	734
-512	504	688
-497	476	718
-492	551	753
-489	524	758
-490	519	752
-484	491	732
-488	492	732
-482	577	750
-481	556	776
-482	539	768
-476	519	743
-474	495	736
-482	507	751
-481	508	753
-482	536	743
-485	531	743
-484	521	752
-479	524	751
-477	511	751
-473	515	742
-477	504	729
-480	484	739
-484	531	732
-484	519	742
-488	476	673
-514	433	543
-537	406	489
-528	448	472
-421	545	551
-509	984	942
-602	684	951
-697	711	719
-908	831	676
-823	745	516
-642	648	387
-424	543	348
-180	560	327
-95	641	323
-144	792	284
-189	880	236
-236	951	182
-308	1075	172
-362	1144	100
-385	1080	71
-412	1008	31
-452	967	56
-487	942	22
-497	899	-16
-509	907	-32
-505	884	-41
-498	872	-76
-511	883	-103
-519	873	-104
-521	855	-113
-525	852	-116
-529	864	-101
-538	867	-109
-548	862	-109
-556	876	-113
-551	859	-106
-552	848	-112
-559	848	-120
-552	835	-121
-564	851	-136
-561	860	-137
-561	840	-146
-557	816	-152
-548	815	-157
-548	852	-167
-569	873	-177
-575	880	-175
-572	852	-169
-576	851	-165
-575	843	-165
-568	851	-168
-584	878	-185
-600	899	-191
-616	880	-177
-599	835	-168
-589	807	-153
-596	827	-141
-594	847	-136
-577	881	-89
-544	868	-34
-535	867	4
-519	871	49
-541	919	144
-541	932	176
-512	920	153
-409	879	155
-232	865	188
-132	863	167
-125	831	115
-186	865	110
-234	839	25
-356	831	67
-449	956	79
-381	953	153
-281	916	246
-290	1023	207
-240	1112	255
-141	1065	247
-52	1017	251
-18	935	324
15	921	327
-13	1051	335
-77	1016	431
-128	902	408
-97	903	359
-39	996	387
-16	1072	415
31	995	427
88	880	440
127	752	404
140	736	414
140	743	407
143	763	412
152	784	451
179	816	475
192	872	472
110	992	534
-125	947	636
159	587	337
1001	-25	-221
302	952	272
-928	1865	1343
-338	871	380
1395	73	-791
348	817	-52
-1137	2047	1567
-476	1006	379
1588	-276	-1210
447	790	-320
-1241	2047	1740
-658	1055	527
1480	-228	-1232
505	636	-396
-1125	2047	1639
-690	1179	636
1432	-77	-1073
566	544	-442
-1104	2047	1452
-738	1324	681
1264	112	-824
742	319	-369
-770	1980	1191
-757	1419	827
895	83	-541
1075	38	-684
-504	1951	878
-1064	1843	1167
463	216	-536
1391	-200	-1084
-297	1616	487
-1127	2047	1236
182	390	-404
1284	-340	-1069
56	1254	135
-932	2047	1288
-224	740	-5
1207	-200	-927
428	688	-209
-740	2047	1183
-568	1161	374
1019	-72	-861
855	192	-658
-578	2047	999
-850	1743	728
368	199	-524
1323	-97	-1052
150	1207	68
-893	2047	1153
-404	791	78
1174	-73	-957
707	407	-465
-553	2047	936
-660	1475	523
524	38	-540
1095	22	-940
-8	1475	239
-784	2047	780
-256	647	96
1024	207	-817
1000	532	-809
-520	1712	704
-874	1151	435
140	467	-249
1443	686	-1583
950	871	-924
-756	1799	575
-980	1387	312
121	524	-213
1537	363	-1418
927	384	-903
-698	1897	574
-932	1593	407
195	399	-232
1632	196	-1552
807	305	-916
-861	2047	495
-884	1731	392
280	379	-433
1534	356	-1293
638	812	-440
-281	1406	-80
-425	835	129
-98	1039	192
-89	1027	652
17	955	484
1086	572	-557
1223	360	-714
-394	1409	483
-1223	1696	1150
-297	801	111
1396	524	-913
1065	523	-644
-453	1516	647
-1053	1635	910
-119	815	88
1463	492	-885
1055	404	-781
-613	1491	582
-1165	1772	1007
-130	803	76
1563	448	-1160
1078	392	-881
-634	1521	376
-1250	1831	899
-290	920	88
1462	582	-1124
1260	177	-969
-476	1302	131
-1305	1975	1016
-325	928	152
1460	448	-1160
1249	240	-962
-381	1323	51
-1277	1907	935
-489	864	172
1191	583	-1032
1439	271	-1216
-100	945	-426
-1294	2047	886
-794	1284	255
704	707	-735
1632	179	-1319
483	387	-703
-936	1718	524
-1016	1623	590
84	683	-253
1504	465	-1346
963	403	-973
-573	1475	-1
-1228	1823	568
-399	889	-143
1195	496	-1175
1308	227	-1012
-109	1052	-456
-1128	1932	687
-672	1175	142
630	502	-644
1487	231	-1410
480	448	-889
-912	1828	380
-1008	1648	433
94	609	-377
1436	391	-1360
995	406	-968
-452	1443	-79
-1076	1686	511
-289	892	-52
1091	403	-1032
1384	95	-1344
44	1016	-618
-1172	1955	635
-708	1116	-26
807	456	-857
1433	199	-1332
363	723	-860
-1060	1788	366
-1016	1361	60
223	636	-432
1592	216	-1524
1004	96	-1164
-637	1504	-177
-1353	1934	425
-362	804	-249
1355	419	-1332
1420	198	-1258
-49	801	-730
-1304	1937	624
-672	1415	-20
703	607	-928
1558	-32	-1460
440	300	-897
-869	1827	439
-828	1651	404
344	452	-538
1451	140	-1625
672	414	-1031
-724	1695	241
-1048	1628	249
-160	696	-231
1264	460	-1332
1259	131	-1244
-93	943	-640
-1188	2024	547
-711	1251	39
592	539	-656
1496	167	-1580
598	199	-1010
-765	1679	30
-1157	1812	392
-271	652	-296
1272	326	-1424
1268	143	-1200
-52	1020	-669
-1197	1996	566
-744	1107	16
678	348	-877
1459	143	-1665
492	492	-968
-909	1735	89
-989	1521	57
102	692	-306
1374	480	-1498
1048	97	-1202
-330	892	-581
-1186	1844	324
-521	1031	-129
876	465	-1073
1383	124	-1497
286	444	-961
-1018	1797	143
-1032	1529	143
28	560	-484
1446	96	-1712
1092	140	-1220
-269	1304	-433
-1140	1899	311
-504	960	-233
940	332	-1129
1369	92	-1501
247	497	-860
-1009	1633	212
-810	1427	-4
336	611	-647
1436	96	-1680
840	163	-1188
-561	1356	-269
-1119	1729	171
-324	841	-298
1116	339	-1352
1411	-36	-1568
140	423	-961
-1124	1843	195
-829	1511	25
551	361	-897
1504	-34	-1780
665	323	-1177
-871	1468	-57
-1162	1577	-4
-81	751	-420
1395	323	-1639
1235	-13	-1384
-180	753	-812
-1333	1795	222
-744	1168	-130
657	524	-857
1638	60	-1832
673	111	-1162
-820	1475	-224
-1248	1756	64
-249	816	-313
1190	659	-1277
1262	383	-1229
143	532	-802
-853	1604	-45
-889	1518	27
6	764	-351
1100	263	-1000
783	216	-1138
-376	1176	-148
-957	1716	401
-324	803	-138
844	227	-853
956	319	-1322
-116	1260	-377
-930	2047	535
-591	947	-108
624	254	-672
1292	260	-1524
344	568	-793
-925	2047	504
-857	1536	167
116	327	-367
1206	288	-1498
736	388	-1069
-484	1560	88
-937	1740	391
-277	704	-113
913	504	-1049
1150	348	-1440
67	599	-689
-993	1961	528
-689	1356	185
302	545	-433
1289	463	-1585
764	182	-1021
-353	1230	-264
-932	1883	412
-417	900	-40
667	430	-716
1302	310	-1581
427	335	-965
-921	1680	172
-936	1777	184
19	577	-324
1191	359	-1445
992	302	-1180
-105	910	-497
-932	1711	240
-581	1182	-64
406	671	-618
1308	463	-1584
723	167	-957
-370	1126	-391
-921	1832	204
-453	908	-154
663	504	-937
1272	304	-1360
463	352	-911
-636	1494	-193
-911	1625	143
-188	752	-223
1064	428	-1237
1256	240	-1449
211	403	-906
-997	1756	222
-857	1432	28
51	547	-429
1294	487	-1481
1095	248	-1138
-72	688	-740
-1042	1795	120
-765	1329	-114
243	595	-589
1416	395	-1600
992	97	-1146
-193	875	-589
-1145	1894	167
-720	1144	-199
422	840	-861
1415	727	-1513
751	480	-841
-407	1196	95
-857	1192	327
-381	664	-127
823	311	-933
611	145	-591
-106	1264	-449
-600	1983	176
-369	1091	-12
729	339	-986
742	270	-712
14	1016	-544
-641	1923	190
-487	1230	-4
73	572	-391
924	264	-1000
401	352	-657
-353	1567	-264
-656	1887	112
-305	943	-168
792	243	-1012
737	201	-792
-61	1086	-514
-729	1953	99
-527	1153	-96
275	491	-473
972	231	-1049
344	362	-655
-441	1656	-172
-656	1740	52
-130	804	-329
944	240	-1055
617	288	-817
-169	1095	-472
-695	1840	12
-461	1166	-172
524	455	-717
944	282	-949
167	700	-625
-615	1812	12
-636	1487	-23
32	540	-353
1035	56	-1088
540	231	-759
-223	1263	-360
-697	1926	39
-314	1118	-295
611	355	-777
883	172	-921
179	777	-637
-528	1697	-151
-605	1299	-170
-52	727	-321
926	398	-906
736	280	-839
-119	952	-418
-701	1767	-77
-420	1191	-253
436	535	-581
950	294	-1017
408	470	-818
-480	1404	-253
-752	1647	-172
-276	960	-249
839	361	-976
888	159	-925
92	663	-625
-738	1720	-48
-564	1331	-217
183	615	-407
1032	364	-1113
543	320	-834
-285	1271	-440
-719	1735	-129
-304	968	-272
604	417	-633
934	211	-1101
174	704	-602
-708	1747	-8
-823	1091	-136
-125	614	-356
1022	745	-1264
1083	492	-1159
113	863	-633
-569	1291	-564
-575	828	-303
-23	935	-473
323	1008	-281
-32	1087	327
-145	1004	328
820	652	-317
1233	639	-634
212	924	-322
-1009	1343	511
-944	1175	307
86	948	-77
1526	809	-689
1223	736	-612
-218	995	-264
-1173	1424	636
-553	1235	120
248	812	15
1206	1004	-552
1080	668	-513
96	779	-509
-1053	1223	368
-828	1383	259
104	920	-13
1342	920	-745
1104	679	-548
-23	888	-497
-1146	1254	376
-756	1284	174
176	895	-49
1308	972	-722
1041	641	-540
9	888	-549
-1063	1308	315
-783	1297	211
147	934	-125
1288	881	-789
1080	521	-621
-48	921	-460
-1133	1392	463
-762	1241	156
259	915	-232
1432	800	-961
1063	470	-708
-122	864	-553
-1137	1464	449
-729	1417	211
200	871	-213
1328	803	-975
1057	528	-690
15	835	-533
-1088	1441	367
-781	1313	134
175	864	-204
1216	847	-876
1019	556	-685
112	771	-642
-925	1343	227
-817	1455	183
-61	932	-109
1051	785	-848
1216	454	-893
335	551	-701
-786	1415	63
-952	1552	284
-192	939	-212
872	726	-808
1355	463	-969
569	584	-749
-625	1292	-168
-1031	1632	248
-328	988	-138
790	799	-765
1294	492	-996
486	527	-756
-615	1220	-108
-964	1400	172
-186	927	-124
844	822	-461
1328	596	-1020
564	508	-724
-381	960	-378
-898	1511	233
-370	1295	15
275	929	-337
1155	783	-1048
729	487	-690
-88	808	-528
-837	1350	243
-628	1244	27
-49	812	-180
1035	652	-1087
985	462	-921
79	766	-551
-848	1555	300
-650	1439	52
-65	824	-320
1007	667	-1144
1027	543	-968
168	712	-530
-697	1303	102
-745	1342	92
-148	960	-272
793	760	-961
1051	503	-1069
312	662	-632
-522	1270	-71
-799	1441	147
-293	1079	-208
406	753	-514
1020	583	-1137
520	396	-724
-280	966	-328
-836	1496	321
-500	1276	-23
103	847	-468
1072	600	-1234
819	399	-897
-41	867	-449
-802	1566	216
-689	1295	4
-44	772	-356
899	670	-1021
944	496	-985
192	700	-641
-628	1403	7
-760	1371	28
-236	840	-269
624	663	-800
1134	419	-1352
489	435	-836
-423	1137	-368
-936	1479	-61
-485	1048	-304
399	718	-706
1270	371	-1409
727	377	-973
-281	688	-672
-946	1513	-20
-580	1348	-89
192	799	-621
1151	478	-1444
870	262	-945
-17	673	-737
-889	1400	-127
-792	1206	-218
-104	883	-412
836	804	-1157
1048	288	-1120
255	270	-786
-573	1153	-481
-858	1407	-69
-344	1004	-377
540	774	-840
1160	439	-1288
617	304	-961
-356	952	-709
-1037	1430	-71
-583	1054	-263
371	828	-729
1382	518	-1388
904	190	-871
-216	600	-919
-1096	1425	-168
-775	1206	-161
63	791	-472
1299	528	-1433
1219	284	-1121
81	582	-916
-1041	1288	-296
-978	1244	-216
-92	886	-442
1207	585	-1314
1283	284	-1117
209	567	-879
-961	1244	-329
-1048	1216	-253
-205	856	-396
1112	511	-1217
1315	263	-1172
329	499	-905
-800	1129	-545
-1117	1326	-191
-353	969	-372
755	691	-889
1388	288	-1229
590	408	-973
-584	990	-701
-1103	1331	-240
-352	982	-465
347	843	-460
711	608	-783
414	526	-633
-33	680	-585
-276	878	-644
-240	871	-733
-74	899	-776
32	784	-761
23	846	-708
39	728	-560
14	787	-663
-29	863	-767
-52	870	-744
-36	828	-705
15	803	-761
103	771	-728
265	742	-828
329	752	-1093
-4	675	-797
-693	563	-9
-434	865	-132
315	851	-760
751	1068	-1401
329	910	-985
-87	737	-961
-609	273	-79
-432	871	-40
200	975	-385
692	1081	-1464
446	963	-1423
73	736	-820
-601	296	208
-580	796	-121
-58	993	-505
679	1153	-1357
635	951	-1329
96	692	-739
-612	436	99
-447	847	-170
99	934	-498
676	1104	-1122
483	1016	-1157
0	644	-772
-452	376	-210
-328	785	31
137	942	-223
599	1319	-1332
422	1007	-1231
-8	655	-673
-528	428	-68
-354	839	-16
160	937	-477
671	1319	-1497
396	911	-973
-170	596	-449
-601	487	31
-164	846	-144
337	1063	-797
587	1351	-1421
243	852	-850
-213	497	-324
-449	545	115
-113	865	-215
396	1327	-1344
467	1030	-1265
118	633	-682
-377	411	3
-296	756	40
65	967	-506
518	1340	-1506
287	940	-1000
-55	696	-612
-394	415	73
-128	841	-24
206	1039	-682
472	1216	-1409
156	817	-881
-185	604	-481
-343	542	144
12	912	-52
311	1230	-1037
339	1180	-1320
12	825	-820
-285	560	-228
-345	638	134
91	895	-208
540	1196	-1234
337	999	-1129
-135	771	-777
-541	385	35
-272	792	40
152	944	-372
555	1379	-1343
275	996	-1056
-149	700	-673
-545	255	56
-268	742	60
103	1055	-452
511	1502	-1381
289	958	-1128
-128	643	-605
-500	428	-2
-202	924	46
220	1017	-458
550	1476	-1444
225	891	-1028
-221	527	-520
-514	495	127
-61	987	-71
359	1151	-743
476	1303	-1344
76	819	-868
-272	499	-423
-364	572	192
-1	921	8
331	1176	-949
368	1252	-1370
68	816	-885
-293	519	-221
-356	664	243
-23	1004	-229
392	1337	-1305
326	928	-1177
7	595	-615
-368	510	-40
-228	798	54
65	911	-260
339	1259	-1401
238	1044	-1180
-56	779	-625
-353	497	78
-229	707	176
51	968	-505
383	1388	-1544
182	982	-991
-71	734	-543
-386	412	161
-138	911	-23
150	1044	-561
376	1360	-1453
126	915	-978
-120	590	-441
-391	366	337
-113	899	7
176	1240	-976
376	1244	-1352
124	824	-824
-249	515	-164
-352	615	236
-66	999	-263
382	1399	-1380
321	931	-1159
40	726	-672
-548	396	232
-217	849	-113
43	1073	-576
419	1440	-1384
211	960	-945
-93	638	-591
-424	361	180
-160	935	24
147	1094	-546
387	1390	-1427
110	856	-961
-112	615	-552
-360	392	247
-96	952	6
147	1134	-820
353	1212	-1349
108	871	-829
-109	716	-405
-255	622	206
-20	948	12
241	1249	-1079
300	1120	-1234
41	700	-737
-248	433	-148
-255	664	111
44	999	-120
371	1361	-1237
236	1051	-1125
-58	638	-697
-415	289	168
-114	904	-10
164	1089	-417
457	1425	-1245
163	894	-885
-125	580	-639
-284	353	3
-72	841	79
120	1163	-425
360	1428	-1410
169	889	-996
-153	616	-458
-353	513	142
-89	953	8
255	1200	-839
358	1167	-1321
92	816	-921
-377	353	246
-274	743	28
23	995	-249
383	1251	-1088
270	1107	-1168
25	688	-775
-440	227	227
-217	848	78
63	1063	-434
415	1447	-1402
216	960	-1021
-9	686	-561
-342	379	145
-186	851	67
92	1075	-543
443	1415	-1407
200	862	-913
-136	611	-468
-401	471	236
-80	958	-23
332	1232	-893
456	1244	-1252
88	872	-772
-272	606	-271
-345	505	136
39	923	-116
379	1259	-938
361	1180	-1080
24	860	-720
-268	486	-207
-253	624	84
71	979	-74
343	1223	-858
336	1204	-1162
3	847	-717
-233	563	-277
-226	611	134
95	1057	-56
310	1244	-829
323	1143	-1149
35	814	-733
-232	543	-273
-269	627	123
54	1011	-64
353	1271	-879
359	1116	-1117
48	839	-743
-229	580	-244
-280	667	195
17	947	-64
276	1176	-961
312	1159	-1234
62	840	-708
-151	591	-191
-244	624	196
3	972	-98
340	1267	-985
388	1191	-1141
12	799	-733
-353	472	-16
-297	649	150
70	1001	-168
476	1304	-1028
428	1104	-1092
-18	808	-685
-477	491	39
-282	785	79
121	963	-106
460	1262	-968
345	1159	-1103
-49	839	-657
-367	478	-116
-272	696	222
92	1091	-129
471	1368	-1096
332	1032	-1042
-52	673	-596
-441	387	151
-216	899	110
119	1083	-344
539	1419	-1207
288	1025	-897
-124	697	-554
-466	423	163
-140	905	16
204	1014	-464
568	1419	-1199
263	1049	-809
-137	689	-493
-404	423	127
-95	913	63
214	1091	-535
415	1423	-1325
147	947	-903
-181	591	-292
-329	614	246
-28	1016	-81
283	1150	-756
428	1246	-1120
86	911	-704
-234	608	-377
-323	552	147
20	1001	-26
321	1216	-743
420	1219	-1141
60	865	-674
-281	632	-354
-349	614	156
-13	1007	3
324	1208	-800
353	1201	-1164
-18	824	-712
-271	625	-228
-313	606	199
23	1000	-76
404	1270	-890
369	1196	-1072
-74	768	-655
-386	536	-25
-225	719	79
147	940	-141
415	1276	-953
243	1099	-1009
-141	753	-600
-317	636	-217
-192	652	124
135	972	-42
366	1312	-919
295	1209	-1127
-63	768	-687
-372	420	28
-248	723	172
70	1055	-257
457	1440	-1220
271	1068	-961
-72	732	-560
-456	371	163
-72	935	47
172	1054	-258
391	1422	-1186
207	1097	-957
-85	679	-474
-326	327	166
-137	808	155
161	1143	-377
480	1487	-1192
200	1043	-840
-122	743	-457
-440	385	270
-60	983	11
220	1136	-519
448	1462	-1159
140	1036	-756
-178	720	-463
-377	332	236
-87	943	99
240	1163	-476
475	1472	-1186
144	1038	-751
-189	712	-481
-465	392	184
-49	950	27
323	1180	-505
476	1462	-1124
135	1039	-776
-257	536	-151
-377	568	135
-4	1025	-52
395	1289	-732
447	1220	-1002
48	873	-632
-343	483	-192
-317	696	156
108	1036	-52
467	1300	-839
342	1212	-1040
-77	846	-672
-597	273	135
-368	736	-1
-58	1116	-402
227	1206	-597
271	1127	-564
243	1144	-576
227	1132	-501
176	924	-464
184	860	-449
153	775	-473
-168	977	-217
-484	799	-105
-320	864	11
467	595	-585
880	455	-852
240	972	-514
-575	1686	94
-466	1283	-61
79	700	-436
1078	280	-1092
620	523	-655
88	1063	-608
-658	1531	63
-394	1104	-185
99	742	-317
1351	337	-1273
664	492	-653
-59	1167	-493
-789	1550	140
-473	1032	-103
455	540	-756
1216	207	-1021
467	656	-753
-341	1512	-132
-714	1419	28
-185	696	-301
975	196	-1176
844	289	-770
60	1020	-639
-689	1611	-173
-549	1260	-319
78	767	-584
1127	273	-1296
617	377	-737
-122	1103	-589
-720	1521	-183
-511	1159	-274
352	508	-717
1107	24	-1088
408	423	-656
-249	1097	-617
-724	1684	-69
-458	1089	-377
80	585	-447
830	248	-949
956	184	-1192
387	743	-1000
-527	1459	-273
-754	1351	-241
-237	848	-400
780	350	-1088
1148	57	-1340
352	275	-1048
-756	1391	-285
-928	1599	-124
-357	660	-413
681	199	-1220
1273	147	-1540
527	495	-1040
-628	1359	-553
-1052	1472	-201
-447	780	-433
670	428	-1210
1240	172	-1527
527	271	-943
-528	942	-696
-968	1379	-316
-508	959	-372
335	563	-572
1126	187	-1529
719	86	-1167
-231	609	-945
-1025	1576	-200
-698	1164	-417
25	652	-442
1022	319	-1364
1087	135	-1447
228	311	-1028
-781	1235	-585
-983	1524	-272
-343	646	-479
671	248	-999
1198	134	-1433
519	408	-993
-477	1006	-809
-928	1251	-344
-402	807	-493
254	652	-642
1208	83	-1549
951	11	-1215
-108	568	-1084
-977	1521	-290
-641	1135	-495
180	536	-583
1088	246	-1460
992	97	-1345
126	316	-1048
-666	1033	-610
-637	1251	-404
-84	768	-549
536	467	-868
1086	-4	-1521
680	81	-1266
-241	699	-977
-829	1420	-255
-410	891	-552
211	535	-672
1160	-84	-1631
1011	-20	-1300
79	451	-1064
-772	1174	-481
-664	1212	-493
-4	700	-584
883	211	-1320
1156	-113	-1421
399	323	-1077
-532	1015	-732
-817	1187	-455
-312	734	-544
431	440	-900
1233	-77	-1530
790	56	-1168
-162	462	-1073
-815	1358	-462
-572	1178	-557
28	519	-733
992	47	-1450
1068	-103	-1289
291	427	-1231
-701	1172	-602
-839	1063	-516
-225	567	-621
728	217	-1152
1177	-97	-1373
566	228	-1184
-400	760	-959
-893	1276	-449
-473	809	-610
264	352	-810
1212	-72	-1585
935	83	-1252
-36	347	-1191
-961	1167	-589
-863	1140	-497
-154	569	-836
1023	20	-1544
1123	-173	-1249
339	249	-1217
-722	929	-756
-960	1212	-537
-253	732	-863
724	519	-1393
1112	312	-1396
528	355	-793
-226	583	-728
-671	867	-486
-468	856	-437
249	481	-973
876	95	-881
463	327	-989
-80	1017	-877
-576	1430	-519
-432	928	-484
105	552	-728
952	163	-1117
432	339	-857
-105	827	-845
-577	1380	-487
-409	1027	-501
75	604	-717
910	147	-1223
440	280	-818
12	799	-930
-525	1318	-452
-452	988	-588
-32	678	-585
811	339	-1228
617	214	-857
92	465	-928
-431	1094	-592
-669	1255	-448
-292	734	-682
390	463	-897
1065	284	-1548
711	257	-1145
-189	727	-740
-820	1216	-466
-596	899	-522
44	595	-733
1143	198	-1527
1059	159	-1209
78	496	-1017
-845	1208	-420
-765	1038	-509
-76	544	-672
931	351	-1453
1041	382	-1209
385	371	-1076
-562	654	-860
-920	1073	-397
-298	748	-637
263	476	-823
399	398	-961
238	573	-898
64	672	-980
7	745	-969
24	652	-852
84	672	-936
88	683	-997
41	615	-879
14	575	-985
9	615	-1298
31	783	-1239
-583	425	88
-474	772	-229
268	655	-738
897	807	-1668
566	787	-1300
-148	680	-889
-689	536	-184
-477	723	-319
224	787	-482
799	931	-1543
623	768	-1440
3	654	-912
-576	521	-162
-472	665	-249
156	820	-388
593	823	-1076
624	947	-1588
224	715	-1055
-425	513	-17
-572	641	-157
-16	856	-394
504	895	-1092
688	984	-1549
281	655	-970
-237	526	-385
-561	627	-52
-106	863	-328
383	916	-989
678	1113	-1570
313	767	-1049
-153	576	-584
-561	451	76
-125	868	-306
247	871	-756
620	1174	-1593
391	875	-1145
-37	639	-730
-554	516	44
-240	847	-228
175	819	-473
648	1136	-1561
539	935	-1344
46	604	-729
-564	449	120
-356	771	-221
44	803	-440
524	1043	-1364
499	932	-1376
88	558	-793
-591	350	158
-317	817	-289
64	904	-514
603	1080	-1369
604	979	-1320
92	743	-840
-431	545	-399
-589	519	-111
-192	889	-448
168	1016	-928
356	1004	-969
289	852	-797
127	696	-653
63	863	-765
188	937	-809
472	803	-841
401	734	-690
-292	691	-421
-676	943	-281
-397	860	-144
492	379	-897
1031	272	-1060
372	652	-682
-335	1398	-449
-580	1487	-213
-204	847	-433
868	222	-1322
758	318	-681
214	772	-857
-485	1334	-313
-548	1185	-332
-133	735	-493
803	288	-1232
785	303	-857
199	697	-863
-456	1248	-439
-698	1244	-341
-272	735	-400
455	553	-925
1062	316	-1530
664	198	-1012
-194	848	-784
-861	1334	-365
-594	878	-512
89	628	-778
1231	275	-1465
1044	240	-1140
92	511	-1101
-938	1196	-345
-784	1088	-468
-60	752	-708
1092	284	-1389
1144	92	-1137
435	433	-1224
-496	884	-733
-872	1041	-464
-255	771	-593
158	740	-660
243	528	-925
243	567	-889
92	582	-1026
35	598	-941
-36	652	-861
-61	665	-906
-80	668	-833
-98	696	-832
-116	673	-823
-117	707	-858
-119	708	-849
-140	704	-879
-161	691	-857
-167	648	-868
-168	654	-884
-185	655	-850
-176	624	-866
-140	630	-829
-124	615	-825
-95	632	-839
-72	616	-829
-68	600	-858
-69	603	-850
-69	588	-848
-72	582	-845
-71	566	-825
-74	569	-826
-96	561	-817
-104	543	-845
-124	560	-856
-157	568	-864
-169	595	-928
-177	651	-961
-186	687	-924
-160	694	-880
-119	675	-834
-72	708	-775
-25	728	-769
-1	704	-794
-4	729	-833
-34	779	-829
-89	787	-778
-101	758	-738
-96	793	-685
-48	847	-637
24	857	-602
79	871	-583
94	819	-521
96	772	-530
92	752	-533
87	739	-552
115	784	-568
143	878	-572
163	903	-592
200	897	-554
224	897	-545
96	796	-505
-201	940	-272
-276	1094	-196
416	424	-749
734	304	-1093
78	755	-733
-564	1724	-66
-488	1347	-148
99	289	-637
784	207	-1273
286	595	-904
-528	1780	-191
-664	1729	-141
-255	415	-452
900	-290	-1529
479	216	-1064
-317	1833	-337
-722	1944	67
-456	532	-345
687	-93	-1424
691	76	-1060
17	960	-690
-561	2047	-29
-569	1279	-95
92	272	-888
899	71	-1389
412	286	-807
-217	1308	-495
-533	1779	-49
-333	956	-292
329	299	-952
839	140	-1204
262	400	-820
-369	1569	-424
-618	1753	-74
-280	660	-437
713	-50	-1312
601	48	-881
-45	807	-724
-504	1935	-264
-530	1420	-317
-37	455	-584
892	15	-1325
494	241	-850
-106	1151	-729
-632	1902	-93
-521	1038	-281
147	315	-836
963	19	-1209
383	334	-772
-209	1168	-708
-676	1863	-64
-460	979	-353
483	174	-1117
894	57	-1045
287	486	-841
-393	1624	-392
-740	1532	-263
-328	577	-433
740	166	-1295
775	272	-993
104	702	-759
-576	1423	-280
-749	1240	-385
-140	567	-576
950	289	-1423
878	192	-1256
63	745	-697
-653	1422	-417
-781	1027	-313
-237	600	-455
691	470	-1168
964	211	-1380
255	312	-1137
-569	1168	-497
-893	1476	-261
-388	748	-500
521	291	-893
1128	192	-1657
531	326	-1181
-416	860	-650
-1021	1459	-205
-644	859	-517
246	353	-824
1087	222	-1608
752	255	-1217
-194	476	-993
-991	1572	-255
-746	1148	-447
-36	515	-576
963	199	-1457
940	60	-1576
71	297	-1048
-888	1334	-367
-996	1116	-357
-148	568	-524
1020	471	-1480
1084	344	-1351
324	627	-943
-385	1036	-800
-744	1311	-308
-228	1255	-497
428	887	-868
1078	252	-1600
769	40	-1037
79	835	-644
-276	1523	-212
-573	1203	51
-186	665	-148
519	332	-276
1123	-4	-1056
694	172	-769
-97	1019	-328
-732	1727	270
-386	920	-76
535	383	-365
1339	231	-1089
1068	447	-852
182	891	-613
-528	1548	22
-349	1284	-104
391	739	-308
1155	239	-928
1063	73	-1017
240	407	-753
-519	1329	-141
-664	1420	-57
-160	624	-332
603	137	-668
979	177	-1228
431	304	-962
-433	967	-761
-786	1903	-240
-377	1336	-405
316	537	-938
982	268	-1625
609	303	-1186
-272	728	-917
-1056	1279	-308
-680	876	-538
115	606	-753
1039	427	-1500
878	351	-1316
-52	374	-1056
-1033	958	-391
-898	915	-533
-45	496	-800
457	494	-985
447	627	-1066
136	673	-901
-109	630	-853
-183	672	-911
-173	696	-820
-146	729	-945
-93	735	-889
6	607	-941
135	548	-1017
355	639	-1181
336	519	-1191
-18	759	-944
-927	422	-5
-674	760	-610
163	745	-564
880	862	-1364
728	807	-1529
36	599	-922
-481	422	-433
-569	721	-223
31	848	-440
579	792	-1087
638	844	-1700
151	663	-1140
-377	318	-312
-637	550	-260
-104	808	-474
444	903	-828
737	1027	-1655
372	737	-1185
-180	462	-804
-706	473	-25
-225	831	-375
336	758	-520
572	1088	-1535
203	886	-1343
-204	627	-946
-541	339	-41
-301	745	-241
110	913	-441
504	979	-1239
446	966	-1503
76	657	-985
-525	328	105
-436	631	-343
7	899	-370
377	945	-921
526	1153	-1560
161	719	-1005
-261	526	-381
-573	464	-144
-109	884	-400
287	876	-658
515	1222	-1629
224	843	-1172
-106	641	-786
-604	321	62
-196	908	-397
167	828	-344
496	1027	-1247
387	976	-1341
1	681	-989
-597	323	80
-392	727	-296
48	932	-340
419	1039	-893
451	1198	-1394
104	734	-1021
-217	470	-653
-541	422	94
-121	1024	-264
264	991	-696
492	1231	-1545
219	852	-1088
-128	638	-761
-628	348	71
-208	903	-336
153	935	-442
459	1137	-1377
304	902	-1298
-34	687	-945
-513	319	151
-316	812	-247
-4	961	-308
324	903	-869
481	1159	-1457
176	860	-1018
-194	583	-505
-544	428	6
-121	1016	-353
192	920	-456
448	1155	-1428
247	916	-1255
-69	691	-911
-577	167	179
-280	899	-231
39	952	-312
439	1062	-1221
428	1072	-1420
55	716	-861
-524	230	182
-316	832	-237
3	940	-329
364	1008	-1049
423	1051	-1401
160	756	-948
-279	387	-26
-370	726	-61
-16	1012	-301
303	924	-829
419	1188	-1469
112	857	-980
-113	665	-605
-426	399	19
-36	1039	-361
191	832	-378
409	1080	-1328
255	995	-1261
17	777	-916
-481	275	201
-241	790	-225
105	982	-304
400	980	-817
372	1217	-1384
-8	830	-916
-164	684	-625
-359	271	32
60	1078	-281
264	800	-221
409	1036	-1192
255	1093	-1241
-57	760	-857
-537	310	163
-233	716	-189
86	983	-253
403	1177	-996
441	1119	-1313
96	718	-857
-245	511	-272
-385	624	-68
11	1011	-249
335	920	-541
464	1311	-1444
167	983	-1069
-149	687	-738
-541	209	148
-57	944	-271
284	969	-456
515	1180	-1144
185	950	-1073
-122	684	-912
-420	180	73
-135	871	-145
108	944	-244
492	1148	-1013
520	1153	-1245
44	806	-841
-537	468	-63
-423	519	-145
-15	924	-353
123	1080	-741
211	1073	-880
195	987	-737
161	942	-719
184	904	-656
251	1006	-602
216	892	-551
7	912	-400
-349	763	-308
-372	940	-106
246	335	-528
758	196	-980
332	696	-701
-272	1463	-261
-348	1476	-217
-100	876	-325
591	369	-1037
627	463	-800
219	723	-748
-213	1183	-441
-408	1276	-233
-121	955	-311
342	614	-772
889	326	-1034
403	440	-724
-24	926	-719
-489	1417	-193
-305	1016	-433
57	641	-553
817	377	-1255
600	321	-786
187	688	-936
-336	1308	-345
-394	1255	-287
-84	785	-487
488	374	-1096
759	223	-1036
275	428	-840
-141	958	-607
-599	1377	-192
-399	815	-529
103	492	-864
881	455	-1713
856	247	-1361
176	448	-1025
-520	1120	-493
-769	1123	-241
-391	608	-487
393	408	-1088
1123	140	-1657
692	105	-1154
-232	636	-941
-967	1465	-199
-593	976	-519
47	423	-778
995	176	-1721
960	127	-1279
158	331	-1140
-696	1102	-586
-841	1161	-397
-287	623	-573
556	360	-1156
1132	94	-1658
671	108	-1124
-184	427	-1057
-930	1244	-295
-529	1118	-521
75	705	-690
792	526	-1585
924	200	-1426
350	235	-1108
-276	871	-703
-724	1262	-197
-277	854	-564
320	607	-608
1040	406	-1588
835	148	-1212
92	480	-905
-434	1513	-308
-540	1287	-117
8	719	-337
718	558	-601
1118	363	-1346
707	364	-928
143	780	-656
-381	1276	198
-153	924	-80
334	702	-141
864	428	-612
1059	96	-1253
540	360	-792
54	1303	-237
-298	1411	243
8	783	-77
607	496	-287
1169	283	-1304
895	283	-1113
182	679	-564
-345	1496	64
-257	1216	-40
216	622	-296
840	344	-836
1150	92	-1073
643	248	-784
-17	937	-617
-481	1555	-16
-141	947	-321
459	385	-653
1198	278	-1412
972	344	-1023
217	702	-897
-472	1369	-321
-405	1031	-321
44	814	-397
248	704	-871
270	337	-788
179	595	-671
120	992	-711
112	935	-624
108	888	-650
99	927	-665
79	924	-642
28	953	-681
-28	929	-626
-63	881	-612
-66	839	-608
-52	831	-610
-41	820	-609
-20	816	-594
-1	831	-589
16	823	-585
24	830	-586
38	831	-593
38	832	-625
32	840	-617
31	827	-617
24	838	-629
19	814	-600
7	780	-569
15	769	-573
15	766	-559
16	799	-592
14	851	-604
14	851	-594
-1	844	-580
-20	863	-537
-40	879	-564
-41	944	-607
-31	958	-588
-13	955	-584
17	935	-528
44	883	-525
86	847	-544
102	839	-537
94	830	-557
63	851	-512
78	881	-505
112	924	-506
120	916	-477
120	881	-488
107	831	-405
32	956	-327
-146	1091	-308
-71	854	-148
835	230	-752
657	310	-1025
-292	1096	-529
-807	2000	148
-449	1112	-72
591	6	-1144
804	255	-1060
163	633	-832
-645	1939	7
-642	1628	-32
-249	511	-367
860	62	-1504
561	240	-912
-141	1135	-711
-761	2032	24
-532	1161	-170
35	409	-778
963	159	-1303
415	319	-788
-272	1271	-569
-768	1849	111
-488	944	-214
251	342	-1012
982	127	-1137
339	463	-794
-301	1411	-569
-784	1767	124
-413	983	-234
344	440	-937
880	211	-1098
316	363	-756
-252	1089	-576
-650	1768	32
-420	1105	-229
147	537	-855
947	204	-1050
411	467	-720
-117	1103	-708
-645	1595	64
-452	1047	-226
81	588	-730
947	263	-1096
487	398	-628
7	870	-833
-648	1646	104
-570	1204	-377
-173	615	-417
593	486	-903
879	515	-1104
271	751	-697
-375	991	-349
-664	1286	-538
-386	1049	-442
297	516	-629
1020	376	-1322
543	368	-985
-113	942	-642
-850	1372	23
-612	956	-378
-129	747	-489
723	624	-1337
1008	296	-1268
272	311	-927
-537	1089	-524
-901	1497	-160
-424	883	-481
366	377	-941
977	380	-1482
590	492	-960
-151	593	-909
-785	1017	-400
-616	1048	-460
-109	880	-488
529	607	-1133
886	212	-1512
259	135	-1032
-426	787	-736
-824	1345	-255
-397	908	-524
179	555	-740
881	337	-1552
707	263	-1245
-56	480	-943
-753	1251	-300
-649	1043	-484
-128	643	-644
552	467	-1186
847	191	-1370
252	291	-1031
-460	897	-676
-845	1230	-361
-306	665	-689
123	647	-737
335	540	-892
224	604	-881
19	624	-839
-95	790	-884
-157	744	-753
-130	723	-706
-17	739	-1033
59	615	-825
140	636	-1348
102	601	-1069
-153	752	-688
-633	736	-193
-513	777	-517
56	627	-653
702	822	-1493
510	846	-1335
36	743	-1017
-553	360	-90
-573	697	-349
12	972	-497
542	825	-884
564	915	-1437
115	649	-1063
-308	492	-796
-662	619	-16
-181	918	-357
355	872	-703
598	1068	-1689
286	775	-1233
-151	593	-749
-737	481	79
-285	839	-436
177	883	-576
515	1063	-1473
351	868	-1322
-52	688	-904
-505	422	-89
-468	648	-119
6	940	-412
427	972	-1093
457	1020	-1488
30	673	-1031
-296	644	-432
-537	430	-92
-106	903	-528
33	947	-736
220	979	-1053
224	728	-826
56	627	-538
-121	684	-592
-165	827	-826
14	1064	-1028
312	1150	-1049
332	872	-817
56	755	-474
-544	593	-320
-465	828	-269
-20	740	-296
816	268	-1052
647	339	-829
46	992	-653
-461	1616	-231
-369	968	-285
67	619	-621
840	343	-1108
620	400	-712
100	708	-740
-493	1255	-200
-580	1040	-301
-212	718	-792
617	492	-1304
1092	441	-1204
568	756	-1049
-192	876	-712
-873	945	-336
-538	790	-593
19	728	-637
848	473	-1269
985	281	-1224
308	470	-1096
-431	991	-674
-820	1174	-319
-367	780	-679
-39	656	-612
170	643	-884
255	593	-877
236	587	-872
119	735	-946
39	775	-879
3	750	-728
-1	760	-649
3	756	-618
6	833	-676
6	876	-738
6	807	-680
-8	792	-697
-10	775	-720
-13	755	-730
-23	776	-733
-23	769	-685
-9	763	-693
3	787	-674
19	782	-656
25	767	-674
28	755	-661
31	739	-658
43	743	-688
41	723	-672
36	732	-684
19	743	-661
6	739	-631
1	775	-632
12	831	-610
28	913	-664
48	944	-682
89	958	-665
115	944	-626
140	787	-564
192	655	-504
255	599	-477
327	647	-485
369	639	-538
296	593	-584
4	696	-372
-232	1148	358
-298	899	734
-313	231	252
-1	958	-578
255	1487	-1217
41	958	-882
-80	1163	-665
-73	835	-364
-102	923	-386
-344	953	-672
-298	849	-385
-348	960	-305
-493	987	-246
-672	1145	-104
-653	1039	-276
-362	920	-573
-224	838	-495
40	1132	-200
251	553	-740
611	924	-1130
275	728	-1129
-80	492	-1031
-237	377	-1056
-364	457	-1304
-493	702	-881
-74	523	-1063
-97	184	-740
-578	659	-346
-296	579	-769
-295	590	-1032
-281	430	-1105
-185	511	-938
-25	663	-1140
32	807	-1133
196	704	-728
159	760	-305
155	880	-212
114	1008	-132
120	968	-113
79	944	-36
54	873	-97
-25	935	-88
-58	999	-90
-73	1046	-92
-49	1051	-119
-20	1017	-128
-28	951	-153
-40	966	-177
-53	1022	-205
-77	1043	-205
-77	1025	-160
-69	945	-145
-57	944	-145
-48	969	-164
-41	990	-165
-48	988	-173
-52	991	-159
-55	975	-144
-52	944	-170
-40	985	-180
-45	995	-167
-49	987	-161
-52	980	-167
-63	979	-118
-64	982	-132
-64	987	-169
-61	984	-177
-52	999	-144
-50	1027	-116
-29	1039	-106
15	1063	-133
65	1078	-113
134	1070	-129
143	1094	-117
145	999	-80
174	827	-29
171	723	12
127	847	19
71	780	16
3	888	81
-177	1020	159
-276	1030	270
-300	1035	339
-218	897	460
-132	776	527
-61	839	560
-49	835	604
-18	857	560
7	868	489
24	796	472
48	812	476
56	867	486
28	856	451
19	868	439
35	864	433
47	865	436
73	835	451
97	831	447
112	863	459
121	819	460
124	851	463
134	825	460
131	841	459
152	862	465
158	855	463
153	873	467
156	865	463
159	860	467
144	862	457
147	831	456
152	831	456
147	827	451
144	806	441
140	835	440
135	860	440
127	838	476
120	848	488
127	859	487
143	844	497
159	831	475
155	846	449
146	848	454
137	839	471
131	839	484
136	835	489
158	827	496
174	823	519
184	831	572
211	828	611
283	752	543
278	695	387
211	811	368
38	880	435
-137	758	683
-89	495	847
6	656	476
159	878	275
73	1134	348
-61	1139	323
-34	619	487
23	1004	207
71	993	179
40	1096	262
3	1023	225
-52	675	360
-13	1072	284
-4	977	275
41	999	134
63	968	159
60	904	134
83	979	159
75	948	222
47	911	209
61	910	223
76	928	243
87	937	238
92	956	243
96	985	271
97	958	280
124	929	284
155	915	248
187	947	216
124	920	232
36	814	508
-50	448	759
-65	712	399
9	1035	319
-4	1232	136
-108	1192	204
-196	935	192
-120	969	8
-16	920	-96
67	857	-232
152	839	-367
198	835	-397
202	799	-468
176	808	-504
111	924	-466
57	972	-440
57	950	-445
44	924	-447
16	911	-452
-20	913	-472
-44	878	-516
-64	883	-564
-84	899	-588
-95	891	-592
-108	899	-586
-111	886	-584
-122	880	-589
-125	876	-575
-129	875	-576
-143	860	-586
-153	841	-567
-145	822	-596
-138	836	-615
-132	828	-610
-125	792	-610
-116	775	-609
-108	775	-625
-113	791	-639
-119	803	-657
-95	812	-644
-87	807	-640
-87	828	-650
-66	880	-665
-20	967	-704
39	988	-676
92	951	-688
142	892	-664
172	795	-634
188	687	-577
193	608	-519
216	504	-487
291	448	-457
347	505	-521
423	663	-509
220	1145	-644
123	529	56
62	632	596
-18	352	430
113	665	112
374	1182	-232
193	1105	-245
-77	1331	-296
-416	1220	-168
-605	1063	-103
-808	920	190
-785	1164	223
-809	1358	241
-857	1115	300
-616	951	399
-336	1103	84
-189	871	-66
-87	736	-87
-181	894	-164
-218	903	-223
-176	857	-160
-193	879	-185
-160	976	-125
-108	1011	-100
-82	979	-120
-93	959	-93
-79	952	-109
-93	936	-133
-125	988	-85
-121	999	-104
-140	953	-173
-130	964	-217
-116	960	-223
-121	953	-240
-108	988	-196
-98	967	-258
-125	940	-281
-164	943	-253
-177	960	-258
-191	985	-266
-173	936	-287
-157	911	-296
-125	916	-308
-117	960	-313
-117	959	-322
-99	959	-349
-106	940	-369
-116	919	-386
-121	902	-399
-127	927	-436
-141	975	-450
-121	967	-442
-105	944	-442
-103	910	-434
-108	896	-444
-153	905	-452
-194	902	-436
-183	924	-436
-146	960	-472
-117	975	-471
-85	967	-457
-96	988	-473
-127	953	-439
-144	1008	-424
-136	927	-396
-135	847	-336
-68	942	-289
-64	1150	-293
-57	1200	-217
-84	1086	-57
-90	908	88
-130	649	63
188	-477	44
207	627	1071
-1192	1471	699
-1173	1948	1057
-186	956	654
112	-722	-413
151	-61	608
-320	1049	1326
-1508	2047	816
-448	1531	971
19	-1103	-592
263	-769	423
-672	510	952
-2048	2047	1400
-255	1400	1472
89	337	433
52	406	476
27	377	399
80	496	355
132	639	467
31	900	617
-124	999	889
-207	844	963
-138	892	847
-41	873	623
92	569	511
166	268	348
185	95	135
199	60	-165
224	172	-512
460	1596	-1225
807	2047	-580
910	1400	-149
764	1087	71
455	755	-16
263	313	-24
140	238	-13
33	496	73
47	976	-4
96	843	105
156	947	361
32	1095	671
-50	1374	620
115	943	487
280	590	147
366	543	-225
414	536	-498
518	507	-711
479	876	-820
374	1318	-762
235	984	-221
207	636	97
163	518	232
-138	1075	312
-585	1712	448
79	753	312
60	332	384
-612	1441	470
-388	1679	673
-113	1212	377
40	995	121
206	900	7
307	771	-18
248	888	88
160	923	104
231	847	-29
271	1025	151
238	1060	281
143	1088	479
12	975	406
-58	611	342
86	403	227
216	233	99
255	-121	-173
79	-264	-433
-148	1134	-1082
-193	1848	-1349
-186	1415	-213
-173	920	236
-193	1080	112
-185	1239	-9
-193	1196	30
-216	1075	88
-264	1020	64
-301	983	6
-305	974	-72
-314	974	-105
-328	956	-114
-317	903	-137
-295	935	-149
-282	939	-149
-279	932	-144
-295	971	-125
-311	961	-113
-311	967	-109
-313	963	-104
-297	960	-97
-269	959	-106
-271	940	-117
-289	959	-121
-296	968	-158
-305	953	-177
-288	931	-185
-265	951	-177
-261	963	-180
-274	982	-184
-285	985	-192
-272	991	-167
-273	972	-185
-295	924	-224
-292	910	-231
-260	937	-229
-233	977	-252
-229	963	-258
-215	936	-258
-192	944	-269
-196	953	-287
-209	947	-301
-205	936	-300
-212	961	-303
-215	937	-289
-199	935	-282
-200	961	-292
-209	961	-301
-221	959	-296
-229	952	-279
-232	945	-276
-221	944	-266
-204	958	-260
-189	958	-260
-177	951	-255
-167	944	-266
-167	952	-260
-168	956	-260
-168	956	-250
-165	966	-248
-177	967	-239
-194	971	-232
-193	952	-237
-181	952	-240
-169	959	-237
-157	972	-224
-140	979	-212
-127	995	-205
-92	1003	-215
-36	985	-232
51	944	-260
179	971	-322
280	975	-365
243	907	-367
190	1014	-410
-58	940	-626
-116	848	-831
-80	639	-932
-104	332	-1033
-77	360	-1065
-68	115	-1021
56	88	-978
236	119	-981
318	83	-977
304	127	-992
287	111	-1040
297	113	-1016
255	145	-1021
310	107	-1061
353	105	-1049
339	118	-1053
329	150	-1037
329	124	-1005
319	135	-970
328	148	-961
318	150	-956
319	159	-970
320	153	-992
347	144	-1015
356	137	-1029
366	131	-1049
367	121	-1036
353	127	-1028
336	124	-1017
318	127	-1005
324	124	-1012
328	144	-997
332	135	-1005
323	137	-1009
320	136	-1017
324	142	-1031
323	139	-1042
328	127	-1017
332	126	-992
326	127	-993
319	140	-1008
334	143	-1021
350	155	-1016
334	158	-1009
332	153	-996
328	153	-989
327	153	-1009
321	147	-1009
335	140	-1007
339	143	-1017
344	147	-1017
339	151	-1021
335	145	-1015
328	147	-996
324	140	-997
321	147	-1010
332	147	-1012
335	147	-1008
331	152	-1002
334	153	-1007
332	147	-1007
323	147	-1009
321	156	-1008
324	153	-1025
327	155	-1025
324	150	-1017
332	150	-1007
323	143	-1013
323	140	-1016
332	143	-1008
327	151	-1009
324	156	-1005
4095	4095	4095
1268	99	85
