Activity Name: tooth/
UserID: 227620
StartTime: 0
x	y	z
460	-234	-893
459	-260	-874
460	-260	-880
463	-250	-885
483	-244	-921
486	-231	-941
481	-228	-952
483	-237	-953
483	-236	-935
476	-232	-927
476	-234	-916
479	-231	-897
475	-234	-868
487	-236	-869
496	-241	-877
496	-247	-870
499	-249	-871
504	-264	-871
497	-269	-865
495	-264	-864
499	-257	-863
480	-249	-866
451	-272	-858
399	-272	-841
310	-245	-802
174	-226	-857
51	-305	-824
-9	-241	-813
-130	-199	-914
-178	-295	-1009
-201	-276	-980
-255	-216	-992
-301	-182	-967
-417	-201	-1090
-420	-212	-960
-568	-208	-1138
-584	-273	-978
-612	-253	-896
-677	-288	-884
-696	-328	-848
-697	-322	-812
-690	-365	-861
-655	-392	-856
-610	-490	-804
-607	-420	-764
-605	-416	-722
-623	-386	-800
-621	-317	-865
-552	-199	-985
-448	-71	-1117
-417	-49	-1177
-321	49	-1071
-279	207	-1002
-279	211	-976
-261	76	-1040
-258	-16	-1058
-253	-53	-1016
-249	15	-1162
-274	-9	-1184
-253	-74	-1009
-264	-9	-852
-293	-193	-877
-189	-282	-1005
-125	-247	-941
-136	-209	-797
-121	-460	-727
-193	-532	-928
-109	-858	-1069
67	-845	-1197
44	-903	-850
-104	-856	-336
-117	-1244	-72
-87	-1009	-33
-105	-893	-29
-144	-744	70
-223	-912	224
-221	-903	464
-223	-769	600
-296	-666	563
-372	-674	627
-514	-1079	764
-393	-1184	688
-225	-952	663
-241	-464	976
-208	-706	719
-257	-722	544
-377	-682	697
-436	-685	694
-429	-808	655
-369	-815	591
-327	-748	632
-274	-687	732
-199	-897	596
-248	-698	655
-468	-609	742
-447	-929	630
-536	-908	520
-544	-701	496
-440	-829	648
-353	-999	526
-282	-1000	356
-192	-1117	280
-105	-1256	208
24	-1359	73
248	-1404	-84
383	-1405	-218
479	-1325	-392
510	-1213	-577
496	-1012	-633
591	-880	-525
552	-845	-368
527	-877	-256
454	-752	-97
414	-706	46
388	-808	-23
431	-869	-64
463	-852	67
624	-711	33
720	-650	124
743	-473	137
652	-241	238
448	-104	480
297	-37	812
344	-40	985
382	-80	1008
451	-167	793
587	-328	543
721	-173	488
716	-279	583
811	-424	463
966	-487	152
1176	-589	143
1390	-705	60
1489	-778	-232
1656	-527	-561
1575	-345	-622
1372	-420	-445
1174	-516	-221
1014	-409	-49
864	-308	62
700	-241	121
547	-162	240
492	-269	608
715	-205	272
809	-233	279
902	-409	408
947	-420	367
854	-513	233
707	-541	159
572	-589	39
447	-561	-68
304	-781	-36
220	-868	95
168	-913	203
119	-1032	323
142	-868	486
121	-876	684
19	-1225	788
64	-1125	748
-2	-1105	711
214	-1529	515
406	-1613	172
540	-1306	156
663	-980	172
838	-469	222
1048	-57	304
1052	120	319
1036	423	184
880	491	247
822	348	425
839	188	487
841	140	518
796	192	527
766	385	440
851	515	483
1004	519	671
1155	487	710
1251	31	551
1316	-373	220
1331	-520	49
1158	-501	147
1020	-266	132
764	-273	216
577	-460	284
478	-554	353
495	-692	476
536	-602	569
628	-551	502
700	-541	483
839	-418	479
865	-440	440
835	-493	422
905	-508	473
934	-193	568
972	-265	527
1017	-308	478
924	-196	639
927	-415	467
865	-520	451
817	-537	487
771	-516	409
707	-576	390
664	-620	515
671	-708	467
683	-561	400
704	-509	291
688	-497	390
775	-329	391
800	-232	195
704	-728	169
587	-828	467
665	-717	398
704	-552	287
689	-615	306
744	-648	167
776	-453	56
728	-407	8
686	-479	-197
798	-429	-525
848	-594	-576
1055	-1145	-548
1208	-1375	-813
1307	-1386	-972
1255	-1129	-901
1163	-1018	-769
1036	-881	-724
945	-676	-496
803	-560	-410
716	-513	-284
540	-496	-1
409	-512	185
222	-663	161
190	-861	206
335	-621	334
479	-601	292
696	-528	360
814	-373	415
903	-431	331
881	-528	199
887	-511	286
856	-426	428
908	-401	399
950	-452	179
727	-610	281
543	-735	639
473	-546	790
536	-376	492
595	-375	207
671	-551	103
720	-660	9
847	-589	-146
835	-586	-144
860	-585	-308
851	-503	-461
856	-583	-529
822	-613	-544
942	-800	-695
1208	-1092	-1136
1440	-1137	-1253
1379	-1015	-1145
1196	-712	-1036
1014	-561	-781
913	-605	-663
774	-573	-473
532	-457	-530
143	-485	-194
31	-535	44
169	-633	209
368	-389	368
559	-300	475
751	-265	368
915	-153	475
1001	-149	550
976	-249	647
848	-481	752
675	-292	696
480	-153	625
416	-216	580
472	-469	70
622	-703	-109
769	-552	-208
848	-737	-125
892	-450	-413
1040	-415	-776
947	-521	-848
839	-383	-754
760	-353	-682
734	-648	-829
587	-673	-733
460	-324	-817
432	-232	-800
374	-295	-592
200	-237	-864
214	-313	-1188
280	-634	-1466
243	-655	-1125
147	-696	-1025
76	-765	-640
134	-968	-404
8	-1188	-368
-64	-1177	-320
-34	-1146	-353
-13	-1029	-381
12	-932	-433
-36	-951	-450
-4	-928	-492
-39	-936	-386
-53	-985	-352
-100	-847	-400
-111	-930	-569
-93	-994	-664
-89	-825	-608
-21	-884	-492
12	-781	-485
-135	-840	-552
-157	-945	-728
-47	-775	-749
-48	-634	-637
-68	-831	-637
-159	-898	-559
-90	-849	-680
-146	-800	-648
-121	-920	-648
-100	-697	-594
-196	-777	-633
-138	-921	-552
-71	-778	-519
1	-868	-436
-8	-847	-561
-50	-877	-576
-128	-941	-689
-208	-989	-720
-216	-861	-701
-212	-753	-688
-261	-792	-692
-271	-769	-655
-232	-733	-656
-164	-687	-682
-153	-721	-701
-191	-695	-704
-167	-705	-679
-191	-672	-672
-234	-673	-711
-202	-650	-740
-241	-681	-749
-216	-703	-746
-245	-609	-752
-273	-737	-705
-237	-737	-665
-225	-788	-648
-261	-762	-610
-226	-769	-607
-204	-877	-621
-204	-948	-529
-244	-900	-449
-279	-1017	-385
-205	-1063	-410
-191	-1040	-404
-197	-1031	-300
-146	-1028	-279
-116	-1076	-223
-127	-1005	-70
-84	-1025	-81
-72	-1021	-20
-82	-991	105
-100	-985	206
-95	-985	272
-80	-976	318
-95	-968	364
-119	-968	439
-136	-943	492
-144	-882	543
-133	-885	561
-116	-912	620
-120	-889	700
-112	-872	759
-104	-801	750
-124	-713	750
-97	-673	744
-84	-669	742
-89	-772	715
-121	-813	747
-132	-793	743
-119	-804	732
-104	-746	736
-93	-737	748
-80	-744	761
-71	-761	783
-55	-685	755
-20	-753	641
15	-749	467
7	-882	423
-24	-1064	159
35	-1056	-16
99	-962	-265
64	-1113	-512
27	-991	-621
-2	-965	-833
-137	-881	-828
-185	-653	-714
-162	-698	-773
-244	-628	-808
-287	-637	-860
-308	-562	-913
-241	-497	-889
-196	-489	-796
-221	-489	-745
-199	-548	-808
-130	-607	-890
-85	-649	-893
-57	-690	-817
-57	-740	-841
-77	-808	-879
-40	-791	-810
8	-754	-674
-13	-882	-564
-66	-993	-369
-136	-816	-303
-141	-1012	-240
-135	-1025	-250
-105	-1180	-173
-104	-1084	-1
-148	-866	211
-205	-781	438
-216	-897	700
-146	-849	783
-109	-793	748
-71	-815	764
-54	-728	716
-100	-724	750
-208	-602	844
-320	-625	868
-337	-642	908
-312	-661	963
-225	-625	927
-200	-560	881
-223	-569	905
-224	-561	947
-239	-496	969
-229	-417	966
-175	-425	904
-175	-575	755
-168	-612	705
-160	-533	856
-154	-508	976
-157	-573	862
-125	-581	812
-84	-506	865
-79	-429	743
-77	-749	568
-204	-1138	339
-225	-1201	-24
-250	-1184	-124
-226	-1133	-157
-205	-1033	-218
-200	-1045	-277
-177	-1088	-400
-176	-997	-397
-156	-972	-386
-168	-1068	-392
-169	-1252	-404
-143	-1384	-488
-104	-1039	-410
-109	-856	-20
-209	-602	356
-208	-786	647
-168	-624	728
-175	-781	878
-130	-761	840
-129	-772	778
-173	-637	780
-148	-556	881
-113	-543	833
-201	-597	871
-282	-705	908
-202	-676	892
-146	-637	883
-109	-663	879
-162	-472	876
-133	-338	812
-71	-477	622
-79	-872	366
28	-1034	23
55	-801	-161
-72	-1053	-481
-153	-1231	-676
-160	-1129	-648
-199	-1058	-537
-249	-848	-511
-257	-992	-520
-233	-976	-631
-120	-909	-650
-95	-807	-557
-79	-848	-516
-84	-912	-552
-65	-844	-528
-77	-823	-525
-68	-849	-612
-57	-879	-644
-50	-836	-615
-72	-810	-556
-105	-856	-577
-104	-859	-585
-111	-852	-573
-98	-877	-564
-104	-865	-573
-80	-829	-583
-72	-807	-592
-58	-845	-609
-72	-871	-617
-79	-841	-609
-109	-812	-573
-111	-825	-609
-124	-852	-634
-100	-840	-637
-90	-826	-623
-80	-831	-612
-80	-832	-624
-77	-837	-620
-88	-834	-612
-100	-833	-601
-103	-815	-588
-88	-823	-609
-106	-832	-601
-104	-801	-601
-80	-808	-633
-103	-829	-645
-120	-831	-637
-121	-820	-629
-132	-840	-634
-144	-825	-597
-136	-828	-589
-164	-845	-569
-185	-857	-569
-205	-861	-564
-247	-858	-562
-280	-877	-629
-285	-993	-733
-242	-993	-796
-153	-996	-820
4	-1009	-845
151	-916	-845
230	-935	-781
321	-825	-760
388	-744	-697
419	-685	-672
451	-681	-528
540	-709	-592
600	-617	-538
606	-615	-464
595	-536	-457
559	-488	-322
575	-449	-237
608	-528	-305
647	-610	-378
655	-623	-280
675	-625	-232
702	-623	-237
719	-669	-248
736	-618	-169
750	-706	-180
777	-700	-282
787	-712	-269
807	-717	-216
803	-680	-184
792	-656	-189
775	-653	-197
768	-679	-173
776	-697	-156
800	-741	-130
822	-711	-100
819	-689	-93
814	-657	-68
800	-677	-68
814	-692	-96
828	-706	-104
840	-705	-93
857	-685	-97
864	-663	-132
833	-697	-100
808	-729	-193
775	-746	-153
817	-708	-181
776	-669	-160
679	-626	-200
620	-599	-304
535	-666	-445
456	-594	-524
432	-564	-511
396	-489	-393
380	-441	-456
320	-484	-565
308	-577	-735
281	-628	-740
281	-761	-722
243	-904	-656
71	-1056	-641
-109	-1208	-740
-237	-973	-666
-285	-852	-754
-287	-823	-714
-281	-815	-748
-333	-780	-609
-441	-749	-656
-469	-802	-601
-551	-815	-530
-556	-703	-568
-577	-700	-493
-631	-644	-537
-669	-692	-488
-616	-805	-498
-615	-740	-469
-618	-720	-418
-601	-719	-377
-618	-656	-372
-672	-578	-369
-644	-616	-341
-602	-669	-349
-609	-656	-349
-665	-720	-372
-655	-697	-354
-665	-641	-352
-698	-664	-356
-703	-674	-314
-728	-649	-273
-727	-697	-285
-772	-656	-215
-818	-577	-170
-762	-616	-221
-765	-616	-249
-688	-589	-225
-685	-596	-188
-695	-631	-128
-745	-652	-80
-753	-666	-127
-794	-624	-109
-784	-628	-122
-785	-637	-100
-756	-618	-84
-784	-612	-48
-769	-616	-34
-772	-616	-31
-744	-637	-16
-744	-672	-53
-744	-705	-48
-770	-743	-88
-737	-729	-8
-692	-647	55
-689	-618	96
-704	-596	108
-719	-575	126
-746	-624	112
-760	-624	156
-749	-631	153
-744	-642	135
-743	-661	115
-745	-649	124
-737	-703	116
-727	-709	108
-729	-690	103
-730	-689	104
-753	-681	83
-754	-664	87
-749	-650	83
-740	-633	76
-733	-652	73
-735	-656	80
-740	-656	64
-746	-674	86
-743	-687	97
-729	-677	108
-725	-680	104
-740	-690	95
-744	-669	78
-735	-642	64
-735	-641	67
-737	-648	48
-740	-677	56
-741	-660	63
-724	-669	79
-714	-673	92
-717	-689	102
-724	-693	103
-717	-685	96
-706	-697	97
-705	-681	87
-717	-680	75
-733	-708	73
-740	-697	82
-736	-682	83
-733	-692	110
-721	-690	112
-727	-708	96
-714	-725	99
-701	-749	79
-689	-762	79
-674	-759	76
-671	-829	83
-656	-832	89
-650	-840	87
-645	-860	107
-616	-897	96
-570	-893	100
-516	-893	104
-468	-933	115
-426	-932	132
-370	-913	113
-321	-961	102
-260	-976	88
-180	-1017	57
-104	-1089	8
-15	-1122	-34
83	-1133	-80
166	-1108	-85
217	-1093	-120
270	-1032	-205
255	-1049	-120
267	-1104	44
235	-1077	192
271	-897	296
275	-765	440
268	-689	542
272	-480	620
273	-394	547
192	-717	868
200	-649	867
275	-892	835
388	-989	670
404	-893	563
356	-948	646
368	-823	591
399	-855	489
408	-829	463
360	-925	400
360	-905	403
379	-965	387
399	-1010	227
361	-961	259
342	-852	271
344	-1041	251
291	-930	323
304	-1028	316
320	-1104	288
207	-825	408
478	-1236	-20
248	-1028	129
283	-969	168
318	-1079	-76
275	-1044	-74
278	-1025	-146
297	-999	-145
295	-1005	-207
321	-1009	-281
348	-962	-329
334	-920	-362
344	-964	-385
319	-977	-372
332	-973	-367
320	-945	-321
315	-973	-303
334	-1010	-317
342	-1002	-247
371	-991	-240
376	-996	-196
385	-1057	-180
419	-1049	-121
432	-1044	-23
438	-1061	56
446	-1041	79
424	-988	131
412	-973	121
423	-932	152
431	-897	220
438	-897	300
455	-837	326
471	-845	396
483	-848	407
479	-826	451
487	-816	446
497	-848	473
503	-833	448
503	-740	505
497	-781	535
500	-818	507
507	-808	539
519	-804	542
519	-772	560
521	-757	575
511	-743	609
499	-777	611
511	-784	600
524	-751	583
540	-720	564
529	-746	583
508	-756	641
489	-741	704
504	-733	678
511	-692	635
524	-605	614
507	-537	840
496	-775	622
526	-735	380
572	-834	367
632	-761	350
639	-852	240
624	-879	415
575	-868	412
528	-911	428
446	-961	503
368	-793	527
304	-895	472
387	-928	316
352	-666	307
368	-893	327
348	-797	296
352	-1154	243
327	-983	328
319	-972	355
350	-993	232
255	-1021	332
230	-1098	417
179	-1088	315
174	-1037	174
91	-804	222
1	-697	190
-129	-672	243
-173	-776	272
-208	-1025	304
-207	-968	348
-296	-1039	462
-424	-1008	563
-609	-925	508
-728	-913	531
-705	-919	519
-648	-868	508
-637	-738	519
-522	-466	288
-656	-586	529
-954	-722	871
-847	-648	632
-688	-621	399
-673	-600	294
-682	-728	216
-746	-729	243
-665	-700	247
-641	-615	289
-648	-720	315
-666	-788	320
-688	-727	267
-684	-757	231
-665	-752	214
-650	-712	188
-674	-757	208
-628	-752	220
-712	-661	220
-760	-692	216
-793	-840	222
-736	-938	240
-765	-1088	252
-698	-1421	192
-529	-1509	113
-361	-1288	-58
-224	-1045	-210
-168	-745	-345
-122	-626	-360
-57	-551	-312
12	-649	-146
216	-722	-175
395	-913	19
396	-1081	48
484	-961	-16
561	-877	-104
542	-808	-112
496	-697	15
539	-928	-49
600	-1016	-47
632	-1037	-72
664	-964	-162
695	-804	-221
684	-776	-188
652	-777	-153
631	-769	-138
617	-809	-80
631	-826	-52
648	-816	-42
679	-769	-45
688	-749	-65
696	-772	-58
691	-730	-23
691	-628	-34
747	-680	-193
739	-672	-305
736	-648	-360
718	-672	-493
715	-704	-586
726	-666	-589
784	-737	-621
807	-784	-647
824	-793	-594
886	-704	-417
916	-554	-212
864	-536	-42
808	-473	73
737	-490	124
758	-505	126
774	-556	152
779	-570	183
782	-672	163
790	-653	232
815	-617	262
820	-628	222
819	-589	300
783	-680	316
816	-660	335
843	-239	495
880	-80	616
979	-319	572
995	-260	424
1148	76	371
1008	-8	449
860	-29	508
788	-143	511
755	-100	535
750	7	432
839	24	396
1007	72	344
1238	152	322
1227	99	383
1059	17	444
908	-90	393
806	7	199
686	33	188
632	-109	376
723	-293	600
935	-333	769
1023	-303	851
1016	-177	774
950	-176	595
824	-148	465
727	-168	384
729	-237	399
839	-353	403
1171	-457	391
1324	-413	398
1291	-217	411
1225	-367	252
1028	-498	211
783	-368	310
593	-97	428
627	-200	369
707	-333	348
809	-385	367
939	-552	391
1240	-706	227
1211	-196	329
1148	-233	263
1008	-369	259
859	-394	231
732	-290	224
750	-359	190
953	-644	112
1191	-749	188
1267	-586	264
1180	-385	305
1016	-345	312
838	-276	287
716	-159	232
619	-333	224
680	-441	145
927	-692	251
992	-305	278
964	-185	350
1062	-589	142
1203	-776	60
1139	-592	140
1057	-441	255
963	-532	211
856	-453	216
711	-244	268
681	-168	223
691	-208	310
748	-167	345
839	-336	272
939	-656	259
985	-589	296
1059	-708	190
1283	-953	-48
1180	-784	176
999	-468	350
875	-500	287
723	-340	231
568	-102	291
536	-69	272
792	-600	120
1091	-749	124
1191	-669	284
1175	-520	356
1180	-629	180
1027	-581	95
782	-352	220
636	-281	345
560	-240	423
639	-493	255
911	-512	127
1135	-632	64
1272	-729	75
1262	-752	56
999	-497	233
799	-416	272
767	-441	158
769	-351	161
755	-186	211
838	-287	161
836	-199	249
993	-485	195
1331	-826	71
1251	-625	211
1167	-682	158
964	-424	115
753	-141	111
551	87	255
535	-144	300
764	-400	209
1068	-540	63
1208	-688	20
1172	-609	167
1031	-454	255
974	-441	124
967	-602	3
896	-605	46
908	-584	96
806	-148	288
688	6	441
743	-365	239
699	-589	159
796	-708	153
787	-569	188
743	-514	111
659	-701	159
559	-639	215
447	-557	176
359	-989	126
332	-1344	135
304	-1423	232
275	-1472	323
195	-1312	526
107	-1116	515
-1	-1056	632
-61	-1057	671
-111	-964	664
-61	-897	664
-69	-749	696
-116	-816	672
-135	-802	763
-154	-647	713
-125	-663	734
-97	-685	743
-141	-628	758
-200	-689	785
-244	-665	824
-271	-561	867
-328	-580	864
-364	-697	888
-392	-628	924
-429	-658	892
-309	-665	851
-290	-545	880
-424	-575	983
-433	-640	1001
-394	-778	857
-312	-818	727
-223	-746	662
-58	-1025	462
73	-1156	310
159	-1092	243
192	-1098	207
195	-1082	207
259	-1081	184
303	-1216	147
355	-1212	188
412	-1192	231
406	-1209	267
471	-1053	211
523	-946	131
547	-786	151
547	-689	191
568	-544	196
611	-476	206
648	-449	272
700	-285	342
795	-247	361
815	-183	476
839	-144	520
857	-226	508
871	-192	564
921	-208	499
935	-353	484
908	-343	511
919	-402	504
919	-258	540
891	-276	560
920	-239	457
961	-231	411
1023	-84	224
967	-8	255
911	-136	400
958	-368	456
1016	-448	451
1041	-423	455
908	-232	614
777	-23	643
796	-84	424
801	-90	323
831	-147	432
963	-292	460
1017	-313	438
988	-175	456
944	-113	420
927	-61	368
1055	-236	209
1067	-288	54
1027	-273	103
972	-370	376
916	-393	569
780	-231	675
816	-360	403
806	-308	300
758	-144	423
1063	-672	15
1187	-576	319
1060	-397	510
1072	-429	367
1086	-608	286
956	-852	262
828	-713	393
655	-306	472
638	-241	408
735	-221	313
751	-64	387
767	-228	320
1064	-735	12
1296	-629	120
1228	-440	355
1132	-720	364
927	-628	415
756	-397	408
715	-317	215
764	-476	96
846	-429	183
983	-401	223
1025	-413	331
952	-397	316
846	-288	265
859	-385	150
862	-428	236
915	-365	211
1035	-607	168
1004	-545	240
977	-511	263
928	-447	259
864	-381	302
871	-588	142
1030	-783	39
988	-511	203
1020	-433	204
1033	-631	123
947	-601	192
862	-504	279
742	-301	312
728	-340	179
735	-333	188
743	-228	275
1035	-713	48
1292	-821	39
1204	-576	271
1004	-740	131
966	-773	38
792	-328	241
647	-119	390
627	-255	295
655	-324	209
806	-474	131
1055	-690	39
1283	-847	19
1231	-697	140
1051	-680	156
840	-360	172
736	-399	152
636	-300	184
732	-460	112
758	-385	182
785	-415	86
1038	-784	-104
1231	-925	-159
1219	-712	22
1075	-612	118
926	-607	71
796	-505	38
705	-417	97
655	-431	120
748	-416	96
849	-591	-4
937	-757	-93
1083	-737	-113
998	-613	94
910	-519	174
857	-552	112
847	-650	-29
820	-679	-45
912	-568	-29
1068	-553	-157
1059	-516	-4
908	-416	188
759	-540	191
657	-719	104
583	-775	159
568	-733	228
649	-541	318
839	-695	-28
1248	-1122	-295
1219	-855	-33
1030	-681	112
851	-592	112
695	-360	190
614	-330	199
591	-461	184
664	-433	152
988	-893	-114
1248	-1108	-200
1078	-645	174
920	-905	22
840	-789	16
679	-352	248
568	-192	312
639	-549	103
752	-457	124
911	-333	192
1079	-797	-1
1208	-1064	-28
1046	-761	156
931	-741	72
769	-413	131
599	-49	286
624	-449	167
624	-383	231
775	-545	144
1075	-1160	-104
1088	-904	63
924	-717	172
860	-720	132
908	-605	88
918	-565	86
844	-336	231
760	-285	286
760	-504	235
782	-584	175
875	-730	148
964	-828	63
979	-1005	-61
915	-905	-9
835	-660	127
771	-559	167
710	-276	297
678	-180	428
791	-340	316
871	-498	111
944	-1021	-129
1000	-1269	-249
926	-877	1
819	-793	76
783	-569	160
671	-16	428
696	-90	403
812	-429	169
840	-783	-4
950	-1153	-226
992	-1104	-159
907	-733	41
816	-567	150
756	-416	216
740	-149	360
820	-319	300
864	-575	152
888	-793	54
918	-1004	-73
967	-928	-41
883	-745	73
839	-729	121
819	-703	136
799	-437	227
723	15	401
783	-255	289
848	-464	214
849	-639	193
886	-804	176
931	-914	115
927	-953	64
870	-893	31
788	-786	67
742	-705	99
719	-580	193
721	-410	313
720	-153	470
825	-362	376
855	-632	179
903	-877	88
984	-1034	-26
974	-808	54
841	-786	99
819	-741	96
748	-457	267
643	7	558
743	-346	384
777	-538	255
831	-690	222
944	-920	92
968	-1034	-21
919	-889	14
828	-660	108
792	-561	209
739	-330	387
723	-297	496
711	-488	368
691	-644	252
744	-626	176
870	-696	147
939	-810	230
911	-968	193
896	-1090	142
824	-833	191
742	-669	249
716	-596	272
675	-292	353
679	-181	440
759	-484	382
806	-688	252
887	-764	176
951	-872	100
944	-1064	-32
880	-900	-40
807	-693	120
729	-416	294
678	-136	372
736	-372	355
848	-544	287
920	-593	150
999	-823	56
1012	-1064	-80
952	-841	33
839	-701	209
790	-465	275
748	-316	411
718	-316	452
740	-433	363
743	-460	320
769	-706	328
872	-960	179
956	-1188	28
920	-930	211
776	-522	335
728	-519	329
684	-333	316
639	-375	352
696	-473	268
768	-800	209
919	-1213	168
999	-1145	220
935	-751	342
831	-565	339
761	-514	323
664	-233	456
655	-194	455
704	-261	359
747	-799	287
923	-1042	203
1041	-1021	127
1047	-780	171
900	-468	252
768	-420	398
657	-183	488
745	-298	328
816	-356	263
822	-253	427
899	-484	423
1070	-993	305
1120	-977	263
945	-545	388
854	-352	319
724	-265	372
655	-151	455
799	-407	307
796	-97	502
844	-532	448
1030	-1033	440
1095	-973	447
952	-569	481
839	-458	280
711	-345	304
560	-156	488
736	-396	335
856	-329	419
748	-247	526
902	-617	440
1080	-1090	412
1039	-1181	463
856	-584	486
735	-408	328
624	-288	307
550	-320	408
705	-468	376
791	-385	499
768	-362	591
937	-884	455
1123	-1169	271
1027	-813	358
803	-313	435
688	-424	335
595	-425	343
607	-425	368
696	-455	472
764	-628	511
943	-842	449
1095	-960	295
1071	-703	255
847	-429	359
743	-569	278
600	-428	428
556	-489	476
631	-580	439
700	-488	492
867	-610	452
1103	-818	297
1192	-836	112
940	-546	263
734	-557	352
553	-589	488
460	-573	576
537	-623	487
683	-557	443
879	-660	371
1255	-872	176
1207	-722	192
963	-521	323
766	-557	340
593	-488	448
467	-433	508
556	-578	424
654	-345	472
854	-545	364
1187	-879	217
1187	-698	219
1031	-608	188
841	-573	328
729	-656	428
622	-626	511
516	-525	575
575	-690	476
670	-525	451
736	-481	446
1043	-765	243
1244	-791	44
1123	-519	135
915	-505	236
723	-660	401
583	-705	550
511	-633	588
601	-648	441
707	-509	379
792	-441	344
950	-680	168
999	-733	132
903	-557	263
854	-588	284
803	-557	287
755	-680	287
774	-832	248
815	-889	214
844	-708	198
828	-685	135
876	-676	63
929	-737	39
919	-673	97
860	-736	97
814	-689	118
796	-656	86
787	-666	70
790	-598	63
744	-433	156
723	-378	199
767	-535	144
940	-842	20
1104	-906	-49
1054	-720	84
907	-609	152
804	-765	-16
787	-797	-58
796	-505	51
708	-161	303
748	-441	244
792	-592	176
831	-609	159
884	-633	78
911	-732	-55
985	-777	-200
927	-857	-192
891	-832	-116
838	-689	7
803	-620	108
759	-365	271
742	-329	356
775	-447	302
808	-610	153
851	-680	39
915	-857	-200
959	-989	-248
875	-729	-4
814	-631	143
778	-488	200
759	-329	302
809	-362	284
864	-508	182
852	-663	31
916	-993	-244
999	-1064	-400
927	-784	-144
840	-615	60
761	-409	276
750	-209	407
766	-413	380
792	-594	198
831	-776	-2
920	-1028	-280
944	-948	-269
881	-665	16
822	-441	248
731	-79	476
736	-407	414
784	-639	230
832	-740	83
899	-946	-244
947	-1069	-333
899	-704	-1
800	-521	257
764	-387	398
747	-341	419
760	-549	230
827	-769	-7
911	-784	3
944	-945	-73
924	-856	44
884	-724	144
790	-333	328
736	102	563
787	-397	400
790	-562	188
824	-820	67
889	-1103	-121
935	-1044	-61
876	-685	135
833	-592	220
787	-304	368
767	-79	500
783	-353	327
840	-769	79
920	-1124	-52
935	-1010	27
867	-727	191
828	-601	195
732	-72	436
723	-105	489
799	-433	312
832	-676	184
904	-840	150
920	-1042	6
888	-1015	-49
831	-729	120
796	-537	272
752	-53	523
780	-264	451
787	-561	271
779	-772	112
825	-1160	-116
876	-1029	-58
817	-711	126
811	-530	278
804	-217	462
844	-192	467
860	-448	280
792	-817	80
819	-1289	-175
911	-1021	-8
872	-608	249
812	-200	435
799	-79	503
799	-397	319
799	-712	104
799	-1090	-121
851	-1128	-200
905	-679	143
851	-79	545
812	-34	647
787	-481	343
728	-769	96
803	-1117	-196
888	-1144	-184
876	-728	112
836	-641	238
836	-676	180
844	-601	176
809	-360	351
715	-180	480
684	-319	403
625	-450	288
684	-961	12
870	-1253	-144
951	-1017	94
809	-543	352
734	-612	292
704	-704	168
704	-653	198
688	-528	233
734	-680	80
920	-999	-45
985	-1129	-52
940	-737	224
799	-735	278
780	-753	176
731	-724	139
764	-665	176
761	-644	223
799	-608	224
862	-666	169
929	-522	70
827	-141	287
772	-200	398
755	-407	342
777	-584	343
839	-642	248
899	-801	135
972	-749	172
927	-628	222
863	-584	231
774	-645	216
771	-825	150
856	-857	105
959	-697	163
991	-792	112
911	-601	192
817	-608	243
766	-532	257
704	-400	364
723	-565	252
783	-633	243
803	-512	335
822	-364	412
825	-440	308
1087	-1025	30
1151	-845	41
1020	-513	216
855	-471	279
787	-648	174
764	-493	278
752	-385	384
751	-440	272
812	-413	231
895	-495	247
921	-626	291
910	-628	335
876	-564	344
839	-551	344
798	-413	364
812	-594	280
968	-868	135
1118	-602	201
1113	-473	220
1030	-669	158
880	-680	214
716	-415	403
615	-257	483
647	-421	295
668	-386	311
743	-467	352
934	-633	287
1174	-840	88
1214	-618	129
1052	-505	233
859	-561	281
721	-580	294
633	-457	369
680	-444	316
764	-420	308
828	-458	353
1000	-761	206
1200	-904	51
1132	-674	188
964	-573	239
803	-551	227
696	-501	246
620	-439	328
664	-477	289
760	-445	236
844	-369	227
998	-682	71
1168	-919	-20
1099	-687	201
980	-610	335
883	-692	327
825	-745	312
856	-660	201
876	-516	244
843	-431	164
817	-456	79
743	-250	247
752	-237	296
830	-385	175
871	-577	96
975	-776	137
1091	-906	7
1068	-689	56
943	-473	72
867	-458	51
792	-448	172
744	-465	344
759	-472	369
816	-498	248
912	-551	113
1052	-708	-120
1057	-877	-242
947	-705	46
841	-538	223
755	-458	328
713	-397	369
769	-415	259
824	-513	142
932	-673	7
1048	-954	-285
991	-898	-208
892	-642	51
824	-528	188
751	-468	344
711	-445	399
756	-490	255
811	-596	76
950	-741	-146
1025	-962	-383
966	-749	-82
871	-525	161
782	-440	337
723	-425	435
748	-466	310
791	-607	80
867	-729	-32
928	-848	-32
927	-776	56
916	-680	179
915	-697	150
856	-682	201
831	-637	158
848	-653	-45
886	-537	-200
880	-324	-44
867	-284	48
839	-400	86
844	-501	97
883	-714	59
953	-788	31
963	-717	60
903	-642	156
823	-505	231
732	-557	259
670	-599	299
686	-567	280
784	-825	31
873	-908	-40
919	-864	-32
887	-793	-52
817	-897	-116
753	-872	-4
719	-722	121
687	-584	294
691	-372	327
723	-564	185
751	-569	92
791	-724	-2
825	-948	-164
867	-1143	-250
864	-921	-88
799	-684	124
751	-506	227
715	-544	103
752	-685	23
783	-740	-47
832	-856	-50
819	-733	89
792	-576	233
799	-706	152
791	-720	115
775	-653	84
742	-616	100
673	-581	92
748	-813	-80
856	-1009	-165
844	-845	-26
809	-949	-89
806	-901	-31
711	-449	246
691	-349	319
747	-756	135
736	-618	183
710	-580	188
716	-825	-40
807	-1154	-289
831	-904	-98
855	-967	-55
779	-613	168
704	-487	304
675	-589	241
667	-656	201
647	-560	95
711	-887	-103
808	-1261	-320
854	-1143	-119
752	-816	124
695	-693	147
655	-570	190
663	-509	216
703	-800	120
707	-719	152
691	-697	104
728	-885	-48
711	-1137	-100
691	-1039	-26
753	-864	30
780	-735	16
744	-621	94
729	-617	166
727	-665	153
776	-724	35
780	-746	17
752	-641	143
752	-775	118
723	-676	159
649	-609	215
659	-882	23
756	-1087	-64
756	-1029	36
712	-921	87
711	-952	-13
734	-909	-40
739	-671	54
718	-592	140
700	-372	246
743	-616	127
753	-644	83
716	-561	148
684	-740	99
704	-914	103
707	-909	200
679	-909	156
696	-1005	60
679	-980	32
695	-976	48
713	-937	86
719	-937	72
713	-961	72
651	-721	291
691	-781	300
744	-648	279
775	-597	259
784	-405	352
788	-340	350
806	-365	310
764	-404	323
732	-530	300
768	-881	248
831	-972	239
880	-909	241
864	-869	239
825	-836	216
787	-680	238
742	-552	312
688	-281	449
736	-328	348
760	-413	342
708	-464	327
772	-976	161
856	-1085	132
867	-1137	159
822	-860	251
760	-665	243
732	-565	268
692	-433	371
726	-493	286
801	-599	207
768	-504	302
750	-548	323
817	-904	224
863	-1098	248
814	-905	331
793	-893	211
775	-714	192
719	-488	295
681	-344	447
755	-520	366
779	-592	304
743	-504	371
694	-532	385
760	-889	240
855	-1197	135
816	-848	300
835	-964	179
815	-749	224
720	-557	343
662	-402	444
684	-479	327
711	-648	243
728	-536	233
707	-660	304
785	-825	295
851	-1016	177
847	-1031	131
784	-953	132
764	-834	180
696	-528	323
655	-272	460
702	-466	334
688	-500	352
664	-583	284
711	-1081	102
816	-1352	-65
865	-996	150
782	-692	280
716	-572	319
672	-488	355
728	-549	238
815	-594	169
831	-647	252
828	-633	343
723	-584	400
646	-829	318
707	-1133	112
775	-1042	120
783	-810	224
752	-665	268
691	-496	369
686	-433	339
767	-655	143
795	-600	199
791	-676	231
691	-744	368
627	-900	355
651	-1111	219
687	-916	252
726	-712	217
798	-761	71
784	-921	8
750	-953	108
679	-799	321
569	-548	455
588	-657	267
643	-713	164
657	-591	265
686	-609	284
776	-884	161
903	-1212	-60
883	-1087	31
736	-765	199
630	-674	254
552	-560	315
592	-698	227
659	-697	220
686	-544	323
758	-724	235
852	-1192	-41
862	-1233	-61
707	-772	167
513	-503	248
504	-565	167
610	-746	143
663	-724	280
657	-665	377
696	-946	120
787	-1104	-82
830	-1080	-57
768	-877	79
691	-834	78
664	-810	24
704	-962	-25
732	-784	-40
748	-852	-64
743	-889	-96
711	-721	-32
646	-521	70
583	-520	80
551	-689	3
575	-800	7
599	-704	-16
702	-909	-137
847	-1113	-288
828	-1076	-113
732	-908	-48
667	-800	-58
655	-881	-136
655	-868	-96
664	-845	-68
679	-807	-170
747	-841	-282
792	-834	-170
727	-464	174
670	-413	252
684	-808	31
668	-753	12
679	-692	59
728	-725	12
755	-852	-156
792	-903	-231
769	-953	-132
764	-853	-47
755	-817	-40
723	-736	31
703	-729	46
716	-874	15
704	-465	233
743	-666	153
743	-724	83
728	-713	19
720	-788	-79
743	-932	-156
755	-943	-118
721	-840	-47
724	-834	-111
729	-849	-141
739	-828	-130
723	-697	8
686	-666	96
678	-744	40
671	-749	20
665	-696	7
688	-809	-104
764	-1065	-245
739	-952	-65
699	-866	-33
681	-873	-72
635	-780	-64
553	-730	-37
552	-653	20
631	-626	80
761	-956	-57
856	-969	-64
835	-1053	-40
798	-869	8
761	-744	-2
734	-664	-4
684	-552	172
643	-578	209
619	-769	183
600	-689	159
662	-861	110
812	-925	-4
888	-825	16
871	-804	54
792	-759	84
675	-761	126
608	-772	139
566	-769	163
571	-817	134
615	-781	155
712	-836	130
799	-1040	-1
852	-1015	-32
807	-868	-5
752	-834	40
681	-801	118
616	-704	227
579	-609	292
591	-592	239
612	-664	142
716	-943	-37
803	-1025	-106
807	-853	-25
791	-818	-20
719	-813	8
641	-832	12
606	-761	56
647	-714	28
703	-783	-58
792	-778	-145
796	-818	-100
760	-817	65
716	-797	166
704	-877	70
728	-953	-77
719	-872	-56
708	-756	-1
748	-733	-40
750	-785	-57
745	-909	-153
697	-964	-153
683	-849	-42
705	-789	-18
696	-776	-37
747	-642	-42
719	-569	152
718	-618	185
691	-671	120
703	-653	47
734	-719	-95
775	-964	-276
833	-993	-255
792	-863	-72
760	-781	60
720	-809	56
704	-832	56
700	-660	135
696	-511	255
692	-527	244
707	-573	140
723	-680	40
716	-943	-97
774	-1137	-164
819	-1026	-56
752	-791	56
740	-756	76
732	-706	44
734	-737	39
732	-721	99
711	-633	216
702	-525	323
723	-580	240
748	-634	107
728	-840	-4
769	-1085	-128
801	-1080	-87
764	-871	44
719	-832	86
711	-776	76
691	-612	148
688	-498	255
708	-521	294
777	-618	251
764	-793	89
760	-1081	-146
775	-1100	-113
719	-717	83
671	-765	71
679	-809	51
704	-680	104
736	-549	187
775	-503	251
803	-610	228
803	-778	131
776	-1056	-45
748	-1191	-168
734	-909	-57
696	-759	38
691	-666	86
691	-520	174
696	-461	264
727	-623	176
742	-760	95
769	-912	54
824	-972	35
833	-1017	40
820	-960	147
771	-861	79
728	-745	-77
707	-537	-112
695	-272	-49
691	-308	94
721	-637	201
764	-800	334
760	-886	375
719	-1042	8
731	-1249	-277
752	-1184	-176
729	-832	3
691	-601	102
664	-609	271
630	-527	265
659	-722	127
678	-721	55
719	-760	88
771	-920	65
811	-1063	-33
769	-872	83
710	-696	158
620	-692	124
569	-909	-89
614	-1010	-157
651	-1008	-33
638	-709	184
678	-804	199
684	-744	204
679	-517	276
655	-522	232
664	-584	96
625	-1220	-80
740	-1188	28
792	-1081	89
739	-912	126
676	-829	89
615	-746	135
585	-550	252
611	-500	232
676	-685	168
697	-609	192
755	-801	154
819	-1140	9
851	-1148	59
764	-946	64
764	-968	19
719	-664	111
643	-457	259
627	-330	310
702	-469	163
734	-565	188
723	-655	271
764	-889	238
828	-1073	62
864	-1231	-52
849	-1032	60
771	-700	167
703	-488	222
648	-367	204
688	-548	40
716	-615	92
723	-639	212
750	-725	307
843	-885	220
903	-1128	15
899	-1161	-125
843	-810	44
758	-552	166
672	-413	275
632	-407	236
688	-527	108
686	-509	156
764	-567	216
912	-1009	111
1020	-1301	7
959	-1005	135
831	-728	150
734	-575	127
636	-392	243
599	-423	214
655	-545	156
670	-578	284
716	-621	384
876	-845	241
999	-1071	7
944	-1138	-20
814	-959	56
703	-769	188
628	-617	255
536	-401	398
579	-433	320
638	-498	243
689	-660	201
911	-1120	7
988	-1375	28
871	-1073	232
748	-815	230
636	-664	249
583	-480	323
577	-399	412
700	-569	172
799	-808	113
816	-556	465
825	-705	476
872	-1180	203
899	-1140	28
798	-602	182
707	-314	152
656	-397	44
584	-305	190
579	-508	532
673	-1000	889
768	-1096	908
811	-889	455
775	-628	-16
831	-353	-153
895	-239	41
760	-685	487
696	-938	785
667	-695	796
712	-506	595
703	-543	409
767	-737	177
958	-813	-45
1055	-655	-192
937	-313	-128
739	-328	79
537	-737	649
515	-1114	1217
696	-928	881
895	-658	46
1009	-264	-464
808	-199	-144
556	-765	465
503	-1148	995
608	-993	945
684	-809	670
753	-551	92
763	-232	-156
755	-415	3
716	-687	312
743	-863	519
808	-893	563
796	-921	575
716	-1049	529
643	-977	408
572	-728	302
480	-468	295
419	-333	343
433	-489	494
516	-817	719
726	-960	663
892	-1105	419
924	-1141	227
759	-873	367
547	-445	555
526	-481	344
604	-695	54
624	-665	113
561	-665	387
483	-793	780
563	-994	908
721	-1108	684
764	-1028	467
774	-863	224
703	-625	137
632	-488	175
491	-548	422
424	-599	665
495	-711	689
655	-802	587
863	-844	436
935	-1060	224
838	-921	234
615	-576	419
468	-514	507
412	-564	476
497	-640	425
638	-717	499
809	-848	623
915	-1012	615
828	-961	550
632	-733	444
460	-541	358
384	-352	335
414	-439	419
487	-628	568
657	-871	718
856	-1136	681
883	-1168	518
748	-961	390
577	-559	353
496	-429	276
486	-457	273
518	-676	467
543	-849	651
657	-922	662
728	-737	535
694	-583	411
620	-648	367
575	-836	291
635	-1000	164
670	-1044	92
648	-916	184
611	-793	323
585	-840	328
620	-841	190
643	-973	30
639	-1050	60
633	-945	167
623	-781	211
638	-849	36
592	-936	-168
588	-1001	-281
543	-988	40
534	-914	192
550	-905	191
599	-741	95
643	-829	-36
643	-898	-66
647	-826	14
631	-847	112
617	-900	231
591	-810	323
569	-705	335
568	-737	225
600	-792	140
671	-967	135
697	-1220	57
711	-1197	-42
671	-925	-26
595	-689	49
540	-359	204
537	-232	408
527	-884	409
615	-1207	391
720	-1177	328
745	-1076	198
716	-948	17
657	-801	-40
616	-589	-1
611	-416	96
575	-413	302
569	-877	496
668	-1217	478
783	-1144	332
796	-936	136
704	-857	-46
611	-840	-176
595	-848	-177
616	-361	262
540	-426	602
625	-909	464
704	-1031	275
798	-1012	224
783	-996	158
719	-999	-40
670	-857	-100
600	-705	-101
595	-497	71
529	-418	385
552	-877	499
679	-1081	425
807	-1114	327
796	-1050	163
707	-953	-34
632	-788	-135
600	-609	-87
560	-316	203
507	-567	427
504	-1049	508
656	-1191	403
806	-1186	145
838	-1226	-24
752	-836	124
575	-241	491
571	-456	220
579	-453	159
591	-535	391
643	-872	495
752	-1117	374
812	-1223	120
751	-941	76
679	-808	44
660	-717	225
595	-297	425
575	-514	379
579	-729	433
622	-996	359
734	-1344	32
787	-1337	-13
740	-825	192
671	-620	233
639	-404	251
627	-207	342
572	-500	444
555	-975	300
719	-1480	-44
828	-1433	-2
761	-787	268
665	-495	313
588	-253	396
576	-500	406
574	-729	327
644	-1021	147
767	-1209	46
780	-1069	44
791	-977	76
704	-519	335
619	-274	504
608	-575	436
624	-672	332
675	-919	140
777	-1040	-1
729	-1305	41
654	-840	287
576	-564	399
579	-477	414
592	-625	287
628	-953	268
630	-1137	376
615	-1104	313
595	-1140	70
608	-1021	60
599	-756	244
604	-652	304
633	-433	419
652	-272	499
615	-828	419
624	-1100	268
664	-1316	44
719	-1089	166
678	-626	403
652	-573	487
652	-522	556
716	-644	524
726	-548	475
696	-807	310
707	-1032	108
758	-1005	161
723	-650	395
655	-512	511
608	-396	568
688	-569	391
696	-405	454
667	-687	399
723	-1122	271
783	-1133	321
776	-847	427
731	-605	481
639	-423	595
657	-465	540
688	-576	462
664	-461	519
679	-848	345
799	-1217	126
823	-1079	255
700	-548	558
639	-392	580
636	-338	492
636	-593	422
595	-724	417
630	-961	408
655	-927	452
702	-897	364
726	-834	307
726	-714	325
686	-793	342
691	-784	400
687	-817	340
723	-840	327
745	-826	300
799	-644	359
727	-674	474
736	-583	419
787	-573	295
793	-541	271
745	-313	454
688	-336	619
704	-367	718
760	-472	723
807	-605	703
862	-594	623
849	-561	447
844	-336	355
891	-226	215
782	-413	471
648	-708	859
632	-800	950
707	-604	833
775	-488	423
911	-344	67
902	-20	120
775	-381	412
595	-897	972
624	-943	1118
748	-632	780
815	-477	270
883	-178	54
856	-79	204
755	-409	473
680	-669	748
729	-717	879
798	-537	769
764	-498	603
756	-610	380
771	-577	399
799	-536	460
865	-590	304
977	-632	112
903	-452	392
784	-308	679
678	-441	833
632	-593	775
675	-628	579
740	-495	335
806	-417	215
803	-449	169
774	-697	396
712	-820	727
631	-753	876
664	-687	718
735	-653	356
767	-665	152
758	-621	214
731	-537	408
700	-554	448
708	-682	265
718	-861	155
732	-993	190
719	-1004	304
726	-871	288
702	-877	192
672	-850	86
604	-983	44
569	-919	67
568	-817	145
583	-839	92
575	-985	-56
588	-1036	-45
603	-948	3
584	-881	107
561	-781	87
569	-813	172
523	-753	176
463	-941	24
476	-1032	-47
502	-1116	79
586	-1162	214
670	-1082	211
668	-928	127
600	-658	115
523	-581	-45
520	-621	-221
593	-727	-66
743	-1040	217
783	-1145	334
777	-1098	224
735	-911	79
631	-586	184
537	-224	227
575	-372	120
567	-680	70
707	-1165	105
865	-1288	231
875	-1000	263
780	-884	52
673	-685	-105
608	-594	-68
560	-588	105
559	-658	295
576	-848	391
654	-944	336
721	-905	282
776	-1081	12
760	-1250	-148
732	-1000	15
647	-682	249
542	-236	551
563	-493	372
558	-653	294
601	-824	271
672	-961	224
752	-1192	51
760	-1156	-8
726	-1013	51
655	-712	195
615	-429	392
600	-448	350
600	-704	312
615	-756	371
689	-1044	217
774	-1169	-49
775	-1095	-24
672	-696	268
607	-616	360
588	-609	358
600	-705	304
638	-663	359
608	-804	182
659	-1233	-42
694	-1268	-15
639	-845	311
598	-567	403
582	-633	271
572	-717	227
641	-676	79
679	-1277	-32
735	-1073	131
719	-967	263
604	-706	361
571	-872	224
651	-980	84
664	-778	243
646	-653	380
631	-647	415
639	-557	558
612	-596	415
608	-570	352
647	-576	380
822	-962	227
880	-1009	348
836	-660	464
787	-580	440
680	-553	361
604	-685	372
604	-740	393
614	-801	463
723	-865	470
828	-914	430
865	-863	454
807	-786	439
752	-749	382
688	-692	412
588	-429	568
560	-217	572
632	-528	300
647	-516	364
620	-484	527
591	-528	559
624	-960	408
849	-1114	414
878	-672	560
920	-761	516
888	-900	449
807	-820	355
691	-708	367
567	-503	462
487	-412	503
543	-621	364
614	-561	419
611	-504	484
672	-776	524
847	-1060	435
896	-872	441
897	-706	470
809	-861	374
742	-901	318
601	-636	436
499	-420	527
511	-620	412
499	-573	420
544	-636	447
748	-962	428
835	-996	440
739	-769	519
668	-621	496
574	-703	358
608	-920	319
603	-954	400
575	-709	511
515	-530	492
392	-656	323
336	-727	214
323	-903	236
355	-948	190
368	-1025	97
399	-1129	39
448	-1081	23
447	-1090	-23
424	-1069	-41
411	-1053	-116
368	-1113	-114
319	-1105	-93
294	-1017	-69
241	-1040	-66
204	-1073	-65
196	-1068	-95
182	-1053	-84
172	-1113	-104
167	-1112	-127
152	-1042	-145
124	-1066	-148
99	-1112	-125
88	-1060	-80
95	-1034	-81
102	-1052	-125
102	-1037	-141
97	-1053	-152
105	-1064	-137
104	-1044	-125
103	-1040	-141
105	-1023	-114
115	-1017	-106
123	-1025	-109
136	-1065	-100
129	-1053	-73
123	-1032	-68
118	-1060	-82
108	-1057	-90
108	-1057	-85
95	-1072	-64
91	-1049	-41
87	-1033	-32
81	-1040	-48
65	-1065	-41
59	-1076	-32
67	-1064	-26
71	-1071	-31
59	-1069	-29
44	-1069	-20
35	-1047	-20
31	-1049	-17
48	-1034	-31
62	-1044	-36
65	-1053	-26
63	-1066	-15
76	-1081	-13
102	-1089	-23
137	-1125	-41
179	-1167	-57
230	-1168	-77
240	-1170	-90
251	-1159	-100
262	-1133	-76
286	-1095	8
299	-1097	88
364	-1119	159
431	-1114	240
472	-1063	312
540	-985	358
590	-873	355
643	-759	300
680	-660	283
696	-537	284
702	-391	300
732	-288	319
719	-305	417
728	-308	504
716	-336	579
780	-266	532
816	-375	592
891	-461	563
960	-497	543
975	-313	619
911	-320	588
791	-218	606
630	-124	623
608	-167	572
720	-420	548
870	-497	604
976	-393	615
1056	-183	536
985	-180	520
823	-276	552
790	-450	560
828	-516	545
793	-468	624
704	-369	782
630	-341	856
668	-356	723
732	-343	611
814	-330	563
944	-362	459
1017	-388	444
974	-396	543
856	-401	619
700	-365	700
585	-288	787
616	-226	732
753	-289	567
908	-308	494
1006	-369	499
1076	-424	435
1035	-484	460
892	-505	563
700	-401	650
590	-296	684
614	-343	628
662	-368	670
728	-431	728
795	-461	667
839	-448	543
856	-433	545
876	-415	606
918	-415	600
929	-420	604
860	-447	615
801	-489	632
752	-489	663
756	-407	604
851	-215	441
924	-97	360
982	-49	368
966	-81	423
993	-196	331
1099	-324	195
1055	-280	284
985	-231	432
912	-279	472
868	-321	364
806	-292	355
759	-301	415
752	-541	492
780	-621	576
801	-552	604
819	-497	556
839	-477	528
831	-509	521
847	-506	502
876	-481	452
927	-425	399
972	-396	383
976	-376	396
955	-365	393
947	-399	364
935	-426	348
942	-445	351
937	-415	363
940	-397	376
903	-392	393
899	-433	355
883	-460	331
880	-429	355
889	-369	383
872	-324	361
881	-296	344
927	-327	392
956	-402	444
1008	-445	415
988	-404	340
963	-309	288
955	-221	258
958	-185	216
968	-196	206
985	-234	233
1025	-274	241
1030	-365	227
1009	-369	236
1000	-313	209
1014	-241	163
972	-178	153
967	-218	92
1009	-200	76
1038	-248	155
1059	-168	246
1094	-170	160
1072	-116	120
1004	-61	72
953	-48	17
911	-72	22
919	-146	48
934	-268	111
975	-340	150
1048	-353	119
1070	-404	283
1072	-377	415
1020	-351	494
903	-409	444
843	-365	371
844	-321	334
958	-424	273
1128	-580	167
1191	-533	184
1116	-402	207
1016	-359	135
863	-257	227
715	-169	416
696	-344	407
732	-376	368
771	-266	430
1007	-471	222
1244	-801	-68
1256	-676	15
1064	-353	271
871	-303	408
732	-288	403
735	-434	240
750	-377	312
854	-245	374
1049	-632	195
1232	-913	-24
1119	-617	147
924	-380	291
744	-349	329
656	-336	280
671	-381	246
728	-444	295
951	-616	216
1191	-842	92
1204	-781	131
982	-471	291
734	-364	297
647	-492	147
601	-497	204
720	-561	167
910	-714	115
1095	-799	120
1062	-637	236
995	-576	171
982	-616	48
947	-639	-12
844	-765	108
783	-468	227
702	-513	222
687	-546	271
763	-628	163
942	-788	-40
1033	-927	-89
1039	-797	-98
911	-524	73
819	-313	222
792	-336	204
796	-346	239
903	-432	175
969	-616	60
1004	-911	-84
995	-845	-20
894	-472	156
775	-73	403
775	-159	295
831	-336	211
915	-468	187
955	-777	135
968	-1096	24
935	-820	159
832	-343	311
795	-104	342
847	-364	196
870	-424	287
908	-687	235
924	-1072	4
902	-834	135
873	-481	292
812	-100	444
862	-338	291
860	-437	304
887	-593	224
924	-921	20
870	-720	151
895	-705	200
806	-216	475
843	-343	399
871	-452	335
851	-679	206
863	-1104	-64
899	-865	135
808	-369	430
780	-77	510
844	-413	287
847	-505	248
896	-701	132
929	-985	31
927	-714	236
849	-301	448
839	-239	387
830	-473	271
803	-520	246
851	-666	179
950	-943	63
952	-756	185
883	-449	326
840	-276	368
833	-431	289
761	-436	336
739	-746	252
815	-913	216
782	-705	360
748	-596	367
633	-436	438
534	-321	430
531	-420	284
366	-1125	216
403	-965	56
415	-809	23
364	-868	110
312	-1033	27
262	-1193	-68
241	-1256	-175
263	-1157	-256
239	-1193	-322
216	-1217	-400
214	-1156	-386
199	-1101	-308
140	-1096	-273
72	-1130	-229
15	-1103	-189
-45	-1060	-168
-73	-1044	-185
-80	-1034	-200
-80	-1039	-231
-72	-1020	-253
-90	-1001	-269
-95	-997	-269
-125	-981	-274
-125	-973	-273
-127	-1032	-276
-121	-1021	-289
-116	-1037	-292
-106	-1063	-304
-113	-1055	-293
-136	-1047	-305
-141	-1032	-313
-121	-1008	-303
-97	-1004	-296
-58	-970	-268
1	-962	-250
56	-981	-236
88	-993	-241
95	-970	-240
99	-976	-260
95	-992	-290
96	-976	-308
112	-997	-320
140	-1008	-320
137	-1004	-313
143	-1021	-306
126	-1010	-290
134	-975	-312
150	-956	-345
142	-975	-373
137	-997	-400
127	-1016	-413
124	-1017	-393
131	-1015	-377
156	-996	-357
198	-1012	-351
227	-1032	-352
247	-1119	-370
279	-1154	-343
297	-1154	-324
324	-1137	-287
344	-1122	-212
332	-1053	-87
350	-976	-7
415	-986	52
519	-968	140
540	-996	307
600	-872	380
628	-777	316
659	-556	287
667	-455	297
654	-487	374
639	-473	400
671	-525	385
710	-527	441
747	-488	484
799	-528	552
790	-592	575
812	-503	553
798	-428	612
751	-488	576
787	-565	528
847	-652	543
822	-581	550
743	-386	636
712	-328	663
670	-296	707
619	-189	704
659	-313	601
675	-292	644
674	-217	723
696	-287	751
900	-762	643
976	-663	636
931	-463	646
815	-456	652
702	-381	649
608	-189	702
630	-320	652
667	-381	664
696	-301	720
788	-393	760
867	-485	743
963	-664	644
915	-634	595
791	-464	617
668	-322	654
544	-111	703
588	-221	625
620	-239	675
601	-248	718
728	-597	655
984	-872	630
999	-653	783
844	-420	855
774	-509	647
679	-503	568
571	-304	686
502	-197	718
583	-353	675
560	-216	732
662	-551	732
684	-601	716
649	-489	707
568	-402	699
463	-356	588
380	-385	608
232	-537	576
102	-866	480
-10	-905	380
-120	-1053	275
-186	-1053	240
-237	-1032	152
-273	-1201	64
-226	-1199	32
-292	-1037	-25
-397	-1160	-49
-484	-1161	35
-447	-1138	78
-541	-1001	112
-609	-968	64
-685	-1088	96
-641	-1025	159
-593	-866	134
-553	-818	80
-538	-808	67
-633	-813	79
-736	-760	76
-816	-712	56
-788	-717	76
-756	-717	-45
-697	-736	-109
-628	-576	-168
-682	-932	-199
-610	-850	-287
-656	-802	-373
-450	-781	-341
-808	-865	-575
-781	-871	-680
-397	-937	-602
-313	-959	-631
-285	-832	-628
-193	-897	-489
-141	-857	-594
-90	-877	-520
-42	-900	-589
40	-753	-541
46	-832	-541
131	-861	-610
204	-829	-592
263	-812	-530
294	-818	-516
327	-863	-481
363	-866	-497
432	-925	-490
396	-865	-481
467	-815	-392
502	-797	-324
489	-857	-322
524	-921	-336
547	-925	-296
571	-853	-209
588	-825	-154
617	-821	-100
635	-769	-28
643	-741	-25
647	-740	-64
680	-793	-61
705	-777	30
700	-732	112
729	-697	127
716	-724	159
704	-756	126
720	-820	115
743	-797	168
752	-735	201
739	-712	211
748	-666	242
772	-641	276
792	-679	276
796	-674	312
790	-616	332
807	-609	328
798	-617	359
808	-608	375
799	-597	387
806	-589	363
783	-552	387
792	-549	382
775	-528	398
747	-537	423
736	-528	448
729	-503	439
686	-556	412
644	-576	387
635	-584	300
615	-657	204
633	-705	102
601	-748	-55
579	-833	-177
595	-872	-250
615	-882	-290
588	-893	-356
547	-882	-472
527	-900	-544
504	-871	-544
488	-829	-514
481	-865	-509
478	-889	-528
425	-914	-541
412	-985	-564
387	-956	-592
377	-935	-552
351	-935	-504
316	-948	-503
291	-941	-497
284	-928	-516
268	-938	-520
255	-928	-530
239	-914	-528
227	-881	-512
216	-868	-511
211	-868	-506
204	-858	-509
193	-861	-505
199	-877	-509
198	-882	-509
199	-909	-516
204	-909	-532
195	-904	-532
184	-890	-535
175	-888	-541
172	-882	-541
166	-879	-562
161	-893	-559
155	-897	-543
150	-890	-543
155	-898	-552
148	-885	-557
147	-877	-569
152	-872	-573
143	-874	-569
151	-882	-564
153	-877	-557
150	-884	-562
152	-877	-561
156	-872	-565
152	-872	-570
143	-874	-564
152	-874	-552
163	-872	-544
159	-882	-532
156	-893	-525
147	-890	-524
143	-889	-516
142	-884	-528
144	-882	-543
134	-890	-544
148	-905	-549
152	-909	-549
161	-904	-543
163	-890	-552
152	-881	-561
150	-872	-556
159	-872	-554
163	-868	-546
184	-882	-546
167	-903	-532
160	-916	-536
156	-912	-538
160	-897	-537
176	-881	-548
172	-888	-548
174	-898	-543
172	-898	-537
183	-900	-537
231	-916	-537
304	-916	-548
366	-925	-573
383	-968	-629
408	-957	-608
441	-957	-616
472	-935	-581
521	-904	-493
555	-889	-504
588	-897	-472
599	-842	-433
607	-820	-356
643	-764	-279
659	-717	-208
668	-749	-160
665	-711	-124
656	-704	-72
679	-749	-18
697	-703	33
716	-692	99
732	-692	147
735	-660	142
764	-660	156
790	-632	207
784	-617	254
782	-644	284
785	-617	331
799	-580	318
812	-592	320
808	-592	360
807	-545	387
798	-520	409
787	-538	424
785	-520	430
790	-528	465
787	-516	467
793	-513	463
795	-516	460
798	-516	472
816	-497	455
803	-484	476
799	-473	486
769	-490	468
718	-480	478
670	-452	494
636	-461	463
617	-538	376
599	-612	271
619	-671	156
647	-743	28
654	-789	-113
660	-815	-193
647	-868	-269
612	-919	-360
588	-927	-404
551	-912	-500
531	-938	-532
504	-930	-537
515	-917	-546
519	-916	-548
511	-921	-537
472	-925	-569
441	-936	-586
409	-921	-592
382	-906	-570
344	-885	-544
319	-857	-509
307	-844	-477
302	-840	-471
303	-845	-485
300	-839	-513
294	-831	-535
278	-836	-546
280	-852	-557
284	-852	-561
287	-866	-567
295	-871	-572
292	-863	-584
291	-852	-599
275	-853	-617
252	-856	-620
246	-857	-608
233	-850	-597
231	-842	-589
224	-829	-584
227	-813	-584
216	-832	-580
215	-861	-592
212	-840	-597
208	-855	-593
217	-863	-592
224	-849	-593
220	-844	-594
219	-847	-600
207	-850	-597
206	-857	-596
203	-858	-584
207	-857	-568
215	-864	-562
215	-866	-557
224	-857	-561
232	-852	-577
240	-847	-576
232	-864	-569
231	-845	-578
224	-872	-578
230	-877	-580
222	-877	-544
224	-879	-533
224	-882	-532
227	-889	-532
222	-889	-525
236	-884	-513
240	-884	-500
240	-881	-512
236	-881	-520
231	-888	-532
233	-884	-535
240	-877	-528
255	-884	-525
278	-898	-516
270	-921	-516
275	-925	-520
268	-900	-544
272	-879	-561
312	-866	-570
351	-857	-589
368	-914	-596
395	-921	-584
464	-904	-605
518	-873	-596
542	-840	-653
547	-834	-580
572	-850	-522
590	-831	-461
603	-810	-418
600	-773	-336
590	-735	-271
575	-765	-257
585	-756	-268
576	-781	-140
608	-817	-101
659	-799	-80
743	-820	-32
771	-820	-10
764	-802	-10
737	-744	39
700	-744	95
681	-772	105
671	-775	184
649	-729	240
654	-712	304
659	-756	302
676	-804	214
678	-746	216
695	-760	304
678	-847	275
659	-701	287
696	-720	327
712	-722	350
745	-703	391
783	-666	414
785	-629	436
766	-583	497
751	-544	496
743	-514	502
735	-548	505
728	-561	531
724	-551	572
726	-537	591
735	-529	577
731	-477	590
732	-461	580
732	-497	572
707	-474	575
700	-473	559
695	-464	553
679	-429	548
648	-413	524
608	-385	494
596	-429	441
548	-572	366
491	-703	163
496	-773	6
478	-857	-72
496	-893	-153
519	-887	-281
470	-989	-322
436	-1016	-405
399	-1096	-392
337	-1106	-385
376	-1143	-412
344	-1132	-410
302	-1088	-372
300	-1194	-324
260	-1239	-277
305	-1116	-249
300	-1103	-205
287	-1101	-128
236	-930	52
192	-1008	12
151	-1069	-29
199	-1122	-63
152	-965	-82
104	-857	3
63	-904	6
12	-1040	-104
24	-1114	-296
76	-1127	-244
99	-1136	-132
-7	-1021	-84
-170	-1145	83
-244	-1104	259
-308	-989	352
-368	-912	543
-385	-696	735
-365	-597	808
-370	-592	796
-397	-450	840
-410	-433	913
-445	-301	984
-456	-212	969
-439	-205	940
-373	-212	990
-351	-108	857
-377	-514	764
-392	-568	641
-399	-769	369
-336	-788	255
-305	-904	-95
-272	-983	-319
-257	-1034	-407
-256	-1050	-500
-260	-866	-564
-285	-864	-680
-292	-743	-800
-317	-664	-852
-337	-541	-952
-359	-656	-853
-407	-249	-820
-376	-409	-973
-353	-319	-1002
-303	-168	-1032
-287	-132	-980
-349	-170	-935
-376	-225	-948
-400	-260	-916
-365	-346	-941
-298	-463	-967
-256	-592	-904
-176	-722	-1040
-111	-633	-996
-136	-752	-725
-164	-754	-407
-218	-889	-284
-160	-1125	-279
-263	-1021	-208
-197	-503	387
-125	-1172	143
-47	-1177	56
-234	-1176	220
-212	-440	542
-53	-1152	366
-68	-1077	136
-239	-877	368
-105	-616	476
-25	-1101	158
-167	-1269	307
-133	-589	417
-13	-1192	176
-89	-1241	57
-287	-1033	348
-202	-576	419
-23	-1444	28
-144	-1181	136
-116	-612	254
-32	-980	196
-24	-1105	112
-137	-993	-181
-277	-840	-232
-369	-928	-464
-330	-884	-648
-296	-860	-660
-304	-769	-621
-314	-653	-645
-324	-602	-727
-333	-576	-736
-368	-564	-735
-415	-535	-820
-472	-493	-800
-521	-465	-776
-477	-409	-788
-416	-360	-852
-420	-329	-897
-369	-337	-983
-351	-306	-965
-333	-306	-964
-373	-327	-980
-400	-385	-976
-408	-516	-996
-392	-557	-1000
-369	-687	-948
-300	-799	-817
-263	-888	-804
-224	-829	-577
-168	-936	-320
-129	-881	-72
-128	-816	217
-98	-826	454
-90	-698	688
-82	-632	775
-64	-562	854
-57	-541	902
-52	-564	934
-40	-504	926
-29	-525	937
-20	-552	963
-16	-584	1008
-4	-514	988
7	-517	947
-4	-505	998
-17	-473	1025
-26	-424	995
-41	-426	1008
-56	-424	1051
-66	-392	1079
-72	-397	1038
-68	-388	991
-53	-388	988
-31	-417	956
8	-416	819
46	-605	575
19	-836	560
-10	-952	515
16	-905	124
-34	-1015	-93
-40	-1058	-223
-58	-999	-404
-97	-945	-516
-165	-893	-769
-207	-808	-784
-208	-720	-744
-242	-622	-765
-324	-573	-876
-409	-495	-927
-425	-378	-1000
-375	-340	-1025
-338	-320	-1009
-277	-250	-985
-216	-189	-957
-162	-173	-964
-157	-209	-961
-244	-191	-989
-329	-274	-989
-368	-233	-976
-407	-250	-964
-407	-392	-884
-416	-464	-872
-472	-474	-832
-397	-573	-833
-351	-586	-810
-296	-706	-786
-266	-778	-781
-241	-877	-753
-197	-964	-647
-252	-1060	-509
-289	-1085	-305
-197	-1064	-153
-196	-968	120
-101	-833	494
-87	-596	752
-90	-472	950
-53	-456	966
-50	-389	935
-93	-205	905
-100	-271	911
-122	-676	1031
-140	-445	1004
-109	-463	972
-113	-305	984
-133	-393	1036
-162	-337	1041
-193	-337	1027
-220	-306	1020
-232	-268	940
-208	-184	799
-210	-282	513
-239	-829	201
-242	-1076	78
-296	-1050	-16
-336	-1325	-88
-321	-1279	-72
-290	-1232	-194
-292	-1128	-288
-312	-996	-292
-336	-1012	-266
-377	-900	-169
-441	-880	-264
-474	-897	-336
-479	-869	-407
-484	-848	-468
-477	-860	-512
-444	-820	-479
-436	-800	-453
-473	-770	-396
-452	-753	-441
-433	-703	-420
-481	-644	-452
-487	-596	-469
-497	-732	-530
-509	-714	-477
-632	-714	-450
-761	-601	-386
-741	-592	-392
-759	-592	-354
-737	-615	-352
-775	-561	-349
-743	-544	-320
-744	-536	-276
-729	-520	-273
-737	-528	-301
-778	-552	-338
-800	-562	-317
-815	-520	-273
-781	-488	-265
-776	-505	-290
-776	-543	-300
-781	-540	-272
-820	-536	-229
-820	-517	-250
-765	-516	-311
-772	-525	-312
-784	-528	-265
-794	-541	-248
-772	-544	-265
-784	-545	-261
-793	-544	-247
-791	-528	-234
-776	-509	-242
-765	-569	-247
-765	-576	-260
-808	-554	-260
-801	-546	-253
-802	-529	-232
-816	-520	-193
-812	-520	-173
-793	-544	-194
-778	-549	-232
-784	-537	-237
-780	-561	-221
-784	-561	-217
-765	-557	-221
-770	-552	-231
-797	-543	-241
-812	-538	-263
-807	-538	-250
-785	-545	-216
-749	-552	-208
-749	-568	-216
-788	-572	-225
-808	-562	-237
-799	-548	-237
-767	-544	-249
-754	-553	-247
-762	-570	-226
-776	-564	-218
-776	-561	-231
-754	-576	-245
-764	-596	-255
-786	-610	-237
-783	-583	-221
-762	-567	-212
-749	-552	-221
-729	-585	-234
-744	-599	-241
-760	-612	-242
-784	-602	-231
-776	-575	-228
-761	-583	-221
-744	-594	-232
-756	-592	-232
-752	-581	-228
-753	-580	-232
-752	-581	-245
-761	-585	-228
-764	-607	-220
-752	-613	-217
-769	-607	-217
-761	-580	-215
-749	-560	-237
-744	-568	-247
-733	-586	-240
-753	-599	-226
-756	-609	-216
-760	-616	-216
-745	-618	-217
-743	-621	-240
-746	-612	-248
-740	-609	-248
-740	-620	-268
-737	-605	-296
-722	-609	-274
-700	-652	-303
-692	-690	-362
-728	-709	-368
-737	-676	-320
-729	-680	-320
-724	-685	-333
-709	-692	-328
-671	-712	-319
-653	-692	-305
-612	-697	-292
-564	-695	-295
-544	-745	-304
-557	-776	-305
-535	-751	-285
-468	-765	-288
-420	-808	-288
-426	-863	-308
-477	-869	-287
-503	-868	-287
-541	-845	-317
-586	-794	-367
-620	-772	-341
-600	-776	-285
-562	-808	-265
-520	-824	-265
-440	-852	-287
-377	-840	-281
-333	-831	-249
-300	-893	-242
-284	-916	-248
-241	-928	-249
-194	-944	-264
-177	-993	-313
-216	-1007	-346
-292	-996	-373
-344	-1007	-464
-356	-993	-543
-332	-968	-546
-263	-848	-424
-180	-744	-247
-145	-729	-272
-100	-708	-410
-44	-744	-557
15	-904	-657
-128	-1026	-648
-224	-1041	-609
-268	-1005	-576
-289	-1040	-568
-313	-1081	-576
-232	-970	-509
-148	-860	-397
-119	-897	-429
-104	-890	-464
-36	-857	-461
83	-845	-381
151	-847	-292
207	-894	-242
267	-901	-225
319	-994	-153
344	-1080	-173
335	-1040	-281
363	-1109	-458
448	-1095	-541
243	-865	-461
152	-810	-360
198	-897	-394
297	-999	-484
271	-1010	-496
236	-957	-449
167	-912	-388
179	-848	-292
188	-829	-301
191	-900	-361
217	-916	-420
135	-840	-514
110	-1031	-514
127	-1305	-650
147	-1177	-583
100	-959	-340
95	-935	-249
140	-901	-359
147	-856	-448
127	-818	-448
175	-812	-439
216	-868	-425
284	-914	-482
284	-968	-509
281	-980	-434
273	-976	-313
275	-1061	-269
287	-1277	-400
167	-1237	-416
86	-1002	-322
104	-965	-293
107	-1015	-340
46	-991	-394
24	-943	-360
72	-890	-266
115	-840	-225
137	-833	-281
153	-882	-328
172	-989	-333
158	-1037	-354
160	-1055	-340
212	-1096	-353
223	-1076	-317
227	-1033	-256
248	-986	-225
240	-936	-226
222	-964	-296
198	-1029	-394
142	-1069	-445
134	-1004	-329
163	-929	-204
192	-908	-202
216	-961	-185
222	-1015	-213
239	-1049	-292
259	-1063	-330
263	-1044	-337
257	-1050	-322
241	-1064	-305
219	-980	-320
211	-953	-360
207	-948	-370
217	-935	-354
217	-930	-325
246	-929	-303
273	-969	-321
272	-1036	-365
236	-1064	-424
185	-973	-396
183	-933	-370
200	-951	-365
193	-961	-349
182	-989	-349
184	-1010	-360
192	-1005	-345
232	-1017	-317
262	-1000	-303
284	-969	-272
312	-943	-271
321	-925	-271
342	-936	-321
318	-1005	-351
199	-1055	-313
112	-1060	-232
92	-1012	-261
56	-976	-265
51	-1037	-269
41	-1149	-201
47	-1140	-101
87	-1021	-84
126	-930	-130
152	-889	-168
176	-904	-210
220	-981	-226
232	-1040	-244
204	-1044	-225
176	-1088	-288
158	-1202	-377
99	-1226	-412
103	-1146	-343
99	-1068	-260
115	-980	-264
126	-975	-306
140	-921	-276
172	-877	-226
200	-912	-237
206	-917	-260
225	-957	-296
201	-1009	-288
184	-984	-263
175	-945	-193
193	-964	-136
220	-1052	-164
244	-1181	-324
171	-1276	-400
59	-1162	-301
24	-1005	-202
35	-948	-193
60	-932	-159
96	-904	-130
143	-900	-92
183	-936	-74
204	-969	-80
246	-1031	-114
273	-1064	-168
295	-1073	-186
286	-1095	-196
280	-1181	-272
248	-1316	-376
179	-1301	-397
103	-1122	-330
99	-973	-281
124	-991	-320
95	-1017	-317
43	-944	-311
40	-855	-304
79	-852	-272
116	-866	-288
147	-912	-330
180	-953	-308
227	-956	-218
275	-938	-97
360	-935	-41
415	-960	-66
455	-946	-164
440	-992	-269
385	-1040	-345
307	-1035	-344
271	-1025	-296
280	-1004	-280
332	-1047	-336
369	-1103	-365
352	-1090	-333
345	-1029	-237
364	-909	-181
384	-857	-145
406	-845	-157
455	-877	-256
494	-957	-377
499	-1038	-429
460	-1197	-431
363	-1128	-308
278	-919	-237
278	-848	-269
332	-858	-352
355	-865	-388
334	-897	-400
296	-941	-368
327	-925	-364
387	-906	-353
431	-897	-400
420	-945	-324
399	-941	-237
366	-1000	-194
352	-1045	-202
348	-1049	-252
307	-1072	-232
263	-1021	-152
227	-900	-159
199	-884	-244
203	-900	-332
191	-951	-277
188	-969	-156
209	-936	-44
227	-935	0
254	-1017	-57
281	-1064	-136
295	-1073	-160
307	-1092	-177
292	-1145	-199
291	-1293	-249
255	-1314	-271
222	-1207	-248
199	-1073	-228
206	-945	-225
211	-953	-264
177	-952	-300
120	-901	-305
113	-884	-341
94	-840	-349
97	-877	-369
78	-946	-402
60	-991	-402
12	-1053	-377
-4	-1117	-392
19	-1188	-346
31	-1229	-209
12	-1201	-97
-1	-1097	-104
3	-973	-240
4	-925	-308
25	-885	-260
57	-893	-210
87	-900	-220
135	-937	-253
170	-932	-265
214	-932	-225
190	-973	-164
182	-1074	-252
116	-1188	-392
62	-1224	-349
43	-1117	-281
20	-1031	-201
-31	-938	-245
-160	-897	-273
-232	-882	-253
-281	-855	-245
-301	-881	-224
-330	-949	-241
-300	-1202	-285
-319	-1076	-89
-409	-1199	-218
-479	-1164	-133
-471	-1128	-84
-449	-860	-52
-546	-745	-100
-576	-624	-97
-569	-528	-153
-594	-466	-225
-537	-509	-328
-613	-584	-450
-730	-764	-402
-773	-1048	-268
-672	-1145	-400
-461	-994	-484
-121	-962	-711
-552	-1456	-149
-1812	-626	1279
-1109	-228	-916
-1249	-442	-905
-897	-232	-281
-551	-32	-285
-682	24	-564
-897	-292	-556
-1001	-36	-434
-909	-15	-293
-743	-58	-496
-714	-4	-576
-865	-317	-344
-983	-212	-320
-1015	-200	-558
-996	-335	-681
-1121	-345	-472
-928	-388	-265
-817	-336	-130
-1023	73	83
-1168	227	70
-983	-61	47
-825	-164	60
-765	-228	76
-764	-305	175
-844	-367	259
-909	-362	408
-960	-362	499
-1028	-242	528
-1149	-186	599
-1274	-136	479
-1192	-354	441
-968	-444	347
-856	-497	163
-856	-432	9
-754	-423	-416
-661	-452	-712
-592	-553	-729
-588	-473	-556
-698	-240	-417
-648	-116	-365
-616	-168	-392
-680	-292	-416
-714	-452	-328
-914	-445	-572
-1121	-692	-761
-927	-1117	-735
-761	-573	-753
-881	792	-493
-1281	193	-49
-1367	-788	88
-1056	-520	-244
-1104	-402	-233
-1113	71	73
-1064	124	166
-997	-122	169
-945	-580	236
-951	-1015	177
-1172	-697	248
-1396	-93	387
-1424	225	396
-1437	174	366
-1373	-536	-2048
-1329	1774	-865
-1559	415	-609
-1113	-194	-533
-897	-1165	-141
-1008	-825	142
-1064	-393	24
-948	-162	-226
-911	-146	-492
-820	-279	-445
-930	-305	-282
-880	-185	-226
-884	-25	-136
-908	-116	-57
-1036	-512	144
-1284	-128	360
-1172	-1268	1300
-592	-1138	151
-1048	822	48
-1537	563	-4
-1420	287	-97
-1440	99	105
-1265	-450	152
-1025	-749	-66
-812	-935	-151
-781	-820	-12
-904	-656	83
-1133	-561	44
-1452	-516	-20
-1681	-433	-66
-1817	-377	-100
-1860	-415	-148
-1842	-509	-184
-1700	-733	-385
-1380	-693	-649
-1063	-473	-737
-746	-232	-642
-488	-196	-426
-321	-618	-141
-109	-801	-8
72	-775	-77
265	-776	-295
420	-773	-561
508	-898	-653
494	-745	-535
508	-657	-306
568	-753	-505
652	-713	-468
655	-560	-314
705	-536	-278
839	-727	-484
803	-751	-618
807	-720	-751
755	-642	-767
671	-583	-692
624	-543	-624
620	-520	-645
592	-501	-625
551	-457	-625
552	-476	-610
575	-520	-493
547	-537	-436
566	-575	-532
630	-620	-648
683	-625	-669
704	-656	-679
684	-887	-724
591	-881	-644
542	-754	-586
495	-709	-560
451	-756	-546
444	-765	-506
492	-685	-432
548	-674	-377
599	-704	-344
628	-712	-360
664	-682	-346
691	-633	-296
758	-713	-314
812	-759	-320
888	-772	-409
895	-761	-529
816	-708	-522
713	-644	-420
711	-620	-456
691	-624	-489
620	-573	-456
599	-567	-423
646	-585	-372
700	-575	-354
723	-601	-381
704	-649	-378
728	-722	-400
750	-781	-429
752	-831	-385
782	-877	-336
728	-865	-335
598	-775	-325
560	-728	-321
595	-692	-353
611	-665	-356
639	-665	-282
700	-636	-207
748	-625	-215
771	-616	-232
780	-605	-215
846	-653	-262
899	-727	-319
927	-749	-340
943	-802	-394
876	-740	-401
782	-680	-320
783	-656	-359
777	-653	-421
704	-608	-344
716	-564	-226
737	-633	-160
744	-616	-216
740	-613	-279
691	-650	-296
675	-655	-272
695	-769	-277
715	-865	-212
803	-884	-217
766	-893	-213
668	-863	-164
623	-781	-191
624	-756	-250
643	-730	-233
654	-676	-160
687	-669	-106
707	-653	-128
736	-663	-154
771	-653	-120
835	-704	-117
875	-784	-165
902	-820	-210
944	-812	-308
920	-762	-345
814	-672	-281
799	-621	-345
743	-605	-408
652	-569	-333
611	-576	-296
639	-605	-287
681	-628	-306
684	-660	-336
696	-732	-360
771	-793	-400
806	-809	-407
807	-836	-368
745	-917	-353
646	-877	-309
548	-788	-257
531	-788	-281
521	-740	-327
519	-705	-301
555	-700	-234
607	-685	-232
678	-714	-273
723	-740	-260
750	-753	-217
799	-805	-223
798	-800	-264
780	-773	-301
839	-748	-375
847	-753	-497
771	-717	-496
736	-656	-500
711	-695	-537
609	-608	-528
547	-580	-493
559	-569	-482
576	-564	-477
588	-537	-497
566	-528	-528
536	-557	-548
569	-712	-584
611	-832	-578
721	-1063	-648
728	-1289	-580
609	-1217	-434
529	-1197	-433
495	-1009	-449
440	-777	-424
370	-569	-410
339	-365	-295
352	-212	-220
379	-103	-186
367	-225	-316
367	-570	-442
433	-1082	-461
865	-1764	-474
1591	-2048	-669
1443	-1674	-714
995	-1167	-791
615	-799	-897
425	-508	-900
380	-329	-759
336	-225	-592
304	-200	-452
284	-202	-322
263	-269	-281
284	-340	-269
238	-424	-324
211	-1021	-402
201	-1184	-272
200	-1856	-260
300	-1909	-330
215	-1727	-490
195	-1600	-429
156	-1535	-416
73	-1367	-525
63	-1073	-692
223	-1263	-989
257	-964	-592
408	-472	-193
675	-305	-172
836	-20	-226
905	248	-205
830	175	31
815	-36	99
935	-74	-61
1043	-137	-13
1087	-306	159
1055	-376	166
1017	-519	-13
895	-692	-200
736	-836	-232
601	-698	-248
526	-711	-289
424	-680	-317
305	-653	-368
243	-712	-343
360	-1213	-397
440	-1412	-345
440	-1591	-409
470	-1624	-544
423	-1442	-544
369	-1071	-565
355	-820	-616
352	-730	-639
270	-792	-522
222	-772	-337
345	-657	-392
588	-660	-457
795	-561	-461
944	-400	-440
1044	-188	-394
1084	-49	-408
1047	15	-392
1112	-61	-432
1144	-130	-457
1100	-100	-461
1004	-176	-396
916	-249	-416
831	-297	-440
672	-297	-314
583	-528	-172
630	-464	-48
671	-594	-297
732	-904	-305
758	-994	-153
743	-1010	-89
727	-993	-2
732	-904	54
831	-936	-85
816	-973	-184
647	-845	-56
542	-749	-49
555	-764	-157
577	-626	-165
663	-601	-132
796	-618	-109
878	-561	-61
899	-586	-45
920	-633	-84
963	-573	-125
1030	-561	-180
1048	-516	-193
1075	-509	-241
1111	-516	-351
1047	-424	-416
975	-354	-463
929	-436	-497
799	-490	-424
643	-393	-288
624	-380	-232
684	-412	-239
743	-489	-221
768	-391	-289
668	-257	-489
587	-656	-580
582	-1129	-369
681	-1293	-330
783	-1373	-541
708	-1375	-380
529	-1140	-260
435	-887	-385
408	-713	-444
432	-601	-388
521	-612	-345
632	-632	-276
704	-580	-290
806	-633	-288
913	-505	-264
1076	-394	-345
1143	-410	-365
1043	-421	-314
1032	-441	-409
1007	-376	-468
923	-349	-424
860	-433	-397
783	-453	-365
696	-458	-281
691	-509	-161
710	-394	-105
743	-612	-223
796	-689	-210
824	-580	-231
903	-829	-289
880	-807	-193
868	-861	-173
871	-1047	-225
739	-985	-210
595	-874	-119
508	-785	-103
492	-696	-140
566	-642	-144
662	-561	-136
753	-533	-154
815	-562	-200
860	-609	-180
959	-585	-186
1051	-653	-232
1075	-705	-317
1022	-631	-281
1038	-743	624
-356	-756	956
-250	-681	643
-303	831	-730
-589	-233	-241
654	835	-676
-493	-160	-330
687	839	-669
-535	-106	-448
707	780	-653
-514	-128	736
-365	-663	743
-154	771	-653
-464	-120	-207
835	743	-704
-504	-117	875
-127	-784	732
-165	902	-820
-210	944	-812
-308	920	-762
-345	814	-672
-281	799	-621
-345	743	-605
-408	652	-569
-505	-333	-194
700	-625	-212
688	-616	-141
611	705	-576
-296	639	-605
-287	681	-628
-306	684	-765
-76	764	-868
-40	808	-660
-879	-336	-34
696	854	-732
-921	-360	0
771	867	-793
-928	-400	-40
806	780	-809
-853	-407	-93
663	-805	-68
625	-797	-103
624	-705	807
-151	633	-665
-89	675	-639
-52	723	-575
-72	758	-560
-95	824	-561
-122	911	-538
-104	1011	-577
-141	1048	-620
-202	1038	-616
-232	1023	-661
-385	966	-629
-445	859	-548
-361	838	-569
-369	847	-596
-449	759	-589
-383	673	-584
-237	675	-596
-189	723	-569
-218	752	-576
-250	736	-615
-228	712	-668
-221	743	-724
-225	768	-794
-228	822	-833
-221	864	-872
-281	760	-836
-368	745	-917
-353	646	-877
-309	548	-788
-257	531	-788
-281	521	-740
-327	519	-705
-301	555	-700
-234	607	-685
-232	678	-714
-273	723	-740
-260	750	-753
-217	799	-805
-223	798	-800
-264	780	-773
-301	839	-748
-375	847	-753
-497	771	-717
-496	736	-656
-500	711	-695
-537	609	-608
-528	547	-580
-493	559	-569
-482	576	-564
-477	588	-537
-497	566	-528
-528	536	-557
-548	569	-712
-584	611	-832
-578	721	-1063
-648	728	-1289
-580	609	-1217
-434	529	-1197
-433	495	-1009
-449	440	-777
-424	370	-569
-410	339	-365
-295	352	-888
-264	646	-852
-228	600	-825
-253	583	-784
-322	591	-724
-281	615	-677
-181	665	-656
-173	696	-658
-196	739	-660
-178	803	-625
-141	888	-634
-189	934	-624
-225	937	-740
-241	952	-793
-340	940	-709
-385	847	-684
-329	769	-626
-317	755	-609
-414	696	-599
-426	585	-586
-320	575	-644
-228	617	-714
-210	700	-708
-301	700	-600
-324	670	-669
-370	673	-818
-391	687	-818
-428	700	-836
-449	766	-920
-576	713	-996
-576	568	-935
-392	519	-848
-353	519	-706
-401	547	-669
-351	599	-665
-296	679	-647
-333	716	-653
-360	731	-628
-305	716	-498
-193	768	-761
-232	774	-730
-279	820	-676
-382	827	-741
-458	752	-737
-400	-212	-220
379	-103	-186
367	-225	-316
367	-570	-442
433	-1082	-461
865	-1764	-474
1591	-2048	-669
1443	-1674	-714
995	-1167	-791
615	-799	-897
425	-508	-900
380	-329	-759
336	-225	-592
304	-200	-452
284	-202	-322
263	-269	-281
284	-340	-269
238	719	-424
-324	-757	-281
711	-752	-305
696	-671	-333
211	719	-644
-322	718	-685
-1021	-402	201
-1184	-272	200
-1856	-260	300
-1909	-330	215
-1727	-490	195
-1600	-429	156
-1535	-416	73
-1367	-525	63
-1073	-692	223
-1263	-989	257
-964	-592	408
-472	-193	675
-305	-172	836
-20	-226	905
248	-205	830
175	31	815
-36	99	935
-74	-61	1043
-137	-13	1087
-306	159	1055
-376	166	1017
-519	-13	895
-692	-200	736
-836	-341	675
-716	-343	646
-695	-325	663
-727	-328	695
-727	-365	748
-753	-401	753
-749	-420	783
-762	-388	823
-717	-349	798
-704	-281	731
-692	-212	716
-701	-247	708
-677	-301	655
-669	-288	647
-688	-241	720
-232	-720	-212
601	-698	-248
526	-711	767
-289	424	-680
-317	305	-653
-368	243	-712
-343	360	-1213
-397	440	-1412
-345	440	-1591
-409	470	-1624
-544	423	-1442
-544	369	-1071
-565	355	-820
-616	352	-730
-639	270	-792
-522	222	-772
-772	-212	-337
755	-804	-196
740	-788	-193
723	-761	-202
700	-751	-194
696	-738	-200
691	-740	-192
688	-724	-180
697	-725	-165
712	-729	-167
739	-765	-186
753	-748	-193
748	-738	-215
743	-759	-234
744	-749	-258
345	-657	-392
588	-660	-457
795	-561	-461
944	-400	-440
1044	-188	-394
1084	-49	-408
1047	15	-392
1112	-61	-432
4095	4095	4095
3481	1679	85
