Activity Name: tooth/
UserID: 6315
StartTime: 0
x	y	z
-303	-1033	-202
-290	-1049	-193
-274	-1066	-199
-249	-1104	-191
-228	-1132	-193
-225	-1154	-173
-212	-1210	-138
-181	-1199	-104
-153	-1152	-60
-121	-1144	-32
-88	-1137	-16
-71	-1073	6
-37	-1007	-34
-1	-928	-7
36	-885	-5
56	-909	-25
71	-930	-7
40	-991	-2
48	-1048	79
62	-1090	167
39	-975	163
33	-1012	112
51	-1114	91
72	-1121	136
92	-1209	88
103	-1183	59
79	-1165	-74
65	-1037	-89
40	-804	-98
63	-868	-160
160	-1033	-244
307	-1140	-340
396	-1055	-320
447	-1021	-180
435	-1172	-25
376	-1144	-50
208	-1101	7
99	-1005	8
44	-832	71
19	-905	196
12	-1133	316
38	-1167	284
78	-1074	92
185	-1082	-168
312	-1073	-280
391	-975	-272
430	-983	-120
415	-1052	83
323	-1041	111
166	-1104	-52
41	-1056	-157
-68	-935	-146
-153	-1004	-84
-112	-1125	-92
-23	-1124	-153
51	-1113	-144
78	-1127	-100
48	-1047	-98
35	-1073	-173
27	-1079	-247
-29	-996	-258
-31	-954	-264
71	-1033	-264
94	-991	-281
63	-1005	-353
28	-1053	-377
56	-1116	-341
31	-1049	-317
-4	-1037	-316
12	-1004	-362
35	-993	-386
62	-1039	-420
70	-1063	-420
15	-1009	-409
4	-961	-409
38	-1033	-416
14	-988	-423
-8	-986	-439
-1	-1017	-448
-23	-980	-433
-31	-957	-429
19	-1001	-449
23	-1005	-456
-7	-999	-464
-16	-997	-466
-1	-994	-472
8	-994	-465
-7	-969	-473
-8	-961	-469
7	-985	-477
12	-1005	-484
-2	-1004	-477
-16	-993	-490
-20	-973	-497
-13	-969	-495
-12	-969	-488
-10	-968	-488
-8	-961	-496
-10	-960	-497
-20	-968	-496
-17	-961	-493
-13	-968	-496
-18	-967	-490
-16	-962	-488
-20	-968	-497
-26	-973	-503
-13	-968	-490
-2	-973	-484
-2	-965	-490
-8	-959	-485
-13	-959	-490
-16	-968	-505
-16	-964	-520
-13	-959	-504
-8	-959	-497
-8	-957	-500
-8	-961	-505
-15	-965	-500
-16	-945	-505
-25	-936	-509
-25	-943	-500
-21	-964	-506
-23	-992	-528
-26	-969	-532
-13	-972	-533
-4	-948	-543
8	-951	-541
8	-993	-544
-29	-1001	-537
-40	-1009	-528
-28	-1037	-514
-24	-1021	-479
-26	-1012	-437
-32	-1056	-432
-18	-1081	-452
-29	-1103	-429
-55	-1085	-328
-61	-1073	-255
-53	-1064	-221
-55	-1077	-184
-66	-1133	-108
-130	-1096	-34
-132	-1001	22
24	-965	-76
179	-912	-116
220	-925	-61
124	-953	39
32	-964	94
25	-1032	92
46	-1092	118
63	-1092	134
80	-1064	103
103	-1058	79
110	-1039	86
102	-1044	88
96	-1041	99
168	-1060	83
223	-1072	40
220	-1060	48
204	-1025	62
211	-996	80
272	-1012	80
335	-1048	83
327	-1121	88
227	-1103	87
163	-976	104
196	-978	152
284	-1032	129
334	-1053	89
299	-1049	76
227	-1032	73
172	-1018	112
222	-985	207
319	-1090	243
377	-1113	191
372	-1025	143
348	-961	108
319	-945	76
344	-880	67
432	-845	76
508	-885	76
511	-964	95
415	-1072	137
275	-1111	186
185	-928	231
241	-913	248
343	-1105	195
340	-1119	160
259	-1044	176
167	-991	216
135	-903	199
231	-953	176
347	-1154	172
368	-1175	204
291	-1076	240
255	-973	228
265	-921	207
319	-877	164
415	-960	127
455	-1028	112
403	-1025	135
356	-985	140
320	-921	147
327	-817	151
403	-884	166
438	-1026	191
371	-1088	239
320	-1098	319
254	-1041	408
319	-957	441
536	-1183	520
766	-1457	556
912	-1479	572
929	-1468	415
816	-1116	275
812	-866	223
864	-496	92
831	-264	-53
467	-217	124
112	-108	391
43	-313	588
99	-413	639
251	-266	619
432	-160	531
566	-185	476
587	-178	495
632	-173	537
632	-159	679
524	-41	825
579	144	608
728	334	700
975	620	695
1313	339	536
1160	-244	559
1030	-772	391
801	-733	688
824	-420	688
726	-192	590
568	-285	647
371	-349	608
334	-377	704
419	-215	664
679	-47	569
814	-34	670
830	-122	711
828	-333	614
761	-463	732
672	-509	688
648	-402	644
672	-186	620
739	-113	624
721	-113	783
711	-255	751
694	-423	651
673	-453	662
679	-268	612
764	-100	539
719	-160	608
696	-329	753
646	-444	764
696	-389	675
742	-298	548
811	-228	487
844	-114	560
771	-153	628
724	-228	643
652	-404	743
639	-381	691
633	-372	609
664	-121	604
592	-57	476
799	-141	607
723	-218	704
785	-287	615
828	-265	543
833	-95	460
988	-45	380
1087	-95	311
1043	-141	324
847	-248	385
680	-373	591
702	-439	691
858	-257	575
984	-119	430
943	-212	403
812	-296	528
719	-401	670
713	-340	735
785	-183	617
824	-49	632
835	-17	568
720	-69	688
681	-217	716
622	-265	675
593	-170	801
649	-97	728
716	67	723
726	87	787
679	-87	727
617	-92	696
495	56	688
515	408	572
467	478	248
528	852	121
552	857	111
527	840	152
449	769	124
350	849	-5
286	953	-125
287	895	-164
296	807	-162
319	819	-74
403	879	-49
504	931	3
742	737	71
1091	624	212
1441	300	387
1359	-25	355
1209	-500	352
899	-724	428
657	-757	566
534	-656	687
368	-509	646
479	-314	728
577	-524	760
483	-720	716
371	-751	614
227	-834	524
35	-858	563
-177	-573	743
-137	-498	836
12	-456	684
57	-436	639
-26	-287	846
-95	-168	920
1	-151	783
63	193	742
92	343	801
135	347	695
71	753	719
-146	814	775
-324	1167	924
-337	1095	903
-209	985	839
-146	687	745
-177	606	692
-261	707	739
-304	723	736
-345	632	732
-263	551	734
-306	655	734
-285	723	766
-265	556	795
-218	611	824
-191	601	838
-191	624	814
-269	652	819
-272	630	827
-260	484	787
-288	425	775
-125	492	832
-136	624	844
-112	588	769
-113	489	675
-98	519	692
19	668	668
20	790	713
39	742	671
255	751	516
257	1169	769
56	1084	913
31	831	728
67	839	647
-13	668	649
-137	630	560
-201	803	604
-240	743	736
-225	623	771
-189	635	739
-221	691	680
-333	574	679
-317	496	707
-141	502	732
-368	622	881
-242	552	736
-194	529	560
-160	623	448
-8	824	167
103	747	223
321	508	120
655	444	8
862	481	12
911	262	172
948	-159	180
731	-660	35
608	-989	-92
577	-1192	-350
518	-1354	-328
496	-1324	-276
476	-1313	-332
465	-1213	-461
572	-1232	-618
535	-1282	-621
435	-1017	-586
291	-980	-610
271	-906	-561
231	-704	-457
135	-824	-626
159	-945	-317
204	-1121	-390
183	-1224	-436
112	-1031	-408
55	-972	-407
55	-905	-385
140	-937	-352
268	-1096	-385
334	-1017	-472
355	-932	-497
295	-897	-449
231	-879	-424
268	-916	-429
377	-968	-469
387	-951	-488
299	-953	-441
196	-946	-409
191	-909	-415
276	-897	-436
419	-1002	-485
439	-1013	-489
335	-936	-439
243	-912	-400
184	-909	-405
230	-924	-415
332	-928	-420
431	-978	-479
400	-980	-498
275	-945	-437
184	-957	-416
161	-946	-415
240	-906	-413
387	-957	-458
440	-993	-503
351	-961	-452
240	-976	-397
152	-932	-383
142	-889	-389
224	-919	-397
364	-1021	-464
395	-1017	-484
280	-957	-404
195	-957	-375
176	-973	-417
172	-935	-394
263	-960	-389
399	-1023	-464
368	-985	-456
248	-964	-410
182	-993	-413
152	-933	-394
184	-901	-368
313	-1004	-417
352	-994	-442
292	-957	-408
227	-967	-385
211	-953	-407
233	-940	-409
295	-968	-413
328	-975	-429
279	-973	-417
211	-976	-397
167	-962	-405
192	-881	-385
313	-945	-424
415	-1034	-493
360	-977	-455
216	-929	-391
151	-964	-391
182	-957	-404
262	-909	-416
371	-953	-449
423	-1023	-509
335	-993	-489
169	-944	-433
86	-928	-404
127	-949	-400
263	-957	-426
379	-985	-481
369	-961	-500
255	-973	-456
148	-977	-420
105	-916	-394
211	-909	-424
352	-945	-465
399	-984	-520
302	-992	-484
176	-988	-420
115	-951	-404
144	-921	-424
232	-919	-439
358	-986	-493
374	-993	-527
262	-930	-453
159	-916	-405
144	-928	-418
216	-968	-471
312	-957	-504
382	-961	-537
334	-953	-504
209	-904	-436
112	-889	-426
123	-921	-441
211	-945	-464
340	-961	-527
387	-945	-541
290	-873	-477
204	-912	-461
177	-985	-528
203	-976	-548
287	-967	-545
350	-996	-568
304	-933	-522
216	-897	-463
166	-903	-450
164	-914	-469
214	-892	-489
318	-938	-536
351	-999	-553
272	-951	-473
200	-930	-433
166	-943	-461
158	-928	-482
236	-945	-461
342	-976	-488
364	-976	-505
268	-928	-441
169	-936	-381
145	-952	-416
209	-936	-442
321	-957	-468
371	-1015	-497
302	-985	-461
208	-945	-396
159	-944	-392
171	-945	-423
243	-938	-434
344	-961	-464
383	-1025	-482
296	-986	-433
214	-932	-392
161	-898	-365
188	-925	-404
262	-935	-426
343	-980	-457
364	-1037	-473
278	-994	-424
187	-957	-359
159	-933	-353
216	-915	-404
321	-935	-436
392	-996	-461
366	-1031	-458
236	-973	-394
143	-920	-336
182	-953	-369
275	-948	-420
360	-951	-445
396	-991	-460
323	-1005	-434
217	-988	-391
171	-952	-361
201	-937	-397
288	-925	-409
375	-967	-437
393	-1010	-473
278	-976	-433
176	-945	-370
159	-941	-368
227	-927	-385
348	-961	-421
419	-1023	-463
358	-993	-456
238	-953	-393
167	-968	-375
201	-927	-365
318	-968	-393
387	-1009	-424
339	-976	-420
235	-936	-356
184	-960	-349
216	-961	-369
315	-997	-400
376	-1005	-418
334	-960	-400
254	-949	-381
184	-940	-360
171	-928	-365
248	-957	-385
368	-1005	-433
396	-1012	-449
294	-957	-400
212	-945	-349
184	-946	-378
222	-945	-400
307	-968	-417
377	-1025	-458
318	-985	-436
216	-948	-378
184	-962	-357
177	-957	-385
207	-941	-412
304	-980	-437
388	-1028	-468
329	-976	-426
244	-951	-388
200	-945	-369
191	-936	-392
235	-957	-402
323	-975	-428
363	-1012	-461
307	-1009	-439
243	-993	-394
184	-983	-377
159	-925	-369
207	-897	-365
321	-977	-391
383	-1039	-441
294	-993	-408
163	-968	-354
123	-961	-345
188	-967	-370
275	-1015	-391
310	-1037	-399
284	-1000	-400
216	-973	-375
159	-976	-361
156	-936	-360
239	-975	-388
316	-1064	-420
287	-1023	-400
208	-983	-362
166	-970	-341
175	-953	-341
247	-952	-367
328	-992	-404
348	-1010	-413
264	-985	-378
147	-921	-336
136	-887	-322
240	-937	-361
374	-1040	-413
399	-1057	-436
313	-994	-397
199	-977	-356
126	-945	-317
183	-933	-336
319	-964	-400
408	-1000	-456
393	-1008	-447
286	-976	-391
216	-961	-349
199	-935	-353
247	-932	-377
335	-938	-409
411	-965	-436
408	-1002	-441
316	-1002	-413
227	-957	-362
207	-932	-372
225	-921	-367
263	-930	-377
344	-1015	-449
377	-1032	-481
327	-994	-466
263	-961	-429
225	-909	-377
232	-905	-356
289	-961	-392
329	-1012	-397
339	-1017	-401
312	-973	-385
279	-921	-356
265	-928	-343
271	-944	-338
319	-968	-367
371	-976	-396
368	-953	-388
342	-948	-376
327	-953	-369
319	-945	-386
307	-960	-392
297	-961	-377
331	-951	-386
359	-980	-402
337	-999	-402
280	-1001	-378
232	-964	-332
244	-932	-328
291	-935	-369
340	-957	-404
347	-994	-409
303	-1016	-372
284	-993	-313
287	-961	-322
268	-932	-372
264	-921	-397
302	-999	-377
318	-1066	-377
276	-1037	-340
236	-954	-296
241	-914	-354
252	-881	-380
303	-978	-392
296	-1064	-376
263	-1047	-352
241	-965	-301
275	-946	-354
287	-938	-404
307	-946	-409
310	-1012	-407
265	-1036	-385
230	-1000	-330
231	-975	-338
249	-917	-388
281	-921	-416
312	-1017	-417
275	-1053	-392
230	-1017	-345
222	-961	-328
251	-948	-385
279	-921	-402
304	-1002	-415
270	-1053	-397
211	-1021	-360
195	-973	-313
241	-970	-352
270	-953	-404
278	-957	-402
252	-1021	-376
228	-1040	-354
211	-1008	-317
246	-961	-336
279	-937	-392
260	-920	-392
248	-996	-377
231	-1045	-352
232	-1026	-336
236	-980	-322
273	-953	-378
263	-936	-385
249	-944	-381
275	-993	-380
291	-1061	-381
265	-1021	-340
255	-964	-360
271	-968	-394
275	-935	-397
316	-985	-404
307	-1020	-392
272	-1001	-360
255	-948	-335
295	-959	-392
313	-954	-410
327	-989	-424
319	-1021	-402
271	-1004	-359
243	-964	-320
271	-952	-353
289	-936	-389
304	-946	-402
304	-1007	-402
275	-1033	-386
221	-984	-317
236	-946	-316
275	-962	-372
287	-977	-404
248	-1021	-394
192	-1004	-345
156	-961	-293
176	-953	-296
209	-999	-343
207	-994	-346
184	-1028	-344
144	-1044	-312
121	-1048	-280
135	-1042	-273
192	-1056	-322
216	-1028	-348
212	-996	-345
192	-1032	-329
158	-1025	-317
135	-1005	-297
164	-1009	-313
188	-1028	-346
155	-991	-328
152	-1040	-344
153	-1073	-360
113	-1028	-305
103	-984	-237
172	-1010	-313
163	-999	-325
131	-1032	-300
134	-1069	-305
140	-1064	-289
135	-985	-247
167	-973	-272
160	-973	-300
152	-1013	-298
136	-1096	-296
134	-1079	-271
167	-1032	-260
199	-978	-285
203	-993	-308
161	-1037	-305
115	-1053	-289
115	-1060	-282
140	-1020	-280
167	-985	-295
161	-1017	-328
103	-1009	-324
63	-1071	-330
43	-1128	-305
51	-1088	-285
88	-992	-284
134	-937	-305
147	-954	-320
159	-1032	-322
179	-1108	-333
176	-1120	-312
177	-1066	-292
198	-985	-285
208	-980	-309
196	-976	-313
223	-1034	-349
236	-1069	-345
209	-1012	-313
200	-956	-298
223	-975	-356
206	-993	-386
171	-978	-360
180	-1017	-365
195	-1009	-344
211	-948	-320
249	-941	-335
267	-949	-388
230	-952	-404
207	-1012	-418
198	-1000	-378
235	-1016	-362
284	-993	-377
259	-981	-365
231	-946	-376
235	-944	-391
246	-1017	-397
262	-1042	-394
252	-1008	-365
259	-954	-341
303	-960	-380
336	-948	-413
335	-976	-416
305	-1004	-408
260	-968	-360
264	-954	-353
302	-945	-407
305	-952	-447
259	-986	-441
240	-1012	-429
227	-968	-385
246	-912	-356
308	-968	-410
311	-972	-449
280	-984	-452
263	-1000	-426
259	-993	-397
263	-937	-388
284	-930	-404
295	-959	-442
287	-964	-439
265	-1002	-429
252	-1000	-397
259	-961	-386
295	-921	-381
321	-916	-426
297	-924	-424
268	-973	-397
286	-1031	-381
295	-986	-376
289	-909	-365
329	-930	-402
326	-959	-404
287	-948	-401
280	-993	-401
288	-1018	-400
297	-962	-369
315	-925	-369
345	-945	-416
305	-946	-420
263	-977	-416
284	-1025	-409
280	-973	-375
278	-904	-352
321	-948	-396
336	-973	-433
289	-945	-407
283	-1000	-402
279	-1017	-396
270	-965	-365
268	-909	-346
312	-937	-401
308	-968	-417
294	-1007	-413
295	-1008	-396
283	-961	-369
287	-976	-377
287	-949	-385
255	-957	-409
215	-991	-372
236	-993	-345
276	-959	-332
329	-968	-343
340	-962	-357
316	-985	-397
263	-944	-388
248	-980	-385
249	-1016	-380
243	-989	-351
289	-933	-345
345	-925	-400
334	-941	-420
280	-976	-405
255	-1001	-388
271	-985	-375
313	-948	-356
358	-932	-385
358	-953	-433
278	-953	-405
222	-962	-389
271	-1049	-413
297	-1005	-392
291	-890	-359
315	-921	-399
287	-936	-405
263	-951	-381
304	-1044	-417
292	-1028	-381
299	-930	-361
355	-912	-413
332	-920	-424
271	-924	-381
295	-1005	-396
323	-1029	-423
307	-953	-369
310	-936	-353
303	-956	-397
243	-930	-402
223	-953	-397
259	-1028	-397
286	-1021	-405
295	-993	-436
299	-984	-441
275	-940	-393
275	-908	-369
302	-932	-394
273	-932	-400
247	-930	-409
294	-1009	-429
326	-1053	-440
275	-976	-404
206	-936	-392
187	-920	-392
232	-909	-400
323	-1015	-441
332	-1020	-445
254	-961	-424
199	-962	-424
199	-928	-404
262	-940	-409
320	-1010	-447
287	-989	-420
216	-949	-388
172	-940	-405
172	-925	-418
236	-940	-442
276	-948	-448
251	-924	-456
207	-920	-455
152	-874	-457
156	-840	-488
254	-889	-569
376	-1009	-657
382	-985	-665
281	-861	-613
191	-829	-594
163	-837	-624
184	-837	-680
282	-936	-743
320	-925	-749
236	-815	-639
167	-754	-583
169	-817	-640
220	-808	-664
305	-832	-712
332	-840	-717
286	-813	-703
207	-809	-660
131	-823	-684
129	-825	-692
217	-801	-712
329	-836	-767
323	-821	-740
216	-800	-672
126	-784	-665
139	-817	-729
222	-809	-772
329	-858	-797
335	-802	-753
223	-745	-682
150	-780	-658
163	-791	-690
231	-765	-745
327	-808	-788
340	-858	-772
232	-772	-676
147	-720	-613
176	-800	-676
241	-844	-733
300	-800	-737
352	-826	-749
319	-794	-712
207	-791	-660
124	-799	-626
166	-810	-690
278	-799	-738
366	-833	-769
355	-836	-745
231	-778	-670
156	-784	-628
167	-807	-679
231	-808	-727
316	-807	-736
359	-855	-744
271	-794	-689
167	-804	-626
140	-799	-626
199	-815	-712
276	-794	-736
363	-836	-737
352	-833	-701
236	-823	-660
144	-809	-609
148	-777	-632
247	-823	-708
335	-834	-733
376	-857	-737
288	-804	-680
183	-793	-625
131	-784	-620
195	-820	-687
292	-832	-744
361	-860	-764
316	-817	-714
216	-756	-653
163	-797	-642
168	-813	-655
227	-829	-703
280	-805	-724
350	-841	-764
327	-836	-722
195	-793	-664
120	-815	-621
135	-804	-652
223	-800	-714
295	-794	-736
359	-856	-770
303	-831	-717
156	-792	-648
83	-773	-612
155	-817	-672
247	-812	-738
318	-825	-776
344	-864	-773
240	-817	-708
131	-801	-653
103	-800	-633
175	-804	-717
265	-791	-772
321	-852	-781
287	-845	-737
164	-799	-641
79	-751	-592
131	-793	-684
227	-829	-761
296	-836	-770
303	-841	-744
215	-793	-684
118	-783	-637
127	-807	-672
191	-821	-741
252	-799	-776
304	-829	-769
284	-817	-725
187	-800	-696
96	-776	-657
131	-801	-685
225	-809	-753
280	-784	-773
307	-837	-764
255	-818	-716
167	-793	-685
99	-761	-645
152	-808	-704
225	-804	-745
288	-810	-759
307	-840	-746
235	-813	-701
153	-815	-697
87	-762	-657
151	-805	-701
232	-812	-744
296	-813	-772
327	-864	-761
216	-793	-704
111	-784	-672
83	-783	-656
159	-816	-711
248	-797	-751
326	-836	-783
291	-816	-744
172	-788	-689
91	-804	-656
104	-808	-672
179	-807	-736
262	-797	-765
320	-842	-780
238	-807	-720
120	-788	-656
95	-802	-649
167	-825	-733
209	-769	-753
275	-808	-769
291	-850	-761
188	-804	-697
79	-784	-644
80	-786	-676
164	-820	-752
228	-810	-759
297	-836	-765
278	-832	-735
147	-809	-680
64	-769	-631
118	-797	-705
204	-807	-769
268	-813	-765
305	-847	-761
225	-789	-706
142	-777	-685
112	-801	-676
155	-821	-729
208	-809	-772
268	-801	-777
295	-825	-760
211	-797	-705
129	-793	-665
124	-781	-672
191	-808	-733
215	-769	-744
280	-804	-745
294	-836	-724
204	-808	-698
119	-812	-660
102	-799	-665
176	-793	-740
255	-776	-753
335	-865	-778
280	-844	-728
158	-813	-680
79	-783	-625
119	-793	-685
216	-802	-746
286	-809	-753
289	-850	-736
225	-845	-705
137	-818	-669
91	-756	-647
147	-813	-698
232	-817	-744
312	-840	-769
304	-839	-732
199	-809	-689
120	-808	-657
111	-781	-676
176	-813	-724
231	-821	-730
311	-868	-760
267	-825	-713
158	-801	-672
112	-817	-657
137	-825	-697
188	-804	-716
271	-841	-735
286	-823	-712
184	-797	-676
99	-807	-642
104	-828	-666
188	-808	-712
291	-850	-749
307	-848	-738
216	-781	-687
135	-815	-666
91	-824	-647
150	-820	-697
222	-792	-749
295	-831	-761
303	-865	-753
195	-800	-690
103	-800	-652
86	-818	-660
147	-825	-720
217	-776	-733
310	-826	-772
295	-849	-733
172	-809	-679
83	-805	-640
103	-807	-674
177	-817	-724
254	-840	-756
302	-857	-756
240	-825	-722
131	-789	-672
83	-787	-660
131	-791	-697
211	-848	-732
241	-857	-722
168	-800	-697
80	-780	-664
92	-834	-685
167	-840	-730
240	-840	-749
255	-848	-749
201	-808	-721
99	-794	-679
48	-815	-672
96	-836	-704
195	-820	-740
275	-836	-776
241	-808	-748
134	-776	-685
72	-817	-653
83	-845	-705
134	-828	-756
192	-804	-759
243	-837	-772
220	-801	-728
148	-784	-684
90	-794	-677
113	-834	-740
152	-793	-743
212	-793	-756
278	-841	-765
214	-808	-719
119	-818	-689
60	-780	-650
131	-808	-716
224	-800	-760
275	-805	-770
272	-839	-746
187	-799	-701
92	-785	-674
79	-784	-669
159	-812	-737
238	-800	-775
310	-840	-792
276	-814	-753
143	-762	-692
79	-799	-656
111	-813	-705
192	-799	-770
252	-784	-788
273	-829	-775
198	-793	-714
115	-793	-687
86	-793	-676
131	-813	-737
161	-775	-751
248	-793	-772
323	-852	-802
227	-777	-740
103	-765	-689
44	-776	-661
95	-789	-713
179	-788	-762
260	-793	-791
316	-831	-801
247	-808	-764
110	-793	-719
36	-775	-660
96	-791	-720
191	-813	-775
252	-820	-778
278	-817	-769
224	-799	-748
174	-823	-729
143	-842	-724
119	-800	-704
140	-762	-692
188	-793	-704
207	-826	-695
200	-857	-665
191	-860	-669
199	-831	-676
222	-818	-680
198	-800	-657
183	-850	-628
195	-893	-625
219	-865	-680
220	-799	-690
239	-840	-698
233	-882	-663
176	-847	-613
184	-836	-609
207	-832	-676
211	-797	-680
236	-844	-673
236	-887	-665
206	-868	-636
174	-825	-609
199	-842	-669
208	-834	-687
211	-852	-689
233	-884	-687
204	-856	-656
174	-840	-620
179	-831	-663
192	-832	-704
199	-829	-687
243	-884	-698
207	-850	-664
168	-848	-629
177	-820	-644
198	-837	-706
192	-815	-697
199	-845	-679
220	-881	-672
198	-872	-653
159	-804	-624
195	-832	-676
211	-833	-704
216	-826	-682
228	-877	-676
216	-890	-664
166	-836	-621
179	-804	-653
217	-829	-701
201	-821	-681
222	-888	-688
219	-873	-669
187	-839	-633
184	-820	-645
211	-856	-704
176	-817	-672
203	-852	-671
241	-882	-687
215	-856	-655
167	-825	-610
191	-866	-685
179	-828	-696
177	-813	-672
231	-895	-685
220	-874	-661
175	-833	-609
167	-842	-637
190	-866	-688
179	-808	-676
239	-866	-689
235	-877	-663
172	-850	-612
147	-842	-616
191	-861	-705
179	-808	-685
207	-863	-688
224	-880	-666
199	-857	-628
160	-808	-621
192	-861	-698
184	-826	-696
184	-825	-671
206	-877	-672
207	-874	-676
158	-808	-609
167	-839	-660
191	-842	-709
183	-824	-689
192	-877	-665
211	-889	-674
175	-820	-636
163	-808	-632
212	-882	-698
203	-825	-690
215	-840	-684
224	-880	-672
199	-868	-649
159	-808	-610
211	-857	-687
201	-836	-705
184	-825	-669
216	-879	-665
215	-877	-672
183	-840	-633
177	-817	-653
200	-853	-706
167	-821	-672
195	-873	-669
216	-884	-666
183	-853	-639
167	-829	-642
201	-868	-714
168	-808	-673
183	-858	-665
211	-897	-672
190	-845	-656
152	-808	-609
180	-864	-676
188	-857	-695
179	-821	-679
216	-880	-685
211	-868	-672
172	-836	-632
152	-816	-621
196	-877	-705
185	-820	-697
199	-845	-689
232	-889	-680
207	-857	-658
152	-783	-616
198	-852	-688
204	-852	-705
171	-809	-660
211	-865	-676
236	-861	-672
209	-855	-645
174	-816	-630
191	-853	-690
172	-834	-679
195	-868	-682
224	-877	-681
184	-839	-656
158	-815	-615
185	-860	-672
195	-845	-703
192	-825	-680
207	-881	-665
196	-881	-665
160	-825	-621
172	-825	-648
204	-872	-697
188	-820	-685
211	-853	-680
209	-872	-665
180	-873	-657
151	-815	-616
184	-845	-676
199	-842	-697
184	-832	-680
222	-889	-679
216	-865	-656
184	-840	-636
182	-834	-645
199	-857	-689
172	-817	-672
199	-865	-682
233	-881	-676
200	-829	-639
176	-820	-628
201	-869	-688
179	-829	-687
167	-848	-673
199	-871	-676
208	-840	-657
203	-826	-645
203	-840	-669
193	-856	-680
164	-832	-676
216	-881	-695
207	-852	-669
184	-825	-634
207	-841	-665
211	-865	-696
161	-817	-663
200	-872	-680
219	-860	-674
184	-823	-648
184	-839	-634
211	-863	-689
199	-839	-693
172	-845	-666
179	-864	-666
206	-872	-669
192	-836	-642
190	-820	-648
211	-858	-689
188	-820	-672
209	-871	-681
199	-877	-674
156	-829	-628
182	-816	-632
248	-865	-701
216	-855	-700
163	-813	-653
215	-873	-673
222	-868	-682
167	-836	-647
167	-809	-616
230	-832	-682
230	-839	-689
220	-848	-671
227	-880	-672
199	-861	-677
190	-858	-663
198	-808	-629
236	-824	-678
222	-821	-689
201	-863	-689
224	-913	-688
180	-840	-637
177	-764	-607
224	-836	-673
207	-848	-690
180	-845	-672
230	-864	-680
257	-857	-716
232	-810	-732
206	-817	-701
185	-810	-653
187	-820	-653
195	-834	-656
208	-808	-665
240	-800	-700
279	-857	-717
240	-865	-693
156	-800	-655
111	-800	-641
151	-796	-673
254	-829	-733
304	-868	-751
246	-863	-752
120	-797	-681
92	-813	-677
152	-800	-701
211	-772	-727
233	-853	-752
176	-841	-719
103	-786	-696
99	-794	-713
131	-745	-720
219	-801	-772
263	-823	-807
179	-757	-749
108	-783	-714
91	-813	-724
135	-784	-776
193	-744	-816
259	-783	-836
238	-804	-800
127	-784	-749
56	-772	-737
88	-727	-766
193	-772	-802
248	-808	-820
176	-762	-765
83	-728	-722
79	-744	-761
156	-749	-804
217	-761	-800
217	-784	-807
140	-756	-788
49	-720	-737
63	-765	-759
139	-759	-817
220	-756	-858
243	-761	-855
155	-729	-788
78	-749	-744
51	-756	-760
88	-753	-813
143	-722	-836
207	-753	-852
200	-759	-829
111	-720	-769
63	-752	-749
79	-769	-797
111	-720	-833
171	-717	-840
235	-772	-855
169	-757	-817
67	-740	-749
48	-728	-753
110	-738	-820
176	-720	-847
217	-753	-848
199	-762	-823
79	-724	-769
15	-744	-733
67	-769	-769
150	-737	-840
216	-727	-857
248	-788	-857
163	-727	-793
71	-744	-769
14	-728	-729
63	-745	-786
166	-733	-841
240	-754	-865
235	-761	-817
131	-735	-765
64	-761	-752
59	-744	-759
110	-753	-808
159	-737	-817
204	-741	-817
252	-769	-823
212	-761	-810
103	-737	-776
39	-740	-748
46	-724	-744
135	-724	-789
216	-744	-825
254	-746	-824
263	-800	-818
207	-786	-786
96	-745	-777
28	-754	-761
46	-735	-740
140	-753	-781
227	-740	-826
272	-775	-850
240	-802	-801
145	-784	-765
51	-756	-770
12	-692	-729
96	-751	-760
192	-744	-810
263	-744	-831
259	-804	-804
158	-776	-769
60	-784	-776
3	-706	-716
73	-744	-761
178	-752	-818
255	-757	-844
270	-807	-815
167	-769	-761
71	-791	-776
-10	-721	-722
51	-735	-744
176	-753	-807
260	-757	-848
287	-813	-836
192	-762	-778
76	-776	-775
12	-733	-727
51	-712	-746
153	-761	-802
192	-764	-807
206	-762	-800
216	-776	-810
191	-756	-791
151	-738	-783
132	-743	-784
124	-756	-775
135	-767	-776
151	-761	-773
167	-784	-776
174	-777	-785
163	-737	-773
163	-740	-765
176	-779	-775
175	-797	-780
121	-776	-746
129	-786	-757
161	-753	-785
166	-761	-793
176	-769	-769
155	-769	-751
148	-797	-745
142	-792	-765
131	-730	-776
153	-743	-780
195	-800	-777
163	-781	-753
150	-794	-751
145	-776	-776
134	-729	-781
143	-753	-767
195	-812	-788
158	-772	-765
143	-772	-751
153	-765	-781
152	-741	-780
134	-744	-761
176	-804	-784
159	-772	-775
135	-762	-753
159	-781	-784
143	-729	-788
152	-752	-786
195	-804	-792
148	-754	-765
131	-775	-769
151	-761	-786
156	-737	-797
145	-752	-791
167	-788	-804
142	-751	-778
127	-759	-765
144	-765	-797
147	-756	-817
135	-711	-777
176	-761	-797
199	-789	-807
147	-745	-772
135	-762	-793
142	-746	-791
152	-749	-792
156	-756	-776
163	-772	-784
153	-770	-782
134	-756	-772
113	-751	-776
140	-757	-793
176	-751	-804
206	-740	-800
231	-776	-793
216	-793	-781
115	-756	-772
49	-749	-764
51	-713	-732
140	-749	-780
227	-772	-834
268	-752	-834
259	-797	-804
180	-775	-765
95	-783	-775
31	-722	-744
60	-701	-756
176	-762	-788
243	-797	-809
231	-786	-800
199	-776	-784
171	-744	-777
166	-724	-780
158	-757	-774
143	-794	-761
126	-784	-746
121	-756	-760
156	-744	-781
187	-753	-792
177	-756	-762
176	-785	-776
167	-776	-770
163	-778	-788
131	-741	-784
127	-733	-776
179	-757	-780
192	-769	-776
172	-784	-786
156	-753	-778
152	-753	-772
172	-761	-773
184	-756	-776
160	-761	-769
161	-772	-776
159	-770	-776
159	-769	-785
151	-765	-784
140	-769	-788
131	-762	-781
158	-722	-789
216	-765	-797
179	-772	-772
88	-776	-753
49	-749	-722
127	-775	-781
207	-733	-825
271	-769	-855
224	-772	-807
139	-807	-783
43	-761	-729
35	-717	-720
115	-757	-776
161	-736	-797
215	-797	-823
190	-783	-821
134	-756	-800
73	-752	-756
59	-756	-736
79	-776	-743
136	-805	-816
145	-721	-816
172	-754	-816
163	-797	-805
86	-776	-753
65	-733	-719
124	-773	-777
156	-735	-808
150	-720	-804
159	-801	-810
102	-784	-770
60	-744	-744
99	-765	-770
147	-791	-833
99	-727	-808
92	-749	-794
144	-769	-817
150	-740	-820
113	-720	-805
119	-753	-804
110	-757	-800
83	-751	-778
56	-741	-776
99	-751	-816
147	-701	-832
214	-756	-861
184	-761	-832
76	-748	-793
-8	-720	-740
17	-719	-772
100	-738	-821
161	-711	-844
244	-784	-884
204	-769	-855
94	-749	-808
7	-717	-740
31	-704	-776
127	-761	-832
131	-713	-817
172	-737	-834
190	-765	-868
87	-714	-826
24	-737	-791
31	-743	-754
76	-721	-775
124	-756	-836
124	-721	-839
112	-701	-817
153	-788	-848
99	-753	-817
35	-728	-764
64	-753	-791
124	-735	-850
112	-665	-813
152	-756	-840
137	-793	-834
44	-745	-793
28	-704	-753
108	-756	-829
126	-729	-849
96	-720	-813
123	-748	-821
159	-753	-842
112	-712	-829
100	-729	-804
120	-748	-807
103	-748	-812
46	-737	-770
54	-745	-786
118	-724	-825
184	-704	-837
224	-770	-848
151	-769	-825
38	-738	-792
-39	-671	-720
87	-748	-800
184	-712	-856
239	-746	-884
203	-775	-850
108	-749	-808
31	-749	-773
-26	-672	-732
71	-712	-791
179	-703	-837
255	-788	-898
192	-781	-855
80	-761	-806
-7	-708	-730
31	-698	-761
150	-744	-848
183	-692	-852
209	-757	-863
179	-777	-840
91	-761	-817
12	-719	-754
20	-676	-749
143	-743	-837
167	-700	-845
204	-744	-848
185	-791	-850
79	-756	-820
15	-719	-754
52	-708	-772
145	-724	-845
176	-680	-847
211	-777	-864
137	-772	-825
41	-760	-788
35	-705	-753
124	-733	-825
139	-703	-825
137	-712	-823
159	-753	-850
105	-743	-836
63	-733	-797
65	-743	-808
81	-729	-786
126	-754	-817
135	-740	-856
118	-695	-842
143	-753	-845
112	-751	-818
71	-733	-769
92	-733	-784
142	-728	-850
127	-671	-834
147	-753	-853
120	-778	-829
63	-737	-792
67	-708	-776
137	-756	-848
115	-703	-840
92	-711	-804
147	-749	-824
152	-753	-840
95	-717	-809
97	-740	-802
108	-727	-807
96	-744	-813
71	-733	-781
100	-733	-813
159	-712	-842
210	-751	-865
171	-756	-837
78	-737	-807
11	-701	-759
39	-705	-797
140	-698	-831
228	-729	-876
224	-776	-877
120	-743	-831
22	-716	-778
1	-672	-769
103	-711	-829
184	-720	-865
209	-732	-872
152	-711	-837
92	-733	-812
78	-733	-797
84	-712	-821
112	-712	-842
132	-713	-841
136	-714	-848
139	-749	-852
119	-709	-829
97	-676	-810
112	-729	-845
131	-737	-881
103	-690	-860
83	-713	-825
55	-741	-805
49	-705	-797
112	-717	-845
142	-719	-861
112	-692	-845
147	-753	-877
99	-717	-834
48	-696	-785
79	-705	-793
127	-717	-858
115	-701	-857
110	-697	-857
151	-749	-888
81	-705	-831
43	-720	-808
62	-685	-799
103	-719	-850
111	-720	-860
100	-697	-852
152	-713	-868
119	-689	-824
99	-690	-813
145	-712	-868
127	-720	-865
60	-695	-813
55	-705	-794
108	-727	-833
131	-689	-858
120	-669	-852
153	-735	-871
103	-724	-840
76	-736	-833
67	-674	-810
108	-711	-861
110	-673	-857
152	-705	-884
135	-724	-853
71	-704	-817
88	-730	-840
95	-676	-839
103	-701	-848
110	-704	-844
127	-681	-861
179	-736	-882
108	-697	-839
56	-703	-800
75	-697	-797
143	-720	-869
115	-657	-845
140	-693	-868
155	-749	-874
79	-698	-817
95	-740	-825
96	-684	-818
134	-719	-866
118	-681	-847
131	-673	-861
161	-729	-868
95	-705	-836
63	-703	-802
91	-701	-826
136	-701	-881
111	-676	-868
145	-712	-869
134	-720	-845
88	-716	-832
65	-690	-823
79	-673	-828
136	-729	-881
115	-669	-864
137	-717	-887
103	-709	-850
71	-711	-832
81	-674	-816
112	-666	-850
120	-695	-871
115	-666	-869
147	-714	-874
108	-711	-848
83	-717	-842
76	-634	-808
131	-692	-865
135	-697	-876
124	-679	-872
147	-730	-889
83	-696	-848
71	-706	-833
84	-653	-815
131	-697	-871
127	-717	-868
81	-700	-836
115	-712	-868
159	-708	-881
112	-668	-840
92	-690	-825
121	-697	-852
126	-706	-852
113	-708	-833
108	-706	-840
113	-705	-857
91	-681	-836
112	-714	-848
116	-697	-836
118	-703	-831
131	-733	-842
115	-708	-845
99	-721	-847
81	-724	-852
83	-705	-840
112	-708	-832
143	-722	-850
140	-735	-845
103	-712	-820
79	-705	-816
96	-703	-800
131	-708	-817
127	-740	-821
99	-736	-820
76	-724	-821
94	-712	-826
131	-705	-853
168	-717	-872
142	-727	-848
73	-749	-836
-7	-676	-785
40	-709	-793
134	-724	-848
152	-688	-873
184	-761	-889
121	-733	-831
78	-745	-826
32	-689	-793
52	-680	-793
126	-697	-837
167	-679	-845
208	-778	-882
143	-769	-852
39	-762	-831
-33	-674	-749
35	-685	-777
147	-737	-857
167	-701	-852
182	-751	-845
139	-772	-836
78	-738	-826
55	-700	-808
60	-697	-804
96	-729	-815
115	-724	-820
112	-736	-832
108	-753	-828
105	-733	-810
107	-720	-815
119	-732	-818
120	-743	-821
102	-733	-812
105	-732	-816
103	-712	-825
88	-735	-829
75	-744	-817
71	-713	-820
103	-666	-836
167	-730	-868
144	-741	-840
95	-756	-828
30	-689	-778
65	-712	-829
124	-720	-858
131	-676	-845
184	-748	-881
137	-721	-852
60	-728	-824
16	-697	-775
75	-705	-821
123	-701	-856
143	-666	-865
183	-772	-889
103	-749	-847
23	-737	-817
12	-666	-781
105	-713	-844
131	-692	-845
161	-690	-861
159	-737	-877
71	-736	-842
41	-772	-824
31	-672	-761
112	-713	-820
152	-712	-856
132	-727	-849
115	-738	-848
112	-729	-841
89	-720	-824
105	-733	-834
105	-724	-833
86	-705	-825
88	-712	-813
104	-714	-813
123	-736	-817
115	-730	-818
102	-733	-825
83	-732	-820
70	-725	-825
63	-714	-817
94	-719	-833
129	-712	-857
166	-706	-864
168	-759	-869
76	-732	-824
-1	-712	-789
35	-688	-793
120	-708	-839
116	-660	-840
176	-748	-866
163	-778	-857
76	-756	-832
22	-705	-781
57	-690	-801
118	-712	-847
136	-658	-836
195	-761	-880
139	-765	-856
24	-772	-813
-16	-677	-753
84	-690	-823
156	-720	-853
140	-727	-836
119	-727	-818
108	-743	-824
78	-725	-824
76	-692	-829
120	-724	-852
104	-719	-845
86	-752	-832
54	-744	-815
46	-701	-793
92	-749	-829
94	-696	-841
121	-725	-858
127	-733	-833
89	-744	-825
63	-730	-800
65	-690	-800
99	-725	-848
102	-696	-845
152	-725	-866
160	-756	-855
80	-730	-826
48	-712	-796
71	-682	-800
127	-729	-857
123	-653	-845
172	-736	-877
121	-743	-842
60	-741	-829
56	-700	-808
88	-666	-818
144	-749	-872
97	-661	-840
136	-737	-873
110	-738	-848
44	-733	-836
23	-682	-781
96	-706	-831
134	-717	-866
94	-714	-840
100	-720	-840
123	-720	-852
110	-701	-841
99	-713	-829
113	-711	-845
120	-701	-855
79	-712	-816
70	-721	-816
99	-740	-845
79	-689	-829
115	-714	-848
144	-717	-848
99	-705	-832
107	-744	-826
94	-717	-832
79	-724	-840
73	-716	-836
67	-711	-826
102	-720	-848
120	-719	-837
102	-721	-829
103	-728	-836
105	-722	-837
89	-712	-825
91	-737	-817
95	-741	-817
108	-720	-813
111	-724	-813
99	-708	-817
99	-753	-825
92	-724	-817
94	-716	-834
137	-696	-843
192	-777	-869
95	-719	-818
19	-713	-780
43	-724	-788
104	-729	-829
126	-717	-842
177	-730	-868
140	-724	-845
67	-732	-796
56	-737	-815
71	-701	-852
76	-709	-829
63	-712	-800
88	-767	-820
96	-752	-823
105	-713	-825
140	-744	-840
127	-737	-845
88	-717	-823
94	-729	-808
97	-737	-808
89	-714	-802
143	-752	-820
121	-744	-829
44	-732	-781
60	-761	-778
115	-752	-824
118	-708	-828
152	-724	-829
188	-762	-836
108	-716	-807
51	-724	-786
67	-727	-785
110	-724	-809
123	-720	-826
127	-729	-852
100	-729	-842
105	-737	-832
126	-752	-825
118	-753	-808
92	-738	-804
81	-708	-816
105	-690	-836
135	-692	-845
161	-696	-840
206	-769	-853
166	-765	-841
60	-720	-812
14	-705	-804
12	-648	-796
103	-692	-832
167	-736	-872
187	-733	-865
196	-781	-848
121	-721	-834
48	-717	-829
15	-700	-796
71	-685	-804
144	-724	-836
158	-732	-845
151	-744	-840
148	-724	-833
135	-704	-837
116	-701	-826
88	-739	-812
64	-761	-800
68	-736	-808
108	-728	-829
115	-693	-818
127	-724	-813
145	-757	-824
112	-754	-820
89	-753	-810
86	-720	-818
67	-672	-813
88	-712	-817
131	-740	-832
105	-740	-834
78	-744	-817
91	-733	-832
71	-693	-840
51	-665	-825
103	-736	-848
120	-738	-857
86	-729	-836
68	-724	-842
56	-696	-856
38	-665	-847
65	-708	-855
104	-719	-866
83	-708	-868
35	-673	-829
39	-706	-836
51	-701	-855
63	-706	-881
79	-685	-872
99	-685	-861
124	-748	-856
83	-721	-834
24	-700	-839
-4	-660	-820
56	-679	-842
108	-693	-880
135	-711	-881
172	-775	-866
113	-730	-826
23	-704	-825
-26	-649	-804
56	-680	-839
120	-704	-872
161	-725	-884
167	-761	-861
89	-722	-845
14	-706	-832
-23	-656	-801
63	-680	-832
140	-732	-874
135	-720	-872
160	-744	-869
115	-705	-836
35	-681	-821
-2	-693	-825
19	-656	-820
112	-717	-872
120	-706	-880
131	-733	-871
127	-730	-852
54	-680	-825
48	-690	-834
79	-705	-850
95	-752	-872
81	-713	-876
76	-802	-879
67	-836	-800
20	-917	-769
-24	-976	-664
7	-848	-669
35	-721	-647
51	-737	-609
88	-700	-647
123	-797	-714
56	-957	-633
-23	-1021	-500
-36	-961	-516
17	-845	-631
54	-841	-705
79	-865	-721
83	-928	-709
79	-917	-685
51	-863	-672
25	-836	-658
24	-841	-649
46	-840	-657
59	-858	-676
54	-858	-693
48	-877	-689
44	-872	-681
54	-852	-687
56	-817	-694
65	-845	-701
89	-897	-724
46	-840	-712
9	-824	-704
0	-799	-705
31	-841	-714
31	-839	-712
23	-844	-714
39	-851	-732
27	-817	-744
17	-809	-720
41	-861	-724
15	-786	-713
19	-840	-729
32	-825	-724
38	-817	-753
30	-832	-772
-16	-784	-730
-1	-836	-720
43	-821	-729
27	-801	-751
17	-812	-740
22	-810	-729
39	-832	-751
25	-810	-756
-5	-800	-727
22	-809	-717
39	-832	-730
41	-845	-748
3	-785	-736
20	-807	-753
44	-809	-765
31	-813	-757
16	-840	-719
27	-812	-719
31	-794	-736
32	-820	-740
31	-813	-727
39	-826	-735
40	-813	-744
12	-769	-714
25	-813	-724
57	-836	-754
51	-824	-756
24	-849	-730
24	-842	-733
22	-820	-712
35	-804	-724
24	-769	-724
24	-808	-720
48	-842	-752
44	-831	-756
12	-817	-727
14	-821	-720
31	-813	-740
24	-794	-745
14	-817	-737
8	-815	-743
23	-786	-737
54	-817	-761
31	-796	-762
28	-820	-752
19	-839	-761
-9	-778	-743
19	-801	-745
32	-781	-752
30	-792	-757
25	-834	-749
24	-816	-741
35	-807	-744
24	-793	-756
9	-759	-736
38	-825	-753
39	-813	-761
23	-820	-737
28	-833	-741
15	-804	-745
17	-801	-746
28	-817	-749
23	-799	-744
23	-810	-738
28	-820	-744
33	-817	-746
31	-808	-737
44	-817	-733
41	-836	-749
-24	-754	-721
-1	-813	-721
60	-832	-751
54	-801	-759
31	-817	-738
24	-831	-724
38	-823	-728
35	-816	-743
22	-824	-744
25	-828	-737
24	-825	-740
23	-817	-732
35	-820	-729
35	-783	-720
48	-817	-736
44	-818	-728
41	-813	-724
46	-817	-736
32	-815	-729
36	-845	-729
25	-820	-729
44	-810	-735
47	-820	-717
47	-853	-743
28	-804	-759
1	-740	-733
31	-864	-722
70	-845	-743
60	-796	-740
56	-824	-736
38	-813	-737
15	-800	-725
15	-848	-729
-4	-825	-744
-1	-794	-733
44	-808	-741
63	-815	-745
60	-817	-740
83	-852	-744
49	-820	-737
3	-808	-732
-29	-793	-733
-24	-756	-719
39	-813	-733
72	-840	-776
72	-805	-748
78	-852	-721
67	-834	-733
15	-793	-724
-8	-825	-732
-26	-781	-721
12	-786	-737
70	-829	-764
63	-817	-753
63	-840	-744
70	-825	-756
39	-817	-753
31	-825	-737
12	-783	-728
6	-800	-737
1	-791	-727
31	-804	-724
70	-818	-740
56	-820	-761
14	-817	-736
14	-855	-744
-1	-797	-743
22	-783	-748
67	-800	-752
78	-823	-753
44	-837	-733
-4	-818	-727
-13	-760	-721
33	-761	-749
86	-828	-775
67	-847	-772
46	-855	-729
55	-836	-725
39	-769	-720
28	-793	-730
14	-804	-748
6	-800	-735
24	-849	-745
24	-781	-746
56	-808	-756
96	-832	-761
96	-842	-744
65	-848	-736
3	-800	-722
-36	-804	-717
-36	-784	-703
6	-800	-706
55	-812	-736
78	-821	-749
84	-845	-736
83	-845	-741
56	-823	-761
25	-807	-743
11	-813	-729
-1	-820	-728
-2	-820	-721
8	-818	-727
19	-808	-722
44	-792	-728
71	-817	-745
88	-857	-756
95	-845	-764
44	-808	-743
-25	-809	-719
-49	-770	-699
8	-759	-712
92	-813	-761
121	-857	-784
103	-884	-769
39	-816	-737
16	-802	-721
3	-808	-712
-18	-794	-706
-21	-808	-716
3	-776	-725
68	-809	-749
113	-840	-762
142	-877	-759
108	-872	-735
15	-802	-713
-49	-788	-705
-55	-797	-714
-20	-786	-717
55	-816	-738
112	-848	-765
147	-881	-756
89	-848	-729
-15	-805	-705
-64	-802	-703
-37	-776	-701
38	-832	-724
76	-832	-732
102	-850	-732
91	-848	-738
56	-813	-737
28	-824	-729
19	-831	-733
3	-805	-725
9	-820	-719
28	-816	-713
40	-813	-722
65	-837	-740
57	-844	-744
44	-816	-724
49	-818	-720
44	-820	-725
15	-809	-720
4	-808	-709
39	-810	-728
73	-829	-738
88	-831	-744
112	-849	-752
64	-820	-738
-31	-818	-720
-41	-769	-701
24	-786	-721
76	-820	-737
105	-861	-756
87	-845	-745
31	-807	-733
22	-820	-721
48	-832	-737
38	-813	-740
15	-829	-720
-8	-813	-712
-17	-808	-722
-1	-791	-728
49	-804	-737
102	-832	-749
124	-876	-756
96	-871	-738
14	-816	-720
-45	-784	-696
-44	-809	-704
-32	-792	-708
41	-817	-721
103	-842	-751
115	-855	-745
105	-877	-736
38	-826	-714
-26	-802	-701
-33	-783	-696
22	-808	-713
60	-820	-728
94	-840	-744
81	-861	-737
28	-844	-720
1	-820	-716
19	-804	-728
49	-816	-733
67	-829	-736
83	-837	-738
86	-832	-737
49	-825	-714
7	-826	-697
-21	-808	-696
1	-780	-697
71	-840	-728
100	-850	-740
105	-865	-724
72	-852	-717
31	-825	-717
17	-824	-711
28	-804	-712
60	-826	-729
67	-839	-730
48	-842	-713
39	-836	-701
28	-839	-706
7	-824	-705
18	-813	-698
49	-818	-721
67	-829	-732
92	-863	-737
78	-847	-725
72	-834	-720
56	-823	-722
35	-823	-705
30	-852	-703
3	-826	-704
1	-829	-693
8	-833	-697
23	-804	-701
56	-807	-716
99	-861	-749
120	-872	-753
113	-869	-729
41	-813	-705
-32	-818	-689
-45	-804	-681
-2	-797	-704
70	-832	-744
115	-839	-753
152	-877	-752
102	-869	-724
-16	-832	-712
-80	-770	-680
-34	-749	-688
67	-848	-729
102	-874	-738
88	-872	-724
70	-850	-719
52	-824	-724
55	-817	-719
63	-809	-720
48	-807	-708
8	-825	-688
-7	-874	-681
-10	-849	-690
14	-828	-716
55	-793	-724
99	-848	-733
79	-864	-714
23	-858	-685
9	-872	-692
12	-816	-729
0	-754	-725
64	-845	-729
72	-872	-728
9	-857	-680
-12	-832	-684
7	-817	-737
12	-783	-733
67	-842	-729
83	-866	-729
48	-877	-720
-4	-808	-702
-16	-813	-717
6	-832	-722
15	-810	-727
54	-840	-740
56	-832	-733
27	-813	-708
28	-829	-700
40	-866	-728
35	-847	-729
32	-820	-729
35	-793	-729
35	-806	-728
40	-852	-733
16	-839	-727
15	-817	-717
39	-808	-712
55	-815	-724
56	-826	-733
47	-831	-720
38	-828	-717
51	-820	-724
60	-834	-754
24	-804	-728
30	-841	-701
39	-824	-714
39	-831	-729
31	-844	-728
31	-836	-728
15	-825	-724
35	-840	-736
38	-811	-736
36	-833	-720
30	-832	-712
24	-845	-712
3	-797	-698
25	-809	-703
56	-842	-727
31	-820	-706
36	-845	-697
48	-849	-712
36	-841	-721
19	-855	-720
11	-832	-714
19	-825	-720
33	-825	-728
48	-817	-711
60	-840	-714
35	-836	-714
23	-837	-705
16	-831	-709
-2	-801	-708
17	-812	-716
62	-837	-725
83	-872	-740
48	-839	-746
-8	-805	-717
-18	-817	-697
20	-826	-720
40	-816	-743
57	-825	-745
75	-848	-749
55	-817	-738
39	-825	-720
32	-829	-713
12	-801	-720
-7	-797	-708
33	-817	-717
73	-844	-744
71	-857	-743
39	-845	-722
40	-831	-720
35	-815	-720
24	-820	-708
24	-824	-708
9	-783	-697
60	-836	-714
95	-856	-735
91	-884	-744
41	-809	-713
15	-813	-708
15	-825	-704
38	-840	-712
51	-825	-720
51	-842	-717
52	-845	-724
43	-810	-720
63	-848	-721
44	-808	-701
33	-841	-701
15	-848	-704
-16	-818	-711
-4	-800	-729
63	-834	-738
70	-831	-712
39	-855	-689
19	-863	-700
7	-825	-745
9	-749	-738
71	-825	-744
82	-877	-737
24	-825	-692
-13	-816	-692
6	-816	-740
3	-748	-753
56	-825	-762
68	-876	-743
14	-832	-693
-10	-817	-704
19	-793	-760
3	-744	-756
28	-800	-753
48	-848	-754
6	-820	-720
-16	-808	-714
15	-812	-776
-8	-735	-792
-23	-752	-788
-13	-825	-800
-36	-817	-772
-47	-788	-735
3	-815	-775
14	-754	-808
-23	-729	-804
-25	-797	-801
-40	-805	-793
-77	-769	-743
-45	-802	-764
-2	-792	-813
-32	-712	-807
-16	-789	-794
-16	-836	-808
-79	-761	-749
-93	-720	-696
-16	-820	-751
25	-801	-805
-7	-753	-784
-13	-801	-775
-12	-831	-776
-17	-825	-794
-16	-800	-792
7	-762	-760
17	-746	-737
1	-817	-740
-45	-829	-744
-29	-761	-717
28	-800	-745
25	-810	-756
15	-829	-761
23	-788	-760
48	-812	-760
47	-796	-746
-23	-784	-713
-56	-800	-708
-20	-852	-769
-1	-800	-797
14	-770	-781
60	-833	-769
25	-804	-753
-56	-762	-682
-49	-788	-695
19	-845	-776
40	-788	-797
63	-804	-793
67	-829	-772
-12	-793	-737
-77	-785	-692
-71	-778	-706
8	-812	-776
62	-783	-808
99	-825	-804
62	-828	-788
-57	-784	-740
-98	-784	-689
-36	-808	-748
8	-788	-802
24	-730	-797
79	-815	-792
52	-817	-793
-71	-770	-740
-116	-751	-692
-39	-804	-761
24	-781	-821
64	-784	-829
73	-832	-810
-13	-783	-776
-89	-761	-720
-88	-744	-713
-9	-800	-793
32	-754	-832
60	-784	-832
63	-840	-800
-25	-804	-769
-109	-740	-708
-81	-717	-706
25	-791	-778
87	-788	-829
105	-825	-817
46	-825	-770
-57	-815	-744
-121	-744	-703
-82	-736	-729
12	-794	-791
75	-804	-829
99	-836	-828
24	-781	-781
-66	-796	-724
-112	-757	-672
-41	-805	-745
39	-791	-820
92	-817	-820
68	-812	-777
-16	-807	-751
-90	-765	-708
-72	-737	-690
24	-816	-773
57	-772	-815
75	-829	-800
38	-836	-780
-60	-775	-737
-93	-749	-695
-48	-781	-722
19	-805	-793
59	-792	-805
83	-839	-807
24	-812	-772
-76	-769	-719
-93	-753	-703
-21	-801	-770
25	-776	-800
89	-820	-822
91	-839	-812
-26	-778	-760
-105	-756	-685
-60	-781	-712
6	-791	-778
32	-756	-801
92	-836	-804
65	-825	-784
-56	-766	-741
-97	-761	-706
-52	-799	-740
11	-815	-800
30	-777	-804
56	-825	-793
23	-818	-784
-65	-797	-748
-101	-769	-706
-65	-780	-745
3	-799	-800
33	-785	-804
35	-816	-772
15	-821	-746
-42	-792	-711
-82	-749	-708
-40	-796	-761
11	-794	-801
31	-792	-784
39	-824	-769
-12	-808	-753
-93	-772	-708
-89	-781	-711
-9	-840	-776
19	-788	-801
71	-812	-805
87	-842	-804
-4	-813	-769
-104	-741	-704
-93	-740	-717
-32	-781	-769
47	-840	-800
59	-837	-801
-32	-756	-741
-89	-770	-704
-53	-786	-749
7	-793	-786
39	-799	-783
20	-804	-764
-16	-816	-756
-15	-820	-741
-8	-788	-752
-10	-765	-746
-8	-788	-749
-13	-792	-744
-7	-805	-749
-4	-797	-761
-23	-784	-756
-26	-807	-756
-32	-800	-749
-29	-785	-749
-32	-794	-754
-41	-786	-761
-39	-797	-776
-40	-797	-781
-49	-775	-785
-52	-776	-791
-53	-780	-797
-72	-780	-800
-77	-778	-791
-65	-778	-794
-71	-761	-793
-72	-748	-784
-68	-765	-784
-58	-777	-800
-77	-784	-802
-77	-791	-793
-64	-799	-793
-57	-815	-793
-58	-816	-781
-52	-820	-770
-29	-822	-765
-5	-842	-754
1	-855	-752
-2	-858	-728
-9	-874	-712
-7	-900	-712
-5	-909	-665
31	-920	-631
67	-929	-592
96	-953	-522
143	-941	-485
195	-895	-463
236	-929	-424
271	-996	-434
316	-1012	-473
348	-967	-477
307	-861	-423
235	-825	-401
113	-826	-305
-41	-945	-161
-217	-866	6
-324	-674	183
-580	-1242	215
-591	-993	140
-217	-689	230
-476	-1009	430
-650	-1159	395
-436	-906	360
-420	-701	476
-530	-824	422
-609	-845	425
-577	-751	452
-581	-762	520
-530	-945	519
-552	-868	467
-562	-737	441
-551	-656	339
-589	-832	375
-568	-980	455
-580	-889	391
-656	-881	422
-656	-985	446
-607	-1053	440
-573	-1056	401
-514	-1040	406
-400	-1008	361
-290	-1073	348
-201	-1021	340
-125	-985	356
-69	-997	404
48	-904	303
113	-914	376
200	-845	391
224	-848	435
248	-1015	296
300	-929	355
323	-868	283
403	-935	179
446	-919	259
440	-815	223
433	-825	319
440	-784	291
428	-729	264
419	-660	176
448	-821	192
499	-991	223
543	-895	231
566	-850	279
524	-936	243
556	-919	192
563	-975	131
583	-967	168
585	-852	211
553	-834	225
559	-863	207
561	-852	225
558	-840	239
560	-752	259
604	-764	297
630	-833	336
611	-784	361
612	-784	380
636	-839	379
631	-751	382
632	-712	404
631	-749	422
611	-676	433
622	-682	428
643	-696	435
627	-601	451
694	-673	455
684	-600	480
705	-605	499
716	-636	523
696	-538	523
705	-552	527
705	-565	531
689	-498	515
697	-488	548
696	-444	547
699	-434	535
700	-418	559
680	-413	542
655	-385	529
662	-380	539
639	-375	521
627	-408	527
568	-412	500
543	-431	470
536	-455	467
531	-532	417
527	-653	417
547	-729	412
556	-876	403
547	-925	472
516	-1009	376
499	-1028	332
519	-1042	276
504	-1017	192
504	-1004	259
502	-996	171
441	-959	211
406	-1012	222
399	-1012	127
364	-999	179
366	-1036	145
351	-1015	123
350	-994	152
352	-1009	118
352	-1017	103
340	-1033	83
319	-1007	89
307	-986	107
337	-991	112
380	-969	54
399	-980	40
391	-1025	28
320	-1092	35
268	-1061	121
299	-989	143
352	-993	96
408	-1012	24
395	-1040	-18
323	-1092	28
281	-1076	127
308	-1009	160
374	-986	131
419	-1007	65
419	-1032	28
391	-1033	60
359	-1045	126
367	-1029	179
423	-976	150
459	-973	142
495	-984	153
504	-993	156
478	-973	174
448	-960	228
436	-962	267
447	-892	249
467	-825	268
520	-823	280
558	-817	297
567	-808	331
555	-772	376
579	-762	403
606	-705	400
655	-698	398
668	-663	415
679	-633	408
689	-618	422
681	-575	451
700	-577	463
723	-535	463
752	-497	457
769	-508	467
736	-456	494
747	-445	496
742	-423	499
752	-442	492
782	-423	496
787	-397	519
769	-367	519
771	-327	513
739	-319	520
726	-282	486
707	-306	504
692	-281	496
681	-276	532
697	-306	504
694	-332	492
675	-333	504
695	-352	487
684	-392	508
687	-452	499
679	-512	467
703	-623	454
675	-623	473
671	-682	483
624	-732	463
555	-744	435
543	-799	332
518	-848	328
519	-865	321
496	-888	320
492	-938	305
478	-961	289
463	-969	271
454	-976	220
448	-993	179
433	-1000	169
412	-1034	172
366	-1034	187
368	-1044	169
344	-1064	164
313	-985	175
328	-961	131
335	-973	96
316	-1009	120
304	-1065	121
295	-1029	127
311	-1015	103
323	-1034	70
310	-1056	73
295	-1076	88
287	-1055	99
296	-1021	99
291	-1037	86
284	-1040	80
281	-1066	73
268	-1048	76
268	-988	95
300	-994	71
310	-1000	72
310	-1031	81
315	-1089	78
312	-1088	136
327	-1045	172
367	-1026	119
396	-1055	76
399	-1084	76
390	-1076	126
415	-1074	152
415	-1044	174
440	-1016	192
449	-1005	192
455	-984	195
428	-960	240
422	-881	265
479	-850	289
521	-852	335
547	-845	368
551	-788	408
563	-737	419
567	-706	424
547	-644	465
556	-708	492
559	-656	475
559	-557	515
591	-561	571
611	-560	563
632	-546	563
647	-537	600
664	-517	600
680	-473	609
670	-436	624
688	-450	609
676	-436	622
672	-393	643
686	-381	630
680	-330	636
670	-317	646
680	-305	655
689	-292	647
683	-265	644
673	-240	667
675	-256	667
670	-233	672
656	-200	664
657	-205	659
652	-194	662
655	-200	667
648	-199	624
635	-200	632
601	-183	627
595	-189	591
595	-224	632
606	-324	561
620	-484	559
632	-567	518
599	-689	492
551	-708	526
531	-663	447
460	-736	492
435	-761	489
408	-753	308
343	-964	415
359	-953	415
280	-993	411
179	-1000	560
94	-912	704
-56	-893	771
-113	-948	736
-180	-967	707
-237	-833	761
-296	-776	871
-353	-693	908
-368	-541	980
-361	-546	548
-481	-913	624
-343	-932	831
-241	-813	742
-215	-837	591
-221	-796	364
-345	-634	921
-308	-698	860
-337	-701	678
-317	-887	307
-497	-650	825
-365	-852	683
-265	-908	625
-210	-973	515
-213	-928	551
-208	-784	692
-225	-665	799
-260	-503	876
-304	-413	947
-327	-266	1008
-327	-212	1027
-364	-175	1023
-377	-97	1028
-354	-111	1025
-348	-36	1008
-344	-2	988
-292	-55	843
-233	-409	739
-116	-689	547
-17	-976	380
-29	-1202	193
-49	-1242	147
-64	-1088	132
-145	-1101	63
-157	-1266	-32
-89	-1325	-104
-95	-1192	4
-130	-1237	83
16	-1121	99
82	-842	142
-161	-788	536
-316	-565	723
-241	-296	841
-276	-569	792
-370	-738	918
-312	-719	912
-249	-669	880
-345	-544	944
-296	-561	902
-272	-424	944
-301	-221	968
-360	-53	976
-376	8	1001
-365	31	987
-353	-21	963
-362	-74	966
-297	-183	927
-205	-516	803
-125	-729	792
-84	-689	803
-57	-724	822
-52	-797	796
-8	-825	737
39	-807	729
24	-831	691
63	-834	668
78	-817	693
51	-801	679
46	-817	684
49	-844	673
44	-865	704
22	-832	718
-8	-765	679
-16	-772	720
-20	-794	702
-8	-842	697
1	-857	687
7	-865	704
-34	-852	728
-32	-784	691
-8	-778	671
-9	-840	679
8	-857	678
3	-853	679
0	-861	696
14	-853	716
27	-813	718
32	-792	689
80	-834	695
112	-857	711
73	-858	688
52	-808	700
-37	-705	808
-93	-559	712
-194	-586	892
-274	-365	960
-297	-489	1016
-284	-237	1065
-292	-244	984
-266	-257	942
-263	-177	935
-204	-320	827
-189	-431	889
-68	-560	908
-82	-557	963
-60	-601	977
-68	-593	999
-74	-503	999
-71	-509	924
-120	-520	934
-90	-461	958
9	-528	940
15	-658	960
52	-680	972
108	-642	840
15	-722	851
-100	-506	939
-244	-313	924
-452	-36	1059
-516	47	1087
-492	-127	966
-447	-146	835
-372	40	864
-356	-105	1191
-205	-455	960
-185	-320	846
-388	167	887
-617	168	1086
-551	52	1182
-244	-89	880
-221	-57	844
-305	121	1038
-433	140	878
-453	-20	907
-439	20	984
-497	262	1016
-540	304	1107
-719	195	1118
-610	-48	868
-231	-42	638
-104	-191	538
-242	-697	468
-473	-1149	580
-409	-1032	591
-328	-1017	527
-333	-1012	344
-322	-1153	150
-288	-1201	99
-264	-1105	-68
-184	-1080	-189
-113	-1034	-202
-68	-1000	-292
-103	-1064	-249
-141	-962	-208
-162	-936	-381
-141	-992	-392
-136	-1100	-370
-176	-1018	-340
-185	-967	-308
-168	-1016	-266
-93	-957	-202
24	-865	-192
51	-884	-154
7	-1039	-176
-153	-1076	-258
-281	-1120	-353
-193	-1104	-308
-141	-1028	-311
-125	-951	-308
-231	-901	-298
-333	-881	-244
-428	-837	-201
-548	-817	-276
-589	-848	-321
-601	-945	-452
-601	-957	-541
-573	-864	-516
-583	-828	-381
-568	-800	-313
-556	-794	-357
-549	-829	-420
-520	-844	-476
-564	-818	-516
-590	-876	-333
-594	-945	-372
-592	-877	-333
-576	-852	-239
-576	-863	-258
-540	-897	-228
-554	-865	-264
-559	-905	-282
-564	-930	-272
-528	-873	-231
-552	-977	-144
-498	-893	-73
-493	-857	55
-479	-836	161
-445	-889	188
-437	-887	217
-456	-893	268
-471	-866	300
-481	-865	280
-464	-872	319
-456	-850	369
-445	-892	352
-441	-888	376
-433	-879	406
-425	-836	423
-456	-837	447
-468	-839	441
-484	-820	455
-481	-817	472
-476	-808	415
-480	-858	432
-461	-872	399
-433	-881	376
-429	-877	408
-449	-868	417
-471	-879	432
-473	-881	424
-461	-872	400
-437	-858	439
-457	-850	432
-490	-860	419
-509	-861	408
-488	-861	444
-484	-872	480
-511	-881	487
-484	-807	463
-432	-818	455
-365	-879	447
-388	-817	473
-497	-784	543
-525	-752	604
-495	-644	527
-481	-625	671
-381	-789	617
-372	-712	664
-456	-679	606
-417	-882	176
-493	-775	654
-369	-712	755
-429	-546	716
-413	-872	462
-421	-825	559
-410	-756	760
-471	-700	575
-458	-945	124
-528	-724	662
-484	-697	630
-509	-741	615
-505	-880	531
-458	-936	377
-436	-1009	368
-429	-1057	380
-353	-1012	444
-303	-959	513
-289	-800	563
-320	-660	724
-377	-561	707
-429	-564	704
-461	-429	771
-546	-363	777
-544	-337	828
-506	-253	803
-473	-205	819
-463	-202	760
-388	-345	711
-328	-617	566
-272	-1037	398
-193	-1056	364
-180	-1095	387
-223	-1032	414
-232	-973	348
-237	-1063	319
-256	-1124	136
-253	-1106	62
-269	-1068	147
-266	-1156	150
-308	-1055	243
-319	-912	207
-241	-1023	259
-191	-1025	224
-159	-906	126
-148	-951	179
-152	-980	31
-185	-1032	-16
-188	-1200	-74
-200	-1236	7
-226	-1239	-31
-194	-1281	-122
-77	-1049	180
-208	-580	609
-261	-564	660
-240	-729	675
-281	-628	595
-266	-664	592
-229	-836	531
-226	-938	523
-249	-961	519
-345	-824	664
-409	-722	771
-397	-719	787
-365	-720	694
-260	-904	344
-417	-844	777
-301	-778	828
-353	-647	743
-263	-863	263
-393	-785	563
-464	-650	854
-456	-800	679
-391	-930	603
-353	-912	544
-336	-1084	560
-365	-909	599
-413	-676	799
-405	-601	844
-432	-365	806
-505	-288	864
-584	-84	788
-597	-41	904
-609	167	839
-584	63	828
-559	102	862
-544	183	841
-580	199	886
-656	297	963
-679	255	960
-644	279	822
-311	-148	483
502	-305	-40
1003	-101	-250
-177	-4	312
-2048	28	1833
-2048	476	2047
-1597	291	1411
-932	124	652
190	-369	-401
1283	463	-808
673	-154	-356
-970	-226	499
-2048	556	2047
-2048	528	1831
-1314	361	812
-501	300	-47
966	856	-832
1585	-136	-992
883	-1036	-893
-1312	-693	143
-2048	808	2047
-1769	428	1833
-520	217	304
542	1048	-584
1068	177	-874
655	-2020	-1133
-135	-925	-1433
-1905	1515	1908
-1725	884	2047
-257	283	430
643	323	-645
920	-824	-745
696	-1952	-989
-114	-1220	-1253
-1648	1239	1926
-1396	988	2019
-12	239	-263
897	192	-785
819	-447	-633
448	-1552	-988
-716	-1287	-1008
-1913	579	1871
-1512	704	2047
-157	71	86
932	216	-527
771	-977	-752
359	-1946	-1465
-1031	-16	-305
-1804	1092	2047
-45	883	616
848	-1332	-1145
135	-1376	-652
-1332	-242	1497
-1364	206	2047
-223	-316	912
222	-999	527
503	-609	569
583	-210	744
707	19	688
720	-132	547
705	-279	516
657	-72	300
579	3	321
497	-45	560
406	-225	579
312	-301	724
304	-413	764
275	-450	858
231	-429	975
241	-360	827
300	-376	766
312	-335	743
208	-441	1054
179	-362	1120
161	-298	916
127	-401	999
-7	-276	1100
-36	-309	1087
-84	-258	1223
-45	-281	1188
46	-340	892
94	-333	860
92	-445	934
41	-501	1089
54	-372	1215
86	-242	1030
64	-255	831
48	-345	974
24	-215	1087
36	-257	947
-41	-392	1103
-45	-373	1095
-80	-409	983
-109	-416	880
-45	-321	926
39	-269	1091
0	-426	1116
-93	-429	972
-165	-377	987
-188	-241	966
-153	-157	870
7	-100	711
217	-185	659
225	-193	647
355	-57	543
424	-32	618
489	49	585
504	-9	608
441	-188	652
356	-441	750
224	-665	623
-36	-1296	644
-189	-1437	911
-145	-1511	737
-157	-1344	592
-167	-1092	368
-215	-1140	182
-289	-1010	16
-413	-957	-37
-444	-1116	80
-432	-1084	127
-424	-1025	211
-405	-1037	207
-413	-1081	123
-413	-1074	102
-410	-1049	56
-420	-1016	35
-424	-953	31
-428	-964	27
-426	-961	62
-410	-935	56
-448	-945	59
-488	-960	95
-500	-932	72
-504	-921	94
-497	-928	72
-488	-948	62
-496	-957	33
-487	-973	24
-453	-941	56
-448	-916	60
-438	-1080	48
-464	-1066	-16
-505	-996	-36
-497	-945	32
-509	-900	51
-509	-900	30
-482	-909	48
-481	-897	25
-488	-919	16
-489	-927	24
-497	-929	40
-508	-932	41
-516	-916	51
-496	-906	39
-505	-925	28
-516	-952	17
-512	-956	12
-506	-925	44
-504	-911	39
-500	-905	25
-493	-913	19
-489	-921	15
-489	-956	16
-489	-949	3
-508	-913	48
-501	-920	48
-482	-904	33
-468	-897	-25
-463	-912	-56
-461	-936	-72
-481	-961	-32
-496	-978	7
-500	-968	24
-489	-928	1
-474	-909	-18
-476	-909	-28
-477	-925	-36
-481	-925	-25
-477	-929	-16
-481	-946	-13
-482	-949	-25
-476	-948	-45
-474	-941	-53
-477	-938	-68
-488	-943	-65
-493	-936	-50
-495	-925	-40
-500	-921	-36
-496	-921	-42
-493	-921	-45
-488	-929	-55
-492	-921	-49
-497	-932	-53
-500	-935	-52
-506	-935	-45
-509	-924	-41
-520	-930	-42
-513	-927	-47
-501	-925	-56
-497	-920	-56
-493	-903	-63
-490	-889	-66
-497	-913	-58
-497	-936	-49
-493	-945	-44
-484	-945	-40
-477	-927	-58
-481	-928	-65
-493	-945	-64
-495	-957	-52
-493	-954	-36
-497	-948	-25
-493	-925	-40
-481	-906	-64
-473	-904	-90
-464	-920	-93
-472	-944	-81
-490	-978	-68
-509	-989	-40
-497	-960	-13
-490	-952	-5
-477	-914	-15
-436	-872	-68
-401	-884	-117
-428	-936	-121
-469	-992	-74
-474	-992	-25
-465	-980	8
-449	-964	-8
-441	-948	-52
-433	-945	-84
-447	-941	-93
-464	-945	-80
-464	-935	-48
-458	-945	-40
-450	-948	-40
-448	-962	-63
-450	-960	-68
-453	-957	-61
-460	-953	-61
-464	-954	-49
-458	-957	-47
-450	-956	-52
-441	-945	-61
-442	-945	-66
-449	-944	-65
-445	-928	-57
-440	-925	-58
-433	-952	-76
-440	-972	-80
-447	-994	-64
-442	-973	-52
-444	-961	-49
-445	-967	-49
-445	-961	-57
-444	-952	-69
-440	-961	-80
-439	-960	-72
-436	-948	-64
-444	-953	-50
-453	-967	-40
-463	-957	-44
-463	-948	-57
-453	-945	-66
-445	-943	-55
-436	-935	-49
-404	-954	-65
-392	-989	-90
-410	-1007	-90
-433	-993	-64
-441	-968	-40
-440	-953	-39
-429	-953	-52
-415	-945	-82
-412	-949	-92
-424	-964	-82
-440	-969	-63
-436	-973	-41
-441	-970	-49
-440	-972	-60
-434	-957	-72
-429	-953	-72
-433	-959	-69
-433	-957	-73
-429	-952	-68
-425	-946	-68
-429	-957	-72
-429	-975	-80
-434	-980	-66
-434	-976	-64
-429	-965	-57
-425	-961	-72
-426	-954	-71
-433	-953	-74
-442	-948	-71
-436	-946	-56
-423	-961	-64
-408	-968	-95
-408	-973	-105
-404	-985	-106
-432	-1012	-88
-452	-1002	-49
-440	-969	-32
-434	-951	-47
-426	-948	-71
-418	-945	-95
-424	-948	-98
-429	-957	-77
-436	-959	-71
-424	-948	-65
-420	-951	-64
-408	-960	-57
-377	-989	-98
-388	-1012	-122
-416	-993	-104
-432	-973	-80
-448	-975	-65
-433	-964	-65
-425	-968	-72
-425	-983	-81
-418	-973	-76
-433	-949	-48
-400	-874	-73
-360	-916	-141
-408	-996	-164
-440	-1028	-96
-464	-1028	-16
-456	-978	8
-432	-957	-50
-415	-953	-109
-413	-943	-136
-434	-941	-104
-433	-941	-84
-426	-961	-66
-417	-985	-80
-433	-999	-73
-442	-976	-60
-440	-953	-60
-429	-953	-66
-418	-962	-81
-416	-975	-74
-421	-976	-58
-416	-957	-56
-413	-951	-66
-416	-953	-74
-409	-962	-87
-410	-965	-84
-420	-972	-76
-424	-996	-68
-410	-980	-77
-400	-952	-68
-405	-953	-66
-418	-964	-71
-413	-967	-88
-400	-983	-85
-405	-1009	-74
-424	-1025	-49
-424	-994	-28
-424	-968	-13
-415	-909	-39
-360	-889	-106
-359	-944	-159
-399	-994	-135
-416	-1025	-64
-417	-1017	-12
-404	-994	-31
-397	-994	-87
-407	-1000	-98
-416	-984	-84
-413	-969	-66
-409	-959	-41
-388	-921	-62
-356	-936	-109
-376	-975	-119
-404	-1001	-84
-408	-1010	-40
-399	-1032	-24
-400	-1031	-42
-410	-980	-45
-386	-904	-58
-337	-906	-121
-349	-957	-153
-386	-1012	-112
-401	-1033	-50
-400	-1031	-4
-393	-1026	-4
-386	-1017	-52
-385	-961	-87
-360	-921	-98
-333	-936	-129
-340	-969	-138
-373	-1053	-96
-421	-1076	-16
-410	-1005	14
-367	-962	-34
-335	-1021	-82
-296	-1076	-98
-255	-1154	-106
-217	-1215	-93
-164	-1210	-72
-104	-1217	-36
-73	-1180	4
-113	-1181	39
-183	-1108	31
-169	-1002	1
-90	-957	65
48	-1001	124
270	-1033	169
400	-1088	232
455	-984	238
480	-861	184
375	-821	187
228	-759	192
-8	-853	262
-308	-775	446
-448	-476	656
-530	-468	825
-653	-487	855
-661	-440	887
-612	-445	863
-586	-272	870
-653	-330	1236
-501	-97	1102
-441	30	814
-409	-184	760
-431	-288	918
-461	-212	972
-506	-141	990
-504	-61	904
-565	-225	852
-573	3	864
-481	112	1028
-407	-144	889
-520	-84	871
-616	115	982
-642	-55	900
-861	23	839
-1220	207	1019
-1258	143	878
-840	-55	652
-349	-260	505
39	-297	416
360	-469	379
472	-732	463
385	-989	476
319	-1132	502
275	-1176	547
233	-1057	560
179	-986	536
137	-936	455
97	-949	415
71	-980	392
70	-991	371
68	-1020	336
51	-1045	336
49	-1040	337
47	-1025	335
0	-1044	371
-31	-1033	411
-40	-1007	423
-68	-1000	423
-87	-1000	422
-89	-985	419
-104	-960	387
-85	-941	360
-62	-948	342
-69	-964	342
-52	-994	371
-41	-1018	376
-26	-1018	347
12	-1000	331
25	-1001	312
35	-1026	295
31	-1032	305
3	-1007	291
-29	-1017	321
-56	-1012	360
-65	-1037	371
-64	-1049	364
-67	-1069	376
-73	-1072	359
-72	-1060	320
-56	-1061	300
-28	-1076	312
-55	-1063	327
-40	-1049	334
33	-1017	313
118	-1033	318
143	-952	267
199	-909	110
219	-922	65
185	-1041	87
145	-961	-41
112	-881	-192
-57	-1192	-416
-177	-1103	-301
-180	-912	-169
-255	-986	-154
-292	-1033	-247
-225	-928	-239
-264	-817	-138
-389	-836	-175
-505	-976	-365
-551	-1060	-360
-500	-1071	-189
-461	-943	-49
-458	-842	-264
-436	-833	-369
-569	-1160	-441
-517	-1010	-440
-388	-919	-920
-377	-711	-818
-391	-607	-669
-503	-857	-584
-545	-832	-552
-457	-780	-712
-423	-668	-634
-456	-916	-584
-429	-826	-586
-449	-672	-616
-468	-749	-729
-497	-681	-709
-505	-721	-576
-456	-841	-440
-532	-832	-457
-543	-945	-449
-564	-943	-412
-561	-1020	-308
-532	-945	-212
-461	-967	-58
-464	-1068	76
-385	-961	176
-361	-1105	268
-321	-1114	342
-228	-1034	246
-356	-1360	311
-416	-999	355
-255	-1017	211
-93	-527	236
147	-244	73
339	201	-128
425	199	273
51	-669	628
-572	-2048	423
-1807	-1433	508
-1176	-1549	1180
-205	-816	743
81	-853	552
227	-736	177
481	-245	292
691	398	563
599	-530	894
-1154	-1464	100
-1400	-2048	399
-292	-801	531
481	254	296
687	-52	254
-490	-1135	831
-903	-2048	-119
-401	-1589	96
-41	-1021	415
80	-976	304
38	-1103	211
-7	-1169	280
17	-1113	281
19	-1017	195
7	-989	158
8	-1009	151
7	-1026	199
38	-1017	214
92	-1039	259
104	-1032	288
150	-977	220
143	-1168	396
32	-1330	598
76	-1175	625
179	-1037	627
156	-1111	683
207	-980	639
296	-889	531
372	-877	489
472	-740	500
481	-724	504
412	-658	608
321	-580	603
243	-653	703
179	-605	775
131	-615	727
65	-489	737
142	-525	672
151	-753	486
239	-969	340
308	-1105	24
432	-1165	-17
551	-1116	219
569	-1151	280
451	-984	487
460	-601	393
540	-676	-136
707	-921	-343
796	-1000	-276
595	-769	374
363	-866	531
427	-887	286
375	-985	428
480	-866	500
518	-741	519
476	-772	639
411	-616	659
632	-402	412
884	-296	24
728	-378	-135
588	-392	7
505	-775	-237
527	-1431	-602
748	-1256	-711
860	-1101	-397
247	-664	254
276	-993	-541
684	-985	-1055
708	-676	-173
519	-836	-636
328	-709	-356
519	-868	-488
656	-938	-389
856	-1085	-320
1027	-743	-20
591	-36	216
619	-193	62
687	-161	-336
679	207	-1016
847	-1777	-1516
627	-978	-761
648	-528	-733
694	-549	-434
558	-817	-456
519	-807	-680
630	-900	-418
608	-909	-148
395	-292	-13
96	-1125	-244
200	-905	-124
251	-415	295
523	-973	48
504	-1149	552
608	-1066	446
663	-989	444
407	-1032	-92
433	-800	-650
575	-1009	-698
584	-992	-473
780	-1064	-815
243	-1160	153
327	-639	248
423	-1088	-421
135	-1119	-385
17	-994	-224
24	-482	-127
484	-693	-900
927	-1088	-1069
808	-1328	-740
649	-1113	-351
588	-816	-168
505	-364	-264
491	-332	-175
377	-784	-88
348	-961	-193
368	-928	-437
440	-866	-457
611	-884	-592
595	-858	-616
504	-847	-578
480	-869	-561
438	-813	-357
478	-753	-301
520	-709	-386
534	-713	-473
492	-729	-460
479	-813	-425
435	-893	-456
379	-961	-424
400	-1066	-493
399	-1049	-497
376	-1015	-525
335	-993	-569
259	-921	-545
215	-845	-477
239	-808	-452
280	-829	-497
288	-940	-560
252	-1005	-549
235	-1004	-517
207	-1040	-552
184	-1010	-540
137	-925	-500
147	-848	-520
188	-825	-533
195	-847	-543
176	-865	-520
203	-905	-548
211	-928	-537
214	-938	-546
176	-937	-564
134	-921	-605
99	-921	-612
87	-936	-601
88	-954	-623
83	-978	-621
79	-976	-596
83	-936	-601
96	-916	-608
96	-909	-609
95	-893	-602
108	-865	-585
115	-858	-600
115	-882	-594
112	-916	-628
76	-959	-687
31	-909	-663
78	-841	-586
134	-829	-633
161	-840	-668
188	-839	-653
206	-845	-665
195	-817	-633
209	-773	-647
230	-753	-681
259	-745	-744
283	-775	-780
297	-815	-784
296	-836	-764
290	-873	-753
299	-863	-744
310	-808	-720
307	-786	-692
295	-778	-693
279	-793	-720
263	-784	-722
272	-760	-713
283	-756	-709
288	-775	-708
312	-794	-735
320	-817	-748
307	-844	-740
271	-852	-727
259	-824	-714
232	-783	-665
206	-775	-601
178	-799	-560
176	-848	-561
185	-912	-585
207	-921	-615
247	-892	-657
270	-863	-685
278	-834	-676
276	-809	-681
268	-809	-684
257	-813	-685
305	-832	-703
303	-839	-692
313	-818	-698
366	-884	-729
422	-922	-776
539	-924	-657
558	-956	-605
455	-930	-585
300	-922	-516
160	-829	-442
19	-789	-418
-129	-900	-354
-232	-1201	-178
-143	-842	136
392	-1044	-145
592	-1380	-308
356	-1076	-281
112	-858	-624
64	-1132	-584
119	-1245	-317
174	-1184	-285
195	-1186	-253
308	-1025	191
328	-1063	60
316	-1096	-17
271	-904	112
254	-580	415
367	-338	560
407	-313	504
243	-680	408
-8	-737	771
-328	-664	1012
-309	-616	945
32	-780	542
126	-1388	207
-224	-1649	272
-372	-1501	352
-464	-1305	433
-433	-601	411
-565	-601	591
-565	-820	620
-605	-799	376
-672	-665	563
-405	-481	771
163	-441	852
-121	-357	1032
-172	-169	1200
392	-400	855
-201	-157	988
-212	-149	1136
-199	-159	1075
-125	-103	1087
-63	-17	1073
-93	-23	1100
-228	-79	929
-140	-285	940
-114	-285	871
-164	-365	819
-164	-441	647
-127	-792	254
-56	-1162	-1
-143	-1113	-36
-260	-1105	-257
-369	-1224	-560
-248	-1039	-607
-232	-841	-489
-316	-669	-378
-319	-612	-447
-272	-572	-391
-488	-543	-285
-623	-648	-232
-668	-922	-232
-737	-1060	-68
-780	-845	-103
-1049	-625	103
-1114	-24	8
-1162	376	64
-1013	-210	-4
-713	-407	472
-1588	-500	551
-1391	-394	1150
-1498	-900	471
-850	-317	-728
-680	-178	-885
-825	-244	-599
-1077	-276	-164
-1125	-287	-200
-893	-193	-485
-868	-191	-605
-863	-272	-537
-855	-264	-488
-874	-231	-525
-904	-207	-589
-916	-125	-592
-909	-88	-556
-868	-119	-577
-848	-141	-599
-864	-146	-596
-868	-168	-573
-836	-148	-569
-840	-125	-617
-857	-116	-626
-852	-114	-584
-861	-127	-584
-868	-121	-596
-850	-119	-594
-832	-132	-592
-831	-148	-596
-841	-143	-599
-848	-129	-593
-856	-132	-596
-856	-133	-617
-864	-112	-633
-861	-108	-608
-852	-140	-583
-850	-154	-596
-848	-136	-592
-847	-130	-597
-841	-136	-609
-842	-125	-625
-833	-135	-612
-841	-132	-612
-857	-125	-616
-865	-116	-623
-861	-127	-618
-861	-144	-612
-837	-141	-589
-840	-130	-594
-845	-141	-606
4095	4095	4095
676	26	85
