Activity Name: tooth/
UserID: 188541
StartTime: 0
x	y	z
339	-898	435
336	-901	439
339	-892	440
337	-893	439
339	-897	432
344	-895	440
339	-888	438
344	-900	441
339	-889	433
344	-890	432
342	-897	443
342	-900	435
339	-900	435
337	-901	435
342	-903	432
344	-897	435
339	-897	427
348	-900	430
345	-897	433
348	-893	435
344	-898	432
348	-897	440
351	-892	432
356	-888	433
367	-888	440
360	-877	439
376	-880	443
383	-871	440
387	-863	441
387	-872	449
376	-871	446
360	-879	433
352	-893	428
359	-893	430
372	-884	430
380	-873	431
388	-869	428
394	-871	424
409	-865	426
404	-857	423
408	-864	422
407	-876	414
396	-881	409
387	-884	408
380	-884	391
371	-895	384
364	-905	379
355	-908	363
351	-917	347
350	-925	335
355	-940	332
359	-936	334
355	-945	339
364	-941	332
367	-938	310
359	-933	295
334	-935	280
316	-970	271
323	-1012	272
316	-1009	270
307	-989	278
304	-985	265
312	-994	264
316	-1000	270
304	-993	268
299	-986	252
295	-973	255
296	-964	255
327	-981	264
358	-976	291
366	-940	320
358	-905	334
352	-921	321
355	-927	305
380	-932	315
393	-919	334
408	-866	358
423	-866	364
440	-879	367
440	-903	407
444	-906	416
463	-904	406
475	-857	366
467	-826	376
483	-832	396
496	-818	414
497	-810	432
489	-820	451
497	-841	455
488	-860	467
467	-880	463
423	-897	463
399	-897	467
387	-893	454
371	-887	440
355	-885	436
319	-874	431
295	-863	431
281	-880	440
263	-908	444
241	-914	447
220	-920	442
195	-913	451
179	-912	496
184	-904	524
180	-912	547
182	-922	547
167	-906	519
163	-882	505
142	-872	488
139	-881	488
124	-873	476
87	-856	484
73	-872	519
63	-889	543
71	-924	568
99	-922	574
107	-884	556
120	-850	536
140	-879	527
152	-924	516
175	-953	515
209	-988	551
211	-928	539
168	-861	511
176	-871	489
169	-901	473
175	-948	465
177	-968	479
199	-953	494
223	-932	504
263	-946	531
313	-968	556
332	-911	545
315	-824	531
312	-786	534
311	-778	579
305	-816	591
312	-841	604
299	-824	595
311	-799	568
327	-769	564
339	-735	582
342	-740	627
323	-749	668
307	-744	671
320	-777	691
352	-784	684
351	-759	649
355	-753	624
368	-799	601
382	-823	588
377	-813	568
376	-836	576
376	-834	588
348	-817	600
338	-823	604
327	-820	608
321	-831	615
326	-841	616
326	-836	608
312	-818	600
295	-810	604
264	-801	600
236	-801	604
217	-800	617
203	-804	628
195	-797	636
192	-805	647
204	-831	659
208	-820	652
209	-815	654
204	-817	647
195	-821	632
192	-818	627
199	-829	643
195	-821	673
192	-813	700
196	-825	716
192	-840	726
191	-837	748
176	-832	771
166	-848	796
148	-831	838
108	-810	818
76	-801	788
71	-753	792
87	-818	721
81	-759	712
83	-697	744
73	-704	764
76	-711	780
68	-641	800
43	-605	791
52	-567	825
22	-504	812
-8	-473	774
-13	-466	790
-32	-493	807
-45	-493	823
-84	-501	827
-65	-493	844
-32	-551	880
-32	-602	900
-5	-592	931
-28	-625	903
-88	-601	819
-8	-616	960
120	-625	1104
8	-602	910
-433	-509	376
-356	-461	555
399	-594	1548
84	-727	1070
-993	-625	-224
-287	-392	591
561	-605	1771
72	-919	752
-842	-784	-340
-220	-695	636
492	-925	1831
95	-930	1020
-781	-871	-410
-672	-656	95
339	-866	1644
415	-874	1651
-281	-911	185
-944	-735	-724
-148	-656	500
536	-1034	1766
159	-1063	1216
-568	-1025	-164
-853	-680	-503
83	-791	929
556	-1113	1903
-52	-1124	691
-797	-1000	-658
-596	-668	-135
313	-816	1395
467	-1015	1728
-202	-1101	295
-874	-871	-765
-402	-601	179
392	-793	1651
307	-1056	1494
-340	-1064	72
-897	-745	-708
-217	-616	496
415	-836	1736
231	-968	1283
-388	-1005	-72
-909	-676	-669
-186	-650	599
377	-944	1768
160	-1026	1273
-392	-953	-64
-849	-657	-660
-157	-648	551
408	-985	1710
168	-1079	1217
-433	-953	-200
-829	-668	-601
-39	-721	774
376	-1069	1782
27	-1100	943
-517	-905	-354
-748	-668	-496
7	-741	816
356	-1104	1758
48	-1084	929
-449	-860	-333
-756	-645	-608
-57	-705	723
363	-1172	1856
-15	-1121	904
-725	-852	-708
-632	-644	-360
267	-900	1363
243	-1177	1598
-349	-1025	68
-914	-737	-866
-168	-679	327
488	-986	1852
159	-1060	1161
-576	-909	-632
-940	-653	-662
126	-815	910
742	-1288	1526
278	-1312	588
-650	-803	-473
-1322	-829	-537
-400	-1220	355
948	-1460	1095
835	-1098	611
-214	-724	-97
-1448	-912	-680
-1221	-762	-152
281	-1389	745
1142	-1439	955
198	-928	263
-1192	-858	-482
-1397	-733	-442
-77	-1151	439
1208	-1322	1047
590	-1037	448
-848	-845	-253
-1496	-809	-436
-357	-989	295
1030	-1325	870
908	-1121	582
-377	-817	-16
-1481	-977	-421
-880	-969	124
515	-939	783
985	-991	880
76	-1016	359
-1161	-1021	-429
-1151	-865	-296
-113	-1168	527
1031	-1216	1174
367	-1002	379
-989	-874	-514
-1160	-969	-400
-213	-1097	335
1073	-1217	1033
588	-1188	460
-781	-917	-489
-1301	-865	-639
-400	-1042	56
952	-1273	931
718	-1239	643
-552	-980	-272
-1293	-946	-714
-577	-921	-80
647	-1332	820
943	-1257	825
-178	-881	-74
-1273	-1004	-712
-897	-938	-269
371	-1149	550
1104	-1196	927
135	-1049	215
-1049	-996	-424
-977	-834	-272
127	-1031	380
1148	-1348	969
507	-1021	444
-856	-969	-410
-1293	-864	-544
-209	-933	159
1134	-1321	1105
881	-1202	775
-418	-973	-196
-1437	-972	-705
-620	-823	-64
919	-1284	1007
1065	-1296	856
-104	-922	-24
-1349	-1031	-716
-906	-817	-232
531	-1183	740
1140	-1321	1020
100	-1010	272
-1181	-961	-580
-1145	-721	-422
127	-1088	494
1103	-1396	1046
430	-1053	312
-772	-967	-388
-1273	-820	-557
-413	-874	46
863	-1344	967
812	-1225	660
-98	-954	35
-1180	-1122	-573
-962	-841	-244
372	-1092	643
993	-1364	743
230	-1033	214
-1039	-1127	-473
-1142	-813	-399
-28	-985	355
1136	-1367	894
619	-1151	311
-623	-944	-264
-1368	-925	-509
-554	-761	-13
827	-1325	711
998	-1289	615
-122	-932	-29
-1357	-1049	-633
-1058	-784	-282
350	-1188	519
1144	-1365	734
348	-1017	161
-868	-996	-394
-1289	-840	-477
-296	-964	124
953	-1340	799
702	-1265	451
-319	-925	-146
-1231	-938	-592
-828	-861	-183
399	-1248	558
1051	-1396	727
264	-1053	104
-996	-1065	-576
-1231	-759	-474
-149	-1034	299
999	-1434	830
571	-1202	323
-552	-972	-125
-1396	-817	-506
-776	-612	-192
446	-1261	439
1087	-1305	740
192	-1009	136
-1000	-976	-505
-1348	-786	-488
-440	-925	177
728	-1274	824
615	-1245	575
-381	-1049	-80
-1357	-928	-621
-912	-804	-180
134	-1209	503
886	-1316	855
236	-1012	188
-863	-855	-447
-1277	-841	-442
-468	-1044	88
771	-1204	852
785	-1199	627
-240	-973	-20
-1296	-985	-500
-1060	-757	-212
-2	-1073	221
1019	-1220	819
432	-1168	300
-644	-936	-228
-1404	-933	-500
-717	-832	-130
534	-1221	505
995	-1332	771
48	-1053	67
-1144	-975	-584
-1197	-828	-300
-244	-1064	207
876	-1287	691
588	-1224	320
-377	-888	-96
-1368	-943	-528
-928	-793	-237
185	-1151	264
1091	-1319	836
243	-1056	156
-980	-916	-548
-1346	-893	-441
-463	-1044	72
784	-1157	615
726	-1143	348
-108	-1015	-26
-532	-1033	-15
-519	-852	96
-442	-761	116
-391	-881	24
-362	-968	-50
-388	-1048	-64
-359	-1188	-177
-276	-1407	-218
-232	-1488	-336
-109	-1442	-359
31	-893	-164
212	-8	275
-29	-448	56
-505	-2033	-561
-423	-1636	-153
24	-656	287
259	-111	467
-148	-1167	-242
-473	-2048	-372
-164	-1076	227
183	7	556
-8	-436	212
-336	-2048	-362
-285	-1610	-79
79	-337	440
163	60	604
-104	-1460	-196
-392	-2048	-303
-196	-957	227
123	-82	665
70	-476	348
-205	-2048	-500
-349	-1540	-258
-138	-626	335
102	-177	796
-122	-1029	-73
-480	-1953	-669
-349	-1000	-57
-57	-482	514
-45	-423	615
-288	-1809	-338
-482	-1669	-397
-256	-575	275
-52	-132	649
-185	-1104	-98
-365	-2048	-489
-269	-1005	48
-97	-288	528
-121	-416	428
-253	-1785	-305
-394	-1693	-296
-248	-711	196
-106	-289	561
-173	-762	310
-369	-1969	-392
-334	-1154	-74
-193	-447	340
-157	-293	499
-231	-1416	-153
-388	-1796	-328
-280	-879	184
-154	-377	638
-167	-543	463
-290	-1855	-385
-442	-1498	-284
-301	-656	304
-204	-381	649
-244	-684	368
-353	-1994	-421
-372	-1296	-93
-269	-421	456
-213	-186	648
-223	-1079	167
-349	-2048	-320
-272	-968	136
-160	-95	568
-205	-313	483
-223	-1801	-140
-301	-1655	-120
-241	-658	352
-149	-101	676
-164	-885	276
-237	-2048	-249
-161	-1145	126
-97	-343	487
-143	-413	455
-72	-1402	33
-141	-2001	-164
-64	-841	238
-29	-208	524
-60	-466	436
-93	-2048	-224
-196	-1680	-157
-89	-516	339
43	-122	761
36	-1005	14
-141	-2048	-418
-106	-1303	-48
6	-405	326
-16	-344	460
-33	-1436	-202
-113	-1969	-324
-77	-1001	115
-36	-177	551
10	-391	464
33	-2048	-386
-119	-1769	-344
-114	-786	211
-69	-28	604
-61	-536	227
-36	-2048	-413
-40	-1460	-72
-68	-735	312
-106	-177	579
-90	-852	126
-56	-2048	-376
-45	-1265	-16
-93	-480	372
-160	-121	555
-66	-1135	44
-71	-2048	-257
-48	-1109	96
-97	-449	378
-183	-242	508
-73	-1386	-32
-84	-1992	-241
-64	-865	163
-69	-420	435
-153	-400	407
-146	-1599	-217
-160	-1796	-264
-128	-921	164
-15	-225	638
-109	-445	456
-153	-2048	-394
-196	-1721	-280
-138	-729	167
-71	-232	526
-133	-591	227
-202	-1901	-409
-281	-1512	-205
-177	-665	280
-87	-288	627
-130	-777	233
-226	-2048	-528
-245	-1338	-186
-141	-356	479
-103	-239	632
-88	-1457	-168
-224	-2048	-485
-205	-889	104
-144	-217	590
-170	-433	391
-109	-1908	-344
-201	-1761	-285
-169	-705	227
-148	-128	577
-153	-628	232
-132	-2048	-378
-177	-1380	-61
-101	-496	327
-153	-340	415
-200	-1058	39
-194	-1981	-316
-125	-1042	78
-104	-404	455
-231	-528	375
-215	-1482	-114
-196	-1793	-320
-121	-776	143
-144	-385	459
-273	-615	220
-233	-1960	-345
-226	-1483	-122
-189	-628	304
-173	-92	584
-185	-868	88
-225	-2048	-448
-247	-1249	-45
-209	-569	307
-173	-183	543
-160	-952	118
-194	-2048	-397
-196	-1225	-28
-164	-455	343
-157	-165	492
-145	-1131	28
-188	-2048	-302
-180	-1073	112
-151	-437	387
-201	-368	410
-127	-1341	-56
-141	-2048	-305
-154	-937	134
-148	-153	551
-189	-434	348
-96	-2004	-269
-156	-1578	-113
-143	-609	272
-177	-212	455
-204	-759	169
-111	-2048	-312
-143	-1279	-5
-116	-458	396
-201	-292	435
-180	-1097	38
-137	-2048	-240
-148	-1096	131
-136	-408	409
-226	-429	399
-160	-1416	11
-143	-1896	-162
-141	-928	156
-127	-316	400
-189	-413	368
-121	-1655	-60
-172	-1697	-104
-170	-791	220
-157	-268	457
-196	-500	305
-85	-1949	-132
-156	-1545	8
-113	-633	313
-168	-400	361
-200	-890	211
-135	-2048	-205
-136	-1168	39
-141	-402	380
-178	-183	492
-95	-1412	-9
-148	-2048	-226
-185	-1017	124
-137	-241	473
-116	-225	476
-72	-1682	-117
-185	-1900	-200
-194	-873	184
-125	-213	494
-135	-465	355
-89	-1879	-162
-181	-1672	-84
-165	-672	240
-114	-241	455
-145	-724	240
-144	-2048	-184
-185	-1344	24
-167	-584	271
-125	-245	537
-106	-900	214
-119	-2048	-77
-161	-1217	47
-137	-456	236
-104	-225	472
-45	-1281	145
-130	-2048	-41
-141	-985	163
-90	-337	361
-153	-260	380
-88	-1232	60
-84	-2048	28
-104	-1015	270
-96	-282	414
-137	-340	412
-49	-1392	51
-79	-2048	-84
-97	-973	204
-89	-402	404
-132	-252	476
-95	-1327	23
-84	-2048	-93
-88	-1183	182
-93	-317	446
-121	-136	472
-64	-1378	-13
-80	-2048	-96
-104	-1170	166
-121	-404	399
-125	-89	489
-41	-1224	7
-68	-2048	-162
-105	-1147	163
-119	-557	376
-113	-156	502
-55	-1044	99
-49	-2048	-168
-106	-1236	120
-113	-500	335
-113	-168	451
-53	-1039	104
-57	-2048	-144
-127	-1108	104
-157	-460	328
-95	-402	505
-56	-1197	124
-89	-1969	-196
-114	-1117	75
-93	-540	423
-89	-392	563
-93	-1237	84
-136	-1904	-132
-129	-1085	100
-144	-589	262
-151	-328	392
-113	-991	143
-105	-1975	-151
-65	-1380	56
-85	-380	448
-101	-101	620
-1	-1192	41
-36	-2048	-270
-88	-1277	121
-98	-425	511
-88	-44	572
24	-1234	28
-16	-2048	-197
-90	-1090	158
-89	-383	412
-93	-276	446
36	-1233	64
-77	-1977	-218
-157	-993	7
-109	-604	264
-176	-512	476
-168	-1137	176
-255	-2048	-221
-242	-1143	-45
-116	-441	351
-90	-346	464
-120	-1194	-16
-194	-2009	-301
-188	-993	92
-108	-424	412
-141	-509	400
-116	-1360	40
-136	-1847	-114
-111	-788	203
-69	-439	387
-125	-660	315
-95	-1608	-2
-136	-1695	-55
-57	-594	315
-37	-313	473
-104	-761	291
-57	-1922	-141
-100	-1585	-55
-47	-518	404
-42	-199	595
-60	-956	231
-81	-2048	-264
-138	-1165	39
-92	-464	408
-49	-336	577
-25	-1060	240
-119	-2048	-265
-137	-1188	7
19	-520	400
79	-413	568
39	-1021	199
-77	-2048	-168
-76	-1250	75
-28	-263	391
39	-178	540
46	-1332	58
-89	-2048	-96
-100	-1114	203
43	-338	419
240	-292	472
307	-1121	124
248	-1568	-130
177	-1385	-10
140	-1322	175
-52	-1186	174
-429	-1188	107
-593	-796	393
-561	-800	455
-208	-912	282
511	-848	267
779	-973	300
211	-913	347
-777	-930	239
-1197	-797	222
-385	-1008	227
929	-1216	385
827	-992	191
-429	-889	160
-1529	-1009	179
-1008	-1000	182
534	-1175	28
1139	-1215	175
319	-836	263
-1234	-874	-210
-1552	-743	-185
-565	-1049	-317
887	-1514	41
750	-1277	139
-447	-721	-153
-1554	-754	-554
-1012	-857	-493
376	-1276	-285
908	-1276	-189
-105	-825	-157
-1369	-692	-481
-1132	-676	-354
-32	-1098	-496
904	-1416	-269
315	-961	-125
-1016	-737	-530
-1354	-605	-512
-385	-871	-429
779	-1372	-320
582	-1256	-72
-525	-810	-305
-1401	-500	-735
-753	-658	-450
363	-1393	-284
919	-1325	-121
-33	-861	-328
-1295	-708	-737
-1212	-532	-461
-208	-1033	-380
792	-1461	-136
468	-1072	-215
-765	-728	-687
-1282	-493	-680
-589	-692	-400
371	-1337	-256
651	-1357	20
-175	-873	-360
-1298	-632	-918
-1025	-496	-512
-157	-1130	-436
696	-1505	0
332	-1080	-169
-778	-788	-767
-1296	-520	-776
-612	-693	-409
312	-1313	-189
615	-1248	-72
-57	-857	-356
-1170	-748	-856
-1133	-529	-564
-336	-912	-372
624	-1400	-39
531	-1197	-76
-386	-912	-468
-1429	-632	-924
-960	-493	-490
36	-1284	-265
783	-1359	96
240	-897	-226
-935	-740	-706
-1391	-529	-720
-623	-789	-392
335	-1488	-144
694	-1417	6
-36	-1040	-188
-1073	-1047	-474
-1066	-749	-261
-103	-714	70
576	-980	83
22	-1124	54
-1133	-1029	-125
-1072	-749	92
-186	-986	67
776	-1252	227
412	-986	209
-802	-889	-168
-1485	-796	-232
-657	-909	55
679	-1273	307
766	-1236	143
-96	-913	63
-1447	-900	-317
-1185	-871	24
56	-1081	180
996	-1268	179
486	-929	119
-716	-788	-168
-1456	-802	-442
-666	-970	-265
702	-1390	48
617	-1338	-10
-156	-852	-125
-1271	-730	-601
-1213	-737	-512
-188	-1086	-374
931	-1449	-8
556	-1085	-196
-633	-808	-568
-1389	-600	-593
-776	-769	-317
281	-1398	-265
809	-1245	-146
70	-909	-328
-1228	-792	-695
-1249	-585	-452
-360	-977	-408
790	-1433	-52
623	-1089	-149
-548	-857	-472
-1501	-712	-642
-823	-685	-276
236	-1319	-232
947	-1234	-36
192	-905	-244
-1220	-905	-669
-1186	-581	-341
-329	-881	-249
368	-1282	-106
286	-1300	-214
8	-1201	-26
-124	-1160	147
-314	-985	231
-204	-1021	408
-69	-905	496
-93	-612	316
-200	238	127
-353	521	-495
60	-1177	-1057
-261	-2048	-2048
-40	-136	-2048
1136	2047	-272
1127	846	1528
480	-208	1011
327	-308	387
86	-1145	83
-160	-1549	-177
-120	-1377	-164
-53	-817	-36
20	-711	115
70	-737	212
35	-781	289
36	-922	408
188	-1172	532
64	-1194	305
-205	-844	135
-765	-711	27
-720	-786	115
-18	-1216	412
575	-1312	492
211	-1015	180
-424	-865	44
-1117	-832	-80
-765	-799	-13
209	-1233	380
591	-1277	399
124	-975	48
-761	-953	-125
-1261	-832	-106
-625	-983	-2
591	-1341	326
864	-1101	192
-16	-973	-93
-1381	-1037	-330
-1245	-820	-79
-253	-1191	4
942	-1324	332
655	-1017	67
-484	-960	-237
-1505	-903	-306
-852	-784	-84
166	-1351	35
932	-1300	288
344	-1127	15
-882	-1106	-191
-1288	-1042	-109
-380	-793	304
686	-936	320
536	-1048	232
-569	-976	152
-1188	-857	244
-648	-940	403
444	-1085	371
750	-1064	272
102	-943	319
-1124	-986	31
-1429	-884	15
-275	-997	291
974	-1193	536
720	-989	340
-457	-980	67
-1580	-1063	-121
-872	-828	230
432	-1066	375
881	-1215	275
180	-904	200
-1273	-1081	-178
-1264	-961	96
-141	-1079	302
918	-1140	287
571	-980	206
-569	-989	6
-1418	-975	-140
-701	-957	163
504	-1073	305
767	-1085	147
200	-924	111
-396	-991	16
-528	-831	-16
-424	-769	83
-436	-1007	51
-425	-1090	31
-392	-1072	-40
-327	-1177	-169
-319	-1266	-292
-328	-1320	-425
-149	-1025	-266
-252	-1300	-477
-303	-1161	-415
-145	-701	-160
137	-201	126
3	-482	81
-372	-1444	-365
-567	-1824	-288
-186	-944	108
175	-352	224
71	-520	8
-282	-1568	-356
-420	-1828	-135
-116	-1060	76
255	-394	232
243	-476	243
-64	-1200	-233
-516	-2048	-518
-193	-1140	70
193	-548	394
257	-481	297
-25	-1077	-250
-496	-1882	-479
-314	-1232	-42
147	-504	391
344	-377	457
43	-1168	-313
-504	-1912	-717
-287	-1181	-98
-50	-589	323
57	-266	487
-207	-1304	-180
-528	-1869	-609
-226	-864	-8
54	-516	406
-7	-647	247
-351	-1647	-556
-450	-1465	-520
-121	-729	195
99	-468	500
-66	-937	-50
-441	-1924	-765
-317	-1176	-200
-25	-522	376
65	-388	435
-180	-1357	-319
-439	-1901	-665
-160	-936	24
108	-367	504
19	-601	280
-290	-1853	-536
-308	-1573	-350
-52	-708	161
44	-316	359
-55	-765	115
-264	-2025	-500
-247	-1317	-217
-24	-530	227
12	-409	375
-68	-909	94
-337	-1949	-473
-215	-1247	-127
62	-621	236
156	-456	368
12	-1038	7
-288	-2048	-400
-189	-1197	-39
30	-453	350
97	-369	455
-72	-1279	-154
-309	-2018	-365
-173	-1117	24
38	-365	305
97	-356	345
-53	-1322	-105
-340	-2008	-319
-224	-1128	-37
96	-385	329
275	-530	380
167	-1113	22
60	-1501	-228
83	-1338	-112
118	-1322	51
-149	-1328	-42
-493	-1199	87
-589	-829	358
-545	-793	307
-135	-724	308
497	-817	295
743	-981	358
271	-1000	423
-533	-952	374
-991	-722	440
-624	-889	387
287	-1023	371
809	-968	278
415	-904	313
-416	-977	252
-1069	-967	167
-845	-1021	51
143	-1145	120
696	-1320	22
222	-1060	-16
-658	-1031	-49
-1241	-945	-74
-656	-797	-49
515	-1202	-121
720	-1209	-125
-16	-994	-29
-1088	-994	-143
-1156	-693	-84
-465	-919	-285
583	-1335	-68
638	-1145	-60
-77	-938	-148
-1128	-919	-288
-1265	-743	-137
-424	-946	-207
543	-1376	-89
607	-1344	-117
-49	-1117	-106
-1013	-1076	-148
-1145	-876	-106
-119	-738	113
743	-1026	167
342	-1122	89
-615	-1007	135
-1128	-809	147
-601	-932	176
480	-1101	179
835	-1184	158
238	-1079	243
-1181	-968	-61
-1416	-745	100
-388	-1057	209
911	-1152	238
960	-1032	112
56	-864	56
-1288	-929	-273
-1284	-887	-104
-240	-1197	102
671	-1471	-13
457	-1169	-109
-306	-928	-173
-1172	-842	-330
-935	-756	-168
-40	-1025	-85
647	-1312	-92
423	-1156	-121
-465	-863	-265
-1304	-708	-338
-921	-828	-210
-40	-1258	-261
902	-1360	-10
388	-1029	-168
-676	-856	-344
-1274	-689	-232
-810	-823	-226
120	-1241	-265
774	-1283	-108
243	-973	-153
-946	-901	-378
-1264	-676	-232
-657	-873	-266
353	-1344	-215
761	-1309	-145
48	-1192	-210
-912	-1197	-188
-1156	-869	-82
-370	-657	115
544	-967	86
519	-1056	96
-314	-1080	159
-1088	-848	232
-826	-773	211
-21	-1012	120
783	-1207	127
511	-1069	211
-373	-1069	163
-1325	-935	-16
-863	-791	167
25	-1029	71
719	-1184	179
408	-1122	188
-298	-1031	110
-1137	-977	-68
-932	-900	71
-121	-1020	143
564	-1133	153
355	-1028	43
-113	-1005	1
-306	-1013	120
-321	-1032	176
-327	-1081	104
-281	-1079	78
-196	-1049	44
-84	-1031	62
35	-977	159
95	-980	243
99	-1036	271
112	-1034	311
102	-1026	336
89	-1017	326
79	-1012	332
80	-1023	327
103	-996	322
108	-970	316
124	-961	329
150	-980	351
156	-973	353
168	-981	363
161	-970	372
144	-978	359
145	-994	361
152	-980	371
152	-969	359
155	-968	355
148	-972	348
136	-978	342
127	-991	352
124	-997	359
120	-1007	371
120	-993	367
115	-994	367
103	-1005	380
84	-1015	385
52	-1034	372
-2	-1041	344
7	-1005	348
-4	-996	312
-9	-920	312
-20	-906	279
-45	-897	264
-95	-969	195
-89	-967	184
-184	-945	115
-252	-1082	54
-257	-999	48
-261	-1025	24
-264	-1032	-113
-250	-1032	-169
-237	-1036	-184
-240	-1033	-205
-234	-1037	-205
-197	-985	-185
-178	-1018	-200
-196	-993	-228
-297	-1100	-346
-317	-1097	-349
-327	-1060	-341
-277	-1017	-330
-121	-800	-132
-68	-656	-49
-160	-801	-29
-196	-937	-74
-285	-1272	-312
-287	-1240	-328
-208	-1039	-232
-156	-991	-141
-169	-936	-87
-144	-799	24
-217	-1017	-169
-224	-1066	-226
-196	-1040	-201
-200	-1053	-198
-217	-1025	-157
-233	-1015	-146
-217	-973	-120
-199	-932	-116
-208	-988	-175
-196	-961	-130
-194	-948	-144
-184	-989	-157
-191	-991	-180
-181	-984	-217
-189	-1031	-241
-185	-1057	-221
-164	-1018	-209
-148	-1025	-196
-144	-1017	-189
-157	-1041	-207
-157	-1056	-217
-152	-1034	-201
-140	-1001	-180
-128	-1012	-193
-120	-1017	-185
-114	-1000	-164
-128	-1016	-146
-151	-1044	-167
-154	-1032	-144
-158	-1005	-130
-186	-1017	-129
-205	-1005	-144
-189	-1009	-164
-145	-984	-173
-128	-1021	-210
-120	-1028	-217
-127	-1049	-185
-125	-1087	-185
-149	-1180	-217
-160	-1185	-177
-145	-1028	-76
-141	-868	-8
-194	-842	-21
-269	-788	-44
-280	-881	-129
-249	-1060	-210
-193	-1058	-168
-175	-1032	-162
-189	-1031	-177
-196	-1049	-162
-225	-1066	-185
-264	-1073	-170
-258	-1015	-120
-249	-977	-104
-269	-1007	-106
-296	-989	-89
-312	-925	-79
-308	-888	-97
-273	-863	-135
-274	-873	-162
-325	-874	-205
-407	-922	-297
-356	-964	-241
-280	-968	-260
-232	-1060	-289
-185	-1103	-312
-180	-1103	-304
-173	-1055	-200
-146	-1026	-144
-137	-1016	-221
-106	-945	-290
-96	-893	-320
-112	-897	-333
-129	-909	-309
-149	-961	-298
-168	-993	-301
-181	-1010	-321
-184	-1020	-329
-197	-1012	-336
-202	-1009	-359
-202	-994	-338
-196	-973	-330
-189	-962	-369
-200	-943	-362
-208	-927	-356
-209	-940	-370
-202	-913	-381
-189	-904	-391
-178	-917	-385
-154	-948	-365
-168	-961	-372
-191	-964	-380
-208	-968	-392
-217	-962	-385
-232	-967	-377
-228	-964	-381
-201	-938	-381
-189	-928	-393
-189	-930	-397
-180	-946	-373
-175	-953	-365
-170	-945	-360
-185	-940	-375
-185	-930	-370
-186	-929	-372
-193	-930	-369
-192	-932	-369
-178	-946	-372
-188	-962	-377
-197	-970	-377
-213	-973	-370
-210	-964	-361
-185	-975	-360
-157	-964	-344
-186	-1021	-353
-213	-1050	-360
-225	-1064	-373
-167	-968	-362
-205	-925	-354
-313	-948	-353
-314	-944	-269
-242	-871	-190
-301	-898	-237
-311	-887	-301
-268	-893	-311
-269	-922	-287
-296	-961	-249
-285	-985	-208
-247	-1049	-196
-219	-1061	-185
-236	-1012	-205
-273	-946	-255
-306	-847	-272
-336	-794	-301
-305	-874	-245
-265	-993	-225
-250	-1028	-226
-279	-1053	-242
-328	-1044	-298
-332	-985	-290
-301	-842	-244
-313	-829	-296
-305	-880	-241
-289	-1032	-241
-276	-1199	-317
-220	-1082	-281
-240	-959	-256
-215	-649	-108
-217	-601	-105
-244	-884	-241
-306	-1488	-648
-256	-1377	-439
-196	-985	-229
-93	-481	49
-104	-504	14
-220	-1352	-492
-272	-1780	-509
-113	-1063	-144
-32	-500	70
-113	-461	100
-193	-1391	-472
-183	-2024	-434
-116	-1009	-137
27	-84	119
-71	-253	20
-173	-1564	-413
-252	-1944	-349
-177	-876	-45
49	-111	255
48	-601	115
-130	-1824	-488
-272	-1733	-506
-217	-872	-74
131	-116	551
-47	-626	15
-317	-1760	-813
-418	-1480	-525
-233	-820	-52
-72	-480	399
-196	-695	-2
-418	-1860	-906
-368	-1249	-397
-128	-445	255
-97	-305	246
-241	-1189	-504
-389	-1802	-786
-253	-977	-97
-95	-365	288
-168	-500	113
-288	-1663	-629
-393	-1551	-618
-225	-736	-37
-60	-393	364
-205	-746	40
-341	-1820	-781
-308	-1369	-488
-137	-602	123
-82	-274	371
-220	-949	-200
-349	-1997	-824
-255	-1089	-212
-125	-441	273
-141	-388	344
-236	-1208	-317
-353	-1876	-776
-231	-962	-180
-90	-656	227
8	-400	412
-97	-1113	-287
-292	-2000	-722
-194	-1186	-200
-121	-533	180
-42	-260	420
-57	-1012	-170
-260	-2048	-783
-194	-1256	-264
-56	-577	232
51	-253	511
-18	-1021	-185
-244	-2048	-761
-213	-1172	-234
-72	-637	204
31	-305	423
-40	-980	-218
-220	-1976	-764
-258	-1130	-303
-165	-817	48
14	-381	423
-112	-832	-56
-314	-1736	-800
-417	-1341	-583
-237	-724	-34
-48	-481	337
-153	-757	-25
-322	-1668	-837
-400	-1296	-616
-237	-672	28
-73	-449	403
-164	-812	-45
-314	-1737	-866
-341	-1204	-517
-185	-613	140
-138	-584	304
-237	-1001	-189
-333	-1778	-832
-272	-1032	-305
-141	-559	192
-136	-529	284
-213	-964	-167
-308	-1850	-820
-290	-1184	-366
-160	-637	126
-97	-457	375
-199	-898	-100
-277	-1925	-810
-237	-1129	-272
-109	-509	220
-144	-488	262
-193	-1049	-165
-260	-1968	-720
-228	-1105	-250
-153	-532	238
-138	-377	398
-109	-1009	-72
-241	-1964	-690
-255	-1317	-298
-109	-609	180
-31	-313	350
-61	-969	-90
-216	-1991	-580
-200	-1245	-233
-148	-615	137
-96	-437	376
-93	-937	24
-228	-2048	-601
-208	-1279	-273
-121	-529	188
-18	-273	416
-33	-977	-49
-241	-2048	-584
-196	-1241	-148
-121	-641	110
-76	-372	267
-41	-906	12
-216	-1960	-505
-264	-1268	-241
-152	-505	224
-45	-320	439
-58	-1073	-61
-213	-2042	-538
-242	-1168	-226
-104	-564	192
-16	-424	369
-77	-972	-144
-301	-1860	-762
-335	-1178	-264
-178	-660	44
-105	-424	321
-217	-941	-28
-452	-2007	-836
-383	-1168	-360
-81	-416	257
-89	-389	211
-231	-1144	-388
-429	-1908	-833
-274	-1066	-229
-104	-343	281
-77	-452	262
-218	-1344	-360
-434	-1696	-762
-289	-989	-216
-77	-487	318
-49	-509	275
-185	-1193	-361
-432	-1789	-765
-280	-909	-52
-64	-528	313
-56	-740	91
-50	-1119	-217
-31	-1332	-369
-20	-1311	-228
-85	-1229	-58
-258	-1261	-45
-476	-1186	-57
-495	-912	80
-436	-869	195
-290	-869	251
-44	-959	227
231	-904	233
355	-921	272
112	-941	359
-292	-828	376
-884	-765	350
-789	-844	255
-17	-1044	319
711	-1153	379
319	-1069	270
-393	-1068	230
-1052	-898	204
-820	-823	67
159	-988	217
736	-1170	326
368	-968	224
-480	-999	-50
-1120	-984	-189
-770	-893	-65
177	-1236	142
688	-1273	65
177	-959	-125
-599	-920	-228
-1204	-893	-316
-701	-852	-272
419	-1348	-61
883	-1192	-25
140	-821	-340
-916	-968	-453
-1176	-834	-186
-597	-983	-272
508	-1360	-178
649	-1135	-225
27	-856	-228
-981	-1005	-416
-1181	-746	-320
-480	-951	-287
519	-1192	-61
392	-989	-306
-39	-817	-260
-301	-1145	-168
-311	-1161	-113
-257	-1056	-161
-215	-1060	-175
-193	-1170	-185
-148	-1133	-108
-29	-857	151
63	-810	320
174	-828	567
182	-773	598
176	-805	632
188	-785	752
159	-767	695
152	-801	719
158	-780	726
166	-784	705
163	-781	686
159	-799	667
147	-804	647
150	-778	700
152	-807	694
147	-820	668
150	-824	731
120	-813	723
105	-804	688
83	-792	675
80	-784	639
78	-807	655
83	-812	679
84	-800	676
78	-816	700
65	-813	691
65	-829	684
60	-829	668
60	-844	670
63	-833	680
63	-836	682
72	-823	691
73	-800	667
75	-813	662
72	-808	658
55	-813	654
48	-802	659
35	-800	639
24	-797	614
38	-781	670
60	-781	691
72	-847	707
95	-839	760
108	-852	816
71	-839	764
51	-829	734
49	-796	732
33	-788	695
44	-761	684
36	-737	707
28	-776	716
12	-744	756
-9	-788	783
-32	-810	755
-58	-757	748
-39	-732	736
-37	-700	734
-47	-658	743
-41	-677	743
-52	-709	747
-66	-706	760
-77	-699	766
-69	-666	783
-47	-676	803
-47	-709	806
-79	-725	780
-180	-729	688
-167	-749	713
288	-778	1255
336	-625	1159
-221	-601	400
-994	-669	-248
-167	-677	903
620	-703	1964
92	-682	836
-826	-756	-433
-426	-714	182
668	-919	2047
510	-769	1584
-453	-809	-248
-696	-729	-357
96	-793	1052
515	-964	1976
175	-848	1112
-800	-761	-464
-724	-573	-252
240	-961	1486
561	-948	1976
-77	-753	376
-877	-704	-801
-301	-738	419
415	-1009	1967
201	-881	1380
-532	-815	-135
-911	-650	-564
-58	-840	928
528	-1076	2047
79	-881	911
-778	-660	-682
-650	-644	-197
324	-889	1519
358	-717	1451
-185	-469	456
-809	-629	-157
-932	-900	-208
-253	-1485	204
868	-1540	863
633	-1172	348
-292	-791	-216
-1256	-823	-392
-960	-951	-37
159	-1361	419
1031	-1375	449
366	-860	-18
-583	-793	-192
-1424	-853	-308
-729	-980	-66
812	-1452	476
972	-1357	273
-21	-809	-57
-1320	-865	-353
-1320	-880	-269
70	-1226	140
1345	-1485	527
480	-945	-58
-824	-773	-304
-1440	-797	-269
-433	-975	67
1016	-1449	431
787	-1273	249
-405	-857	-47
-1553	-919	-436
-876	-919	-114
462	-1288	352
1084	-1241	423
204	-937	-7
-1148	-801	-215
-1385	-868	-165
-333	-1087	164
924	-1236	556
761	-1135	265
-576	-877	-72
-1469	-848	-217
-887	-1058	76
355	-1265	364
1027	-1121	422
136	-937	-52
-1048	-866	-153
-1328	-936	-92
-426	-1101	108
822	-1239	628
835	-1207	230
-242	-752	-74
-1337	-855	-281
-1101	-935	-36
36	-1193	344
960	-1288	704
390	-1044	71
-711	-764	-170
-1349	-929	-230
-637	-1112	107
571	-1210	614
844	-1125	430
-37	-916	-68
-1148	-944	-304
-1207	-885	-85
-253	-1156	152
891	-1247	728
609	-1076	307
-449	-848	-207
-1375	-937	-378
-936	-941	-96
200	-1204	345
1084	-1305	704
307	-1023	46
-928	-861	-369
-1417	-888	-330
-608	-925	-20
647	-1209	540
835	-1293	459
-90	-903	-98
-1284	-840	-449
-1191	-897	-228
-218	-1121	105
976	-1303	691
611	-1165	179
-452	-813	-226
-1450	-953	-466
-1028	-911	-113
47	-1113	236
792	-1129	449
360	-1053	115
-264	-976	31
-562	-977	-13
-596	-932	-89
-528	-834	-52
-457	-853	14
-441	-1031	-50
-380	-1208	-200
-322	-1433	-428
-244	-1511	-516
-32	-1010	-178
243	-272	232
60	-397	88
-325	-1316	-640
-524	-1842	-578
-216	-977	39
113	-308	316
51	-514	72
-228	-1585	-596
-343	-1860	-413
-173	-908	103
107	-177	380
31	-586	63
-210	-1740	-657
-341	-1641	-388
-205	-800	60
-39	-272	335
-180	-578	-24
-340	-1689	-748
-415	-1562	-464
-221	-748	48
-24	-271	412
-165	-812	-144
-365	-1965	-840
-369	-1232	-362
-144	-465	209
-116	-416	228
-244	-1257	-466
-400	-1909	-800
-265	-943	-127
-74	-202	464
-149	-472	131
-288	-1744	-800
-365	-1519	-580
-215	-708	84
-97	-354	412
-193	-754	-77
-322	-1892	-813
-313	-1236	-400
-189	-532	199
-159	-378	403
-221	-1033	-202
-353	-1922	-752
-226	-1101	-226
-93	-500	182
-116	-413	206
-232	-1325	-410
-292	-1818	-479
-200	-877	-40
-89	-295	327
-116	-612	179
-268	-1764	-537
-247	-1596	-381
-217	-848	-13
-97	-250	412
-146	-732	38
-311	-1904	-565
-261	-1284	-264
-217	-837	-32
-117	-300	331
-138	-653	56
-287	-1781	-676
-253	-1192	-272
-193	-793	96
-33	-509	398
-121	-904	-49
-325	-1834	-584
-295	-1172	-194
-132	-636	145
-7	-500	286
-168	-1137	-356
-392	-1785	-706
-249	-1045	-221
-151	-640	153
-97	-399	352
-239	-1149	-365
-492	-1804	-823
-336	-1005	-193
-149	-543	215
-138	-377	220
-274	-1088	-487
-469	-1842	-885
-330	-1015	-176
-146	-407	326
-185	-405	190
-264	-1218	-500
-357	-1929	-786
-249	-1074	-200
-136	-321	319
-221	-457	200
-285	-1317	-436
-340	-1849	-685
-175	-845	-98
-57	-322	316
-111	-575	111
-260	-1673	-600
-308	-1593	-400
-144	-733	6
7	-441	240
-65	-706	102
-268	-1693	-527
-336	-1649	-488
-176	-889	-72
75	-239	337
14	-605	163
-264	-1785	-584
-340	-1612	-484
-176	-770	-64
100	-370	335
107	-825	92
56	-1236	-280
-20	-1242	-266
3	-1145	-84
19	-1209	-65
-23	-1250	-105
-65	-1228	-113
-95	-1090	-80
-95	-1116	-71
-55	-916	96
17	-829	294
70	-812	409
135	-857	476
193	-777	588
212	-737	650
235	-775	671
241	-813	657
252	-848	655
255	-853	663
238	-821	646
222	-810	632
215	-831	620
220	-845	615
220	-852	603
230	-849	608
231	-839	608
227	-832	592
235	-815	604
232	-780	592
233	-820	566
233	-900	584
224	-877	600
206	-893	627
190	-879	600
178	-850	563
172	-855	563
179	-877	568
188	-869	571
199	-868	591
206	-871	591
203	-847	583
201	-852	566
196	-845	572
179	-834	516
169	-873	511
175	-904	527
184	-889	536
192	-901	569
177	-877	534
158	-845	532
175	-1056	419
159	-1034	403
167	-989	447
155	-1082	451
140	-1063	487
104	-984	484
91	-992	526
78	-976	551
46	-868	560
48	-813	599
39	-797	622
28	-781	601
14	-735	599
3	-737	623
7	-753	652
-1	-804	713
-37	-786	724
-138	-781	686
-281	-836	524
-61	-733	799
303	-772	1121
259	-776	892
-417	-738	100
-580	-605	327
132	-685	1556
171	-672	1406
-338	-737	204
-665	-741	-109
-194	-634	759
363	-749	1926
51	-770	1182
-524	-759	-258
-495	-596	62
119	-607	1620
113	-697	1662
-313	-733	344
-663	-737	-301
-196	-508	812
207	-684	2047
-15	-704	1328
-527	-831	-268
-592	-669	-303
81	-674	1459
225	-737	2047
-200	-714	511
-697	-805	-589
-276	-633	456
272	-793	2047
86	-772	1384
-612	-749	-401
-618	-753	-381
175	-776	1350
448	-740	1865
52	-599	691
-719	-633	-295
-1009	-1116	-226
28	-1333	935
1059	-1231	1505
544	-898	576
-441	-912	-31
-1356	-1053	-231
-697	-872	388
584	-957	1158
927	-1060	977
88	-722	316
-1137	-925	-268
-1223	-1005	-89
-29	-996	792
1031	-1050	1359
496	-937	577
-589	-817	-8
-1426	-1103	-207
-511	-1028	448
723	-975	1129
879	-926	840
-217	-845	422
-1245	-900	4
-1008	-776	131
224	-872	575
983	-1033	736
203	-877	254
-897	-916	-63
-1378	-1088	-95
-520	-1077	62
785	-1241	472
844	-1272	446
-279	-872	60
-1361	-841	-249
-1040	-900	-4
-36	-1177	156
943	-1128	446
353	-1056	44
-367	-821	28
-562	-832	79
-545	-804	30
-544	-823	-37
-450	-818	-116
-357	-1100	-344
-393	-1293	-423
-232	-1177	-274
-284	-1412	-525
-184	-1181	-512
-215	-1271	-623
-205	-1117	-409
19	-317	63
102	44	184
-210	-1104	-482
-537	-2048	-754
-308	-1121	-168
35	-308	231
167	-284	248
-127	-1424	-486
-529	-2033	-706
-297	-1020	-128
184	-181	415
172	-605	204
-303	-1768	-788
-514	-1585	-620
-175	-736	56
31	-263	368
-151	-872	-173
-552	-1869	-871
-385	-1104	-205
-23	-412	376
-21	-461	209
-394	-1748	-844
-520	-1434	-592
-208	-569	204
-16	-252	447
-162	-1186	-429
-512	-1844	-980
-325	-921	-97
-42	-335	451
-80	-604	88
-361	-1850	-863
-449	-1397	-524
-264	-551	86
41	-264	430
-65	-1017	-186
-434	-1921	-762
-349	-1176	-346
16	-364	150
177	-620	227
121	-1136	-116
19	-1620	-520
-34	-1485	-308
-92	-1252	-136
-445	-1335	-180
-648	-788	183
-623	-751	248
-436	-793	216
176	-793	152
892	-884	371
534	-953	454
-344	-951	312
-1304	-905	199
-895	-657	398
199	-813	376
849	-1204	225
332	-1256	68
-765	-911	-174
-1325	-1040	-152
-605	-1048	56
676	-1247	148
624	-1141	-114
-520	-949	-263
-1321	-865	-306
-792	-885	-4
455	-1253	97
651	-1156	-149
-97	-876	-89
-1154	-840	-252
-1121	-712	-338
377	-1300	108
696	-1261	-77
-13	-893	-322
-1063	-839	-369
-1248	-861	-441
-41	-1082	-53
828	-1353	76
163	-1009	-241
-994	-872	-434
-1293	-773	-493
-237	-953	-225
864	-1325	159
366	-1025	-172
-1028	-924	-633
-1319	-712	-472
-316	-968	-218
880	-1316	63
508	-1069	-132
-805	-1056	-561
-937	-801	-319
-148	-1039	-26
48	-996	-141
56	-976	-268
-89	-1344	-197
-154	-1060	41
-140	-893	143
-42	-985	359
25	-737	584
63	-692	668
108	-665	743
150	-688	851
144	-669	828
124	-637	856
145	-549	903
115	-545	894
110	-452	961
169	-456	968
119	-173	1063
131	-159	1084
123	-116	1060
118	-57	1080
112	-104	1067
107	-82	1056
108	-66	1048
120	-60	1048
147	16	1100
150	49	1089
108	12	1080
76	-36	1043
33	-53	1011
31	-57	1008
51	-20	1040
71	22	1063
83	15	1072
81	-7	1057
75	-5	1056
71	-8	1055
84	-13	1070
81	-8	1076
71	-12	1056
67	-8	1049
56	-26	1049
48	-42	1043
38	-49	1043
35	-42	1063
46	-47	1084
48	-52	1078
36	-68	1086
38	-68	1078
35	-66	1068
33	-85	1060
32	-89	1068
44	-82	1099
54	-73	1103
33	-97	1116
22	-151	1155
-15	-191	1070
-64	-71	998
-90	-472	856
-149	-665	760
-146	-697	675
-209	-869	550
-264	-826	510
-322	-840	483
-413	-839	455
-501	-842	339
-541	-781	335
-128	-385	478
318	103	960
560	-170	1068
743	-346	1068
627	95	926
552	-493	679
310	-548	384
863	-893	1227
676	-845	974
438	-260	624
527	-64	544
808	-636	937
814	-1023	816
419	-481	524
575	-320	529
604	-284	899
665	-921	831
454	-437	483
686	-429	519
593	-370	388
819	-881	908
472	-530	494
608	-441	430
711	-410	828
720	-1053	584
816	-800	550
1006	-1001	555
951	-791	436
787	-688	147
412	-720	167
140	-640	47
-56	-724	103
-119	-689	220
-153	-665	216
-26	-850	142
127	-1021	30
204	-968	-121
412	-1081	-266
615	-1055	-376
588	-1001	-564
608	-897	-639
508	-877	-672
479	-752	-762
428	-712	-784
315	-735	-796
302	-628	-784
260	-588	-792
243	-576	-856
275	-497	-865
248	-420	-868
270	-425	-881
318	-540	-959
350	-552	-961
352	-516	-1000
352	-476	-945
372	-522	-948
259	-453	-810
223	-545	-968
190	-465	-1034
207	-525	-997
214	-637	-909
216	-665	-772
199	-724	-584
168	-820	-452
102	-826	-476
75	-860	-476
63	-869	-450
59	-857	-421
71	-895	-409
88	-879	-386
100	-961	-317
124	-961	-376
126	-1089	-346
89	-1085	-365
30	-1081	-292
-18	-1135	-181
-95	-1056	-141
-61	-943	110
22	-913	140
103	-1106	286
216	-889	446
209	-925	478
183	-944	444
150	-860	482
124	-858	488
115	-919	462
63	-921	448
56	-912	398
40	-951	409
32	-938	455
46	-946	476
88	-975	505
100	-965	524
80	-941	500
86	-937	492
92	-925	480
67	-890	428
44	-893	423
31	-932	419
30	-978	414
40	-992	424
48	-965	419
51	-944	412
71	-945	416
86	-956	430
88	-967	433
94	-993	441
95	-993	435
92	-1005	446
97	-1013	448
112	-1025	454
99	-988	447
70	-991	455
65	-1023	451
72	-1028	430
78	-1012	428
86	-1002	432
103	-964	423
92	-913	409
79	-905	424
84	-903	415
112	-928	409
111	-945	433
95	-952	451
86	-969	473
96	-980	505
104	-956	519
107	-928	529
102	-890	527
94	-871	534
78	-868	536
68	-872	527
60	-865	526
47	-861	521
39	-865	516
27	-868	511
7	-873	504
-1	-901	519
7	-897	523
3	-895	523
3	-901	531
-1	-916	534
7	-919	527
8	-929	527
15	-945	528
35	-946	527
47	-957	531
96	-975	559
135	-951	556
148	-889	567
121	-815	558
83	-808	560
49	-861	553
47	-929	556
55	-944	544
39	-917	527
31	-889	536
30	-893	532
48	-912	540
57	-914	543
60	-887	536
48	-873	521
59	-903	521
76	-913	527
79	-916	531
67	-905	527
67	-909	516
63	-919	511
76	-932	521
79	-930	518
70	-928	519
63	-930	505
65	-938	508
59	-932	504
56	-932	492
52	-928	479
51	-928	472
51	-937	479
56	-938	494
71	-951	502
86	-956	503
91	-928	492
86	-901	486
63	-916	475
51	-944	463
63	-962	463
59	-964	465
71	-975	467
96	-960	476
99	-952	476
86	-959	479
71	-964	487
62	-956	481
57	-948	482
49	-937	472
38	-940	464
38	-936	464
32	-936	470
24	-948	481
39	-957	484
31	-945	497
25	-932	515
39	-925	531
56	-919	528
80	-916	547
88	-904	556
84	-881	575
78	-871	579
78	-873	580
87	-865	582
89	-847	587
103	-840	593
110	-831	611
113	-817	633
135	-825	675
156	-816	716
152	-789	744
140	-777	754
99	-775	732
88	-797	711
99	-805	712
132	-808	718
167	-784	716
179	-735	699
152	-682	670
79	-697	673
33	-727	670
-23	-752	675
-57	-784	683
-47	-841	695
-12	-861	691
9	-800	691
-16	-732	664
-10	-733	668
35	-800	672
47	-836	678
46	-852	675
44	-832	664
28	-848	647
28	-900	635
52	-945	671
116	-928	700
123	-865	691
103	-829	675
83	-829	659
71	-847	659
68	-847	670
87	-813	679
83	-768	688
62	-728	687
34	-735	687
-9	-769	681
-31	-807	679
-36	-826	684
-32	-832	689
-13	-805	694
3	-776	688
24	-765	688
31	-784	706
28	-794	716
28	-810	707
27	-808	698
28	-800	696
30	-805	695
35	-802	694
35	-804	696
41	-802	695
38	-807	691
39	-805	697
35	-813	696
35	-809	696
35	-810	679
44	-804	686
39	-791	694
30	-800	689
33	-808	692
35	-808	691
36	-800	686
39	-796	688
35	-800	686
44	-810	689
55	-813	687
60	-804	692
64	-801	699
65	-793	699
73	-797	694
70	-797	692
64	-800	695
63	-800	694
62	-799	696
64	-797	702
64	-800	697
65	-797	697
63	-797	691
64	-794	686
64	-800	689
67	-800	699
60	-792	702
63	-801	708
70	-808	702
64	-796	700
64	-797	695
63	-799	691
67	-797	688
70	-799	696
73	-802	696
71	-793	696
65	-800	695
60	-804	689
59	-805	686
70	-800	691
73	-791	695
79	-800	687
79	-800	688
70	-802	683
73	-809	678
68	-807	684
76	-798	688
78	-802	689
75	-813	680
71	-813	687
71	-810	687
76	-810	679
72	-813	683
71	-808	682
68	-807	684
67	-812	679
65	-809	681
63	-810	667
68	-820	675
73	-810	675
67	-797	675
67	-808	675
70	-815	675
71	-810	675
73	-816	679
79	-823	681
78	-816	674
75	-815	679
79	-820	679
76	-812	670
72	-818	670
75	-818	671
71	-813	673
76	-825	668
76	-824	671
73	-808	671
71	-823	668
68	-828	671
71	-820	679
72	-817	671
70	-817	672
67	-815	675
67	-818	670
67	-808	671
72	-809	664
71	-807	664
67	-818	675
54	-831	691
47	-829	684
63	-829	671
87	-825	652
94	-802	648
78	-797	656
44	-815	663
31	-840	679
46	-845	684
60	-834	663
75	-813	651
78	-797	659
63	-817	668
44	-837	675
35	-842	676
48	-841	679
62	-817	664
78	-809	655
94	-807	652
92	-804	663
60	-808	678
49	-829	684
59	-852	691
72	-839	679
80	-808	671
92	-794	663
87	-794	659
83	-820	678
71	-832	688
62	-831	694
63	-820	688
65	-808	680
64	-804	671
79	-810	663
92	-797	659
79	-776	673
71	-793	679
62	-813	694
76	-820	680
88	-808	679
91	-797	670
79	-808	671
78	-817	676
83	-825	671
87	-820	668
76	-808	664
79	-815	672
84	-808	681
79	-802	683
68	-802	681
56	-804	662
40	-817	659
48	-845	649
54	-865	652
71	-860	643
4095	4095	4095
1646	77	85
